lokasi,nama_komoditas,2017-12-01,2017-12-02,2017-12-03,2017-12-04,2017-12-05,2017-12-06,2017-12-07,2017-12-08,2017-12-09,2017-12-10,2017-12-11,2017-12-12,2017-12-13,2017-12-14,2017-12-15,2017-12-16,2017-12-17,2017-12-18,2017-12-19,2017-12-20,2017-12-21,2017-12-22,2017-12-23,2017-12-24,2017-12-25,2017-12-26,2017-12-27,2017-12-28,2017-12-29,2017-12-30,2017-12-31
"Pasar Baru","Beras Medium",0,0,0,0,0,10000,10000,10000,0,0,12654,0,10000,10000,10000,0,0,11000,11000,11000,11000,11000,0,0,0,0,11000,11000,11000,0,0
"Pasar Baru","Cabe Merah",0,0,0,0,0,60000,60000,60000,0,0,44219,0,60000,60000,60000,0,0,60000,60000,60000,60000,60000,0,0,0,0,50000,50000,50000,0,0
"Pasar Baru","Bawang Merah",0,0,0,0,0,27000,30000,30000,0,0,32457,0,30000,30000,30000,0,0,30000,30000,30000,30000,30000,0,0,0,0,30000,30000,30000,0,0
"Pasar Baru","Daging Ayam Ras",0,0,0,0,0,34000,34000,34000,0,0,32722,0,34000,34000,34000,0,0,38000,38000,38000,38000,38000,0,0,0,0,35000,35000,35000,0,0
"Pasar Baru","Telur Ayam Ras",0,0,0,0,0,24000,24000,24000,0,0,20531,0,24000,24000,24000,0,0,25000,25000,25000,25000,25000,0,0,0,0,26000,26000,26000,0,0
"Pasar Baru","Daging Sapi",0,0,0,0,0,120000,120000,0,0,0,111490,0,0,0,0,0,0,0,12000,12000,12000,0,0,0,0,0,12000,0,0,0,0
"Pasar Baru","Minyak Goreng",0,0,0,0,0,15000,15000,15000,0,0,14330,0,15000,15000,15000,0,0,15000,12000,12000,12000,15000,0,0,0,0,12000,15000,15000,0,0
"Pasar Baru","Gula Pasir",0,0,0,0,0,13000,13000,13000,0,0,13374,0,13000,13000,13000,0,0,13000,13000,13000,13000,13000,0,0,0,0,13000,13000,13000,0,0
"Pasar Baru",Kentang,0,0,0,0,0,16000,16000,16000,0,0,14616,0,15000,15000,15000,0,0,17000,17000,17000,17000,17000,0,0,0,0,17000,17000,17000,0,0
"Pasar Baru",Kedelai,0,0,0,0,0,11000,11000,11000,0,0,11512,0,11000,11000,11000,0,0,11000,11000,11000,11000,11000,0,0,0,0,11000,11000,11000,0,0
"Pasar Baru","Tepung Terigu",0,0,0,0,0,7500,7500,7500,0,0,7534,0,7500,7500,7500,0,0,7500,7500,7500,7500,7500,0,0,0,0,7500,7500,7500,0,0
"Pasar Baru","Bawang Putih",0,0,0,0,0,22000,22000,22000,0,0,31203,0,30000,30000,30000,0,0,30000,22000,22000,22000,30000,0,0,0,0,22000,30000,22000,0,0
"Pasar Baru","Cabe Keriting",0,0,0,0,0,50000,50000,50000,0,0,39119,0,50000,50000,50000,0,0,50000,50000,50000,50000,50000,0,0,0,0,45000,45000,45000,0,0
"Pasar Baru","Cabe Rawit",0,0,0,0,0,25000,25000,25000,0,0,53506,0,30000,30000,30000,0,0,50000,50000,50000,30000,50000,0,0,0,0,60000,60000,60000,0,0
"Pasar Baru","Kacang Tanah",0,0,0,0,0,28000,28000,28000,0,0,26909,0,28000,28000,28000,0,0,28000,28000,28000,28000,28000,0,0,0,0,28000,28000,28000,0,0
"Pasar Baru","Ubi Kayu",0,0,0,0,0,32000,32000,32000,0,0,3379,0,3000,3000,3000,0,0,3000,3000,3000,3000,3000,0,0,0,0,3000,3000,3000,0,0
"Pasar Baru","Ubi Jalar",0,0,0,0,0,0,0,0,0,0,0,0,0,0,0,0,0,0,0,0,0,0,0,0,0,0,0,0,0,0,0
"Pasar Baru",Jagung,0,0,0,0,0,10000,10000,10000,0,0,8445,0,10000,10000,10000,0,0,10000,10000,10000,10000,10000,0,0,0,0,10000,10000,10000,0,0
"Pasar Baru","Ikan Olahan",0,0,0,0,0,70000,70000,70000,0,0,57141,0,70000,70000,70000,0,0,70000,70000,70000,70000,70000,0,0,0,0,0,70000,70000,0,0
"Pasar Baru","Beras Premium",0,0,0,0,0,0,0,0,0,0,0,0,0,0,0,0,0,0,0,0,0,0,0,0,0,0,0,0,0,0,0
"Pasar Baru","Minyak Goreng Curah",0,0,0,0,0,12000,12000,12000,0,0,11541,0,12000,12000,12000,0,0,12000,12000,12000,12000,12000,0,0,0,0,12000,12000,12000,0,0
"Pasar Baru","Daging Ayam Kampung",0,0,0,0,0,75000,75000,75000,0,0,65449,0,75000,75000,75000,0,0,75000,75000,75000,75000,75000,0,0,0,0,75000,75000,75000,0,0
"Pasar Baru","Telur Ayam Kampung",0,0,0,0,0,45000,45000,45000,0,0,45342,0,45000,45000,45000,0,0,45000,45000,45000,45000,45000,0,0,0,0,45000,45000,45000,0,0
"Pasar Baru","Susu Kental Manis Merk Bendera",0,0,0,0,0,11000,11000,11000,0,0,10978,0,11000,11000,11000,0,0,11000,11000,11000,11000,11000,0,0,0,0,11000,11000,11000,0,0
"Pasar Baru","Susu Kental Manis Merk Indomilk",0,0,0,0,0,9500,9500,9500,0,0,9635,0,9500,9500,9500,0,0,9500,9500,9500,9500,9500,0,0,0,0,9500,9500,9500,0,0
"Pasar Baru","Garam Beryodium Bata",0,0,0,0,0,3000,3000,3000,0,0,1608,0,3000,3000,3000,0,0,3000,3000,3000,3000,3000,0,0,0,0,3000,3000,3000,0,0
"Pasar Baru","Garam Beryodium Halus",0,0,0,0,0,32000,32000,32000,0,0,6478,0,12000,12000,12000,0,0,12000,12000,12000,12000,12000,0,0,0,0,12000,12000,12000,0,0
"Pasar Baru","Tepung Terigu Cakra Kembar",0,0,0,0,0,0,8000,8000,0,0,7916,0,8000,8000,8000,0,0,8000,0,0,8000,8000,0,0,0,0,8000,8000,8000,0,0
"Pasar Baru","Tepung Terigu Kunci",0,0,0,0,0,7500,7500,7500,0,0,7665,0,7500,7500,7500,0,0,7500,7500,7500,7500,7500,0,0,0,0,7500,7500,7500,0,0
"Pasar Baru","Mie Instan",0,0,0,0,0,2500,2500,2500,0,0,2248,0,2500,2500,2500,0,0,2500,2500,2500,2500,2500,0,0,0,0,2500,2500,2500,0,0
"Pasar Baru","Cabe Rawit Hijau",0,0,0,0,0,28000,28000,28000,0,0,39131,0,30000,30000,30000,0,0,30000,30000,30000,30000,30000,0,0,0,0,30000,40000,40000,0,0
"Pasar Baru","Kacang Hijau",0,0,0,0,0,22000,22000,22000,0,0,21440,0,22000,22000,22000,0,0,22000,22000,22000,22000,22000,0,0,0,0,22000,22000,22000,0,0
"Pasar Baru","Susu Bubuk Dancow",0,0,0,0,0,36000,36000,36000,0,0,35875,0,36000,36000,36000,0,0,36000,36000,36000,36000,36000,0,0,0,0,36000,36000,36000,0,0
"Pasar Baru","Susu Bubuk Indomilk",0,0,0,0,0,33500,33500,33500,0,0,33009,0,33500,33500,33500,0,0,33500,33500,33500,33500,33500,0,0,0,0,33500,33500,33500,0,0
"Pasar Baru","Ikan Kembung",0,0,0,0,0,40000,40000,40000,0,0,32482,0,40000,40000,40000,0,0,40000,40000,40000,40000,40000,0,0,0,0,40000,40000,40000,0,0
