lokasi,nama_komoditas,2014-04-01,2014-04-02,2014-04-03,2014-04-04,2014-04-05,2014-04-06,2014-04-07,2014-04-08,2014-04-09,2014-04-10,2014-04-11,2014-04-12,2014-04-13,2014-04-14,2014-04-15,2014-04-16,2014-04-17,2014-04-18,2014-04-19,2014-04-20,2014-04-21,2014-04-22,2014-04-23,2014-04-24,2014-04-25,2014-04-26,2014-04-27,2014-04-28,2014-04-29,2014-04-30
"Pasar Sederhana","Beras Medium",10500,0,9500,9500,9500,9500,0,0,9500,9500,0,9500,9500,0,0,9000,9000,9000,9000,0,0,0,9000,9000,9000,9000,9000,0,0,9000
"Pasar Sederhana","Cabe Merah",37000,0,24000,24000,24000,24000,0,0,24000,24000,0,24000,24000,0,0,24000,24000,24000,24000,0,0,0,24000,24000,24000,24000,24000,0,0,22000
"Pasar Sederhana","Bawang Merah",32000,0,16000,16000,16000,16000,0,0,16000,16000,0,16000,16000,0,0,20000,20000,20000,20000,0,0,0,20000,18000,18000,18000,18000,0,0,18000
"Pasar Sederhana","Daging Ayam Ras",28000,0,28000,28000,28000,28000,0,0,28000,28000,0,28000,28000,0,0,28000,28000,28000,28000,0,0,0,28000,29000,29000,29000,29000,0,0,29000
"Pasar Sederhana","Telur Ayam Ras",17000,0,15000,15000,15000,15000,0,0,15000,15000,0,15000,15000,0,0,15000,15000,15000,15000,0,0,0,15000,15000,15000,15000,15000,0,0,16000
"Pasar Sederhana","Daging Sapi",98000,0,98000,98000,98000,98000,0,0,98000,98000,0,98000,98000,0,0,98000,98000,98000,98000,0,0,0,98000,98000,98000,98000,98000,0,0,98000
"Pasar Sederhana","Minyak Goreng",14500,0,13000,13000,13000,13000,0,0,13000,13000,0,13000,13000,0,0,13000,13000,13000,13000,0,0,0,13000,14000,14000,14000,14000,0,0,14000
"Pasar Sederhana","Gula Pasir",11000,0,12000,12000,12000,12000,0,0,12000,12000,0,12000,12000,0,0,11000,11000,11000,11000,0,0,0,11000,11000,11000,11000,11000,0,0,11000
"Pasar Sederhana",Kentang,11000,0,14000,14000,14000,14000,0,0,14000,14000,0,14000,14000,0,0,11000,11000,11000,11000,0,0,0,11000,11000,11000,11000,11000,0,0,11000
"Pasar Sederhana",Kedelai,12000,0,12000,12000,12000,12000,0,0,12000,12000,0,12000,12000,0,0,12000,12000,12000,12000,0,0,0,12000,12000,12000,12000,12000,0,0,12000
"Pasar Sederhana","Tepung Terigu",8000,0,7500,7500,7500,7500,0,0,7500,7500,0,7500,7500,0,0,7500,7500,7500,7500,0,0,0,7500,7500,7500,7500,7500,0,0,7500
"Pasar Sederhana","Bawang Putih",18000,0,15000,15000,15000,15000,0,0,15000,15000,0,15000,15000,0,0,16000,16000,16000,16000,0,0,0,16000,15000,15000,15000,15000,0,0,15000
"Pasar Sederhana","Cabe Keriting",22000,0,24000,24000,24000,24000,0,0,24000,24000,0,24000,24000,0,0,24000,24000,24000,24000,0,0,0,24000,24000,24000,24000,24000,0,0,20000
"Pasar Sederhana","Cabe Rawit",38000,0,80000,80000,80000,80000,0,0,80000,80000,0,80000,80000,0,0,70000,70000,70000,70000,0,0,0,70000,60000,60000,60000,60000,0,0,35000
"Pasar Sederhana","Kacang Tanah",22000,0,18000,18000,18000,18000,0,0,18000,18000,0,18000,18000,0,0,18000,18000,18000,18000,0,0,0,18000,18000,18000,18000,18000,0,0,18000
"Pasar Sederhana","Ubi Kayu",4000,0,4000,4000,4000,4000,0,0,4000,4000,0,4000,4000,0,0,4000,4000,4000,4000,0,0,0,4000,4000,4000,4000,4000,0,0,4000
"Pasar Sederhana","Ubi Jalar",0,0,0,0,0,0,0,0,0,0,0,0,0,0,0,0,0,0,0,0,0,0,0,0,0,0,0,0,0,0
"Pasar Sederhana",Jagung,7000,0,7000,7000,7000,7000,0,0,7000,7000,0,7000,7000,0,0,7000,7000,7000,7000,0,0,0,7000,7000,7000,7000,7000,0,0,7000
"Pasar Sederhana","Ikan Olahan",70000,0,70000,70000,70000,70000,0,0,70000,70000,0,70000,70000,0,0,70000,70000,70000,70000,0,0,0,70000,70000,70000,70000,70000,0,0,70000
"Pasar Sederhana","Beras Premium",0,0,0,0,0,0,0,0,0,0,0,0,0,0,0,0,0,0,0,0,0,0,0,0,0,0,0,0,0,0
"Pasar Sederhana","Minyak Goreng Curah",11000,0,13000,13000,13000,13000,0,0,13000,13000,0,13000,13000,0,0,13000,13000,13000,13000,0,0,0,13000,12000,13000,13000,13000,0,0,12000
"Pasar Sederhana","Daging Ayam Kampung",0,0,0,0,0,0,0,0,0,0,0,0,0,0,0,0,0,0,0,0,0,0,0,0,0,0,0,0,0,0
"Pasar Sederhana","Telur Ayam Kampung",45000,0,46000,46000,46000,46000,0,0,46000,46000,0,46000,46000,0,0,46000,46000,46000,46000,0,0,0,46000,48000,48000,48000,48000,0,0,48000
"Pasar Sederhana","Susu Kental Manis Merk Bendera",9500,0,9500,9500,9500,9500,0,0,9500,9500,0,9500,9500,0,0,9500,9500,9500,9500,0,0,0,9500,9500,9500,9500,9500,0,0,9500
"Pasar Sederhana","Susu Kental Manis Merk Indomilk",0,0,0,0,0,0,0,0,0,0,0,0,0,0,0,0,0,0,0,0,0,0,0,0,0,0,0,0,0,0
"Pasar Sederhana","Garam Beryodium Bata",1000,0,900,900,900,900,0,0,900,900,0,900,900,0,0,900,900,900,900,0,0,0,900,900,900,900,900,0,0,900
"Pasar Sederhana","Garam Beryodium Halus",4000,0,4000,4000,4000,4000,0,0,4000,4000,0,4000,4000,0,0,4000,4000,4000,4000,0,0,0,4000,4000,4000,4000,4000,0,0,4000
"Pasar Sederhana","Tepung Terigu Cakra Kembar",8500,0,8000,8000,8000,8000,0,0,8000,8000,0,8000,8000,0,0,8000,8000,8000,8000,0,0,0,8000,8000,8000,8000,8000,0,0,8000
"Pasar Sederhana","Tepung Terigu Kunci",7500,0,7000,7000,7000,7000,0,0,7000,7000,0,7000,7000,0,0,7500,7500,7500,7500,0,0,0,7500,7500,7500,7500,7500,0,0,7500
"Pasar Sederhana","Mie Instan",0,0,0,0,0,0,0,0,0,0,0,0,0,0,0,0,0,0,0,0,0,0,0,0,0,0,0,0,0,0
"Pasar Sederhana","Cabe Rawit Hijau",20000,0,28000,28000,28000,28000,0,0,28000,28000,0,28000,28000,0,0,36000,36000,36000,36000,0,0,0,36000,36000,36000,36000,36000,0,0,30000
"Pasar Sederhana","Kacang Hijau",0,0,0,0,0,0,0,0,0,0,0,0,0,0,0,0,0,0,0,0,0,0,0,0,0,0,0,0,0,0
"Pasar Sederhana","Susu Bubuk Dancow",0,0,0,0,0,0,0,0,0,0,0,0,0,0,0,0,0,0,0,0,0,0,0,0,0,0,0,0,0,0
"Pasar Sederhana","Susu Bubuk Indomilk",0,0,0,0,0,0,0,0,0,0,0,0,0,0,0,0,0,0,0,0,0,0,0,0,0,0,0,0,0,0
"Pasar Sederhana","Ikan Kembung",0,0,0,0,0,0,0,0,0,0,0,0,0,0,0,0,0,0,0,0,0,0,0,0,0,0,0,0,0,0
