NO,NAMA KECAMATAN,JUMLAH,60-64Thn,65-69Thn,70-74Thn,>75Thn
1,SUKASARI,72458,2929,2246,1605,2137
2,COBLONG,110806,4485,2929,2045,3145
3,BABAKAN CIPARAY,130473,4645,2903,1712,1844
4,BOJONGLOA KALER,121110,4555,2901,1804,2266
5,ANDIR,101976,4054,2822,1922,2674
6,CICENDO,93746,3847,2611,1744,2644
7,SUKAJADI,98999,4045,2715,1751,2370
8,CIDADAP,52092,2075,1373,853,1318
9,BANDUNG WETAN,30958,1517,966,608,1277
10,ASTANA ANYAR,73644,3308,2402,1597,2230
11,REGOL,81756,3432,2538,1762,2325
12,BATUNUNGGAL,116709,4542,2920,1985,2843
13,LENGKONG,71577,3007,2193,1676,2735
14,CIBEUNYING KIDUL,109048,4575,2743,1784,2737
15,BANDUNG KULON,130563,4199,2547,1693,2001
16,KIARACONDONG,122312,4903,3042,1882,2305
17,BOJONGLOA KIDUL,83289,2920,1869,1178,1503
18,CIBEUNYING KALER,67913,2751,1758,1281,1833
19,SUMUR BANDUNG,35538,1526,1033,660,1077
20,ANTAPANI,74010,3853,2150,1031,1064
21,BANDUNG KIDUL,56909,2044,1310,895,1054
22,BUAH BATU,96696,3869,2447,1448,1650
23,RANCASARI,79229,3262,2219,1305,1534
24,ARCAMANIK,70667,2858,1690,970,1245
25,CIBIRU,70201,2296,1337,781,1011
26,UJUNGBERUNG,79600,2800,1733,1076,1364
27,GEDEBAGE,37504,1262,745,493,557
28,PANYILEUKAN,37401,1495,710,386,477
29,CINAMBO,23871,773,476,283,398
30,MANDALAJATI,66341,2516,1450,865,986
