Kecamatan,Kelurahan,Belum/tidak bekerja,Aparatur Pejabat Negara,Tenaga Pengajar,Wiraswasta,Pertanian,Nelayan,Agama dan Kepercayaan,Pelajar dan Mahasiswa,Tenaga Kesehatan,Pensiunan,Pekerja Lainnya
Andir,Campaka,2959,504,143,5773,2,0,12,3959,39,248,3936
Andir,Ciroyom,3434,182,107,6711,0,0,5,4383,20,109,4579
Andir,Dungus Cariang,3264,357,124,6600,2,0,4,4103,29,198,4273
Andir,Garuda,1722,333,82,3548,1,0,1,2311,25,212,2303
Andir,Kebon Jeruk,1795,280,68,4756,0,1,18,2600,28,56,2956
Andir,Maleber,3307,350,136,7071,3,0,8,4373,42,216,4424
Antapani,Antapani Kidul,3800,1710,315,7322,5,1,22,5585,150,1107,4492
Antapani,Antapani Kulon,1689,613,99,3314,3,0,3,2325,48,317,2121
Antapani,Antapani Tengah,3685,1537,301,6860,12,0,7,4674,72,991,4217
Antapani,Antapani Wetan,3023,956,172,5598,9,1,2,4035,93,436,3487
Arcamanik,Cisaranten Bina Harapan,2180,428,87,3593,10,0,3,2430,27,236,2566
Arcamanik,Sindanglaya/Cisantren Endah,3347,884,172,5626,21,1,7,4499,68,321,3697
Arcamanik,Cisaranten Kulon,3885,1048,232,6742,12,0,6,4662,71,469,4288
Arcamanik,Sukamiskin,3302,1540,303,6000,9,1,11,4786,146,737,3971
Astana Anyar,Cibadak,1897,123,95,4873,4,0,5,2843,19,94,3352
Astana Anyar,Karanganyar,844,91,35,2604,1,0,2,1388,14,53,1717
Astana Anyar,Karasak,2116,267,111,4658,3,0,3,2884,20,211,3140
Astana Anyar,Nyengseret,1904,167,46,4269,1,1,4,2552,14,95,2966
Astana Anyar,Panjunan,1199,87,30,2680,1,0,5,1680,8,37,1936
Astana Anyar,Pelindung Hewan,3276,431,113,6560,3,0,5,4515,44,169,4971
Babakan Ciparay,Babakan,5227,287,107,9917,9,1,15,5718,37,130,7583
Babakan Ciparay,Babakan Ciparay,5168,418,115,10431,8,0,16,6450,60,157,7949
Babakan Ciparay,Cirangrang,1745,142,48,3740,3,1,0,2077,35,99,2785
Babakan Ciparay,Margahayu Utara,3524,562,133,7095,8,0,5,4355,50,356,5082
Babakan Ciparay,Margasuka,1916,149,50,3867,4,1,1,2398,15,64,2967
Babakan Ciparay,Sukahaji,4913,256,109,10200,12,1,8,5986,52,102,7778
Bandung Kidul,Batununggal,3141,646,128,5908,6,0,5,4241,70,392,3863
Bandung Kidul,Kujangsari,3711,782,134,6715,10,0,1,4726,63,352,4427
Bandung Kidul,Mengger,1797,264,71,3216,26,1,4,2482,47,86,2236
Bandung Kidul,Wates,1586,142,37,2833,14,2,1,1751,13,59,1743
Bandung Kulon,Caringin,1651,186,82,3230,3,0,6,1948,27,168,2073
Bandung Kulon,Cibuntu,3258,226,151,6359,10,0,8,3929,22,132,4105
Bandung Kulon,Cigondewah Kaler,3759,69,65,6437,24,1,14,4075,14,25,4456
Bandung Kulon,Cigondewah Kidul,1579,33,48,2986,11,1,7,1880,16,18,2182
Bandung Kulon,Cigondewah Rahayu,1880,52,35,3428,4,1,2,2088,11,22,2656
Bandung Kulon,Cijerah,4298,395,181,8567,10,0,5,4924,31,354,5022
Bandung Kulon,Gempolsari,3488,935,255,7005,12,0,7,4689,50,402,3970
Bandung Kulon,Warung Muncang,3941,161,94,7264,11,1,7,4311,23,95,4870
Bandung Wetan,Cihapit,506,225,68,1439,0,0,35,918,77,197,927
Bandung Wetan,Citarum,253,132,49,901,0,0,16,514,56,91,495
Bandung Wetan,Tamansari,3781,645,218,7777,7,0,10,4881,77,422,5057
Batununggal,Binong,3118,458,87,6019,6,0,0,3812,26,246,4136
Batununggal,Cibangkong,2977,509,117,6327,5,0,1,3784,35,310,4023
Batununggal,Gumuruh,3000,681,126,6176,4,0,1,4093,53,472,4113
Batununggal,Kacapiring,1350,361,48,3016,1,0,2,2065,30,243,1969
Batununggal,Kebongedang,1576,306,58,3281,0,0,0,2001,11,219,2190
Batununggal,Kebonwaru,2293,413,65,5059,2,0,1,3232,23,236,3230
Batununggal,Maleer,2749,461,92,5609,2,0,4,3612,23,286,3782
Batununggal,Samoja,2190,418,56,4329,1,0,2,2858,18,147,2880
Bojongloa Kaler,Babakan Asih,2818,181,109,5517,7,0,5,3574,36,108,3998
Bojongloa Kaler,Babakan Tarogong,5029,308,120,9580,6,0,8,6005,42,132,7141
Bojongloa Kaler,Jamika,4842,212,127,9554,14,0,17,5739,23,132,6883
Bojongloa Kaler,Kopo,5227,487,181,9725,12,0,4,6408,52,310,7337
Bojongloa Kaler,Suka Asih,3260,236,130,6282,9,0,10,4188,41,132,4553
Bojongloa Kidul,Cibaduyut,2275,102,21,4055,5,1,3,2762,30,30,2875
Bojongloa Kidul,Cibaduyut Kidul,1754,150,71,2901,2,0,5,1952,18,77,2081
Bojongloa Kidul,Cibaduyut Wetan,1429,78,50,2571,7,1,2,1713,23,27,1811
Bojongloa Kidul,Kebon Lega,4132,532,148,7939,19,2,10,5034,64,284,5434
Bojongloa Kidul,Mekarwangi,1931,107,33,3320,7,1,6,2212,34,32,2464
Bojongloa Kidul,Situsaeur,3638,410,161,7381,13,0,6,4793,63,255,4732
Buahbatu,Cijaura,4112,955,190,8689,14,0,0,6376,65,514,5752
Buahbatu,Jatisari,1274,524,82,2758,2,0,6,2174,63,264,1574
Buahbatu,Margasari,5661,1710,278,11873,31,1,4,8855,116,920,7918
Buahbatu,Sekejati,3835,1741,314,7641,9,0,2,6205,94,757,4504
Cibeunying Kaler,Cigadung,4335,1207,331,9800,11,2,4,7317,112,630,6846
Cibeunying Kaler,Cihaur Geulis,1548,523,138,4224,1,1,5,3138,24,336,2556
Cibeunying Kaler,Neglasari,1349,442,91,2954,1,0,2,2199,29,242,2120
Cibeunying Kaler,Sukaluyu,2146,772,173,5173,6,0,3,3730,53,499,3243
Cibeunying Kidul,Cicadas,2870,1108,120,4638,3,0,0,3454,54,215,3513
Cibeunying Kidul,Cikutra,4028,612,149,7498,3,1,8,4420,42,529,5033
Cibeunying Kidul,Padasuka,3014,431,128,5429,3,0,7,3489,25,247,3971
Cibeunying Kidul,Pasirlayung,4041,763,203,7142,4,0,4,4374,59,492,4443
Cibeunying Kidul,Sukamaju,1693,409,96,3816,3,0,1,2281,22,298,2409
Cibeunying Kidul,Sukapada,3840,748,195,7113,4,0,4,4516,39,381,4714
Cibiru,Pasir Biru,2661,451,230,4825,26,0,0,3557,22,142,3612
Cibiru,Palasari,3606,851,236,6660,62,0,2,4990,53,342,4921
Cibiru,Cisurupan,2150,311,99,3993,102,1,2,2713,11,151,2917
Cibiru,Cipadung,3811,814,248,6933,25,1,2,4976,42,249,4812
Cicendo,Arjuna,1944,279,133,4876,0,0,11,2694,48,232,3354
Cicendo,Husen Sastranegara,2639,606,95,5123,1,0,8,3370,44,156,3926
Cicendo,Pajajaran,4283,706,149,8231,0,0,20,5177,73,285,6096
Cicendo,Pamoyanan,1159,169,87,3001,0,0,23,1507,43,169,1816
Cicendo,Pasir Kaliki,1279,236,81,3292,1,0,15,1733,37,157,2109
Cicendo,Sukaraja,3649,884,190,7348,6,0,11,4975,89,393,5030
Cidadap,Ciumbuleuit,3659,461,166,7174,17,0,26,4417,62,271,5474
Cidadap,Hegarmanah,3103,712,152,6649,5,1,2,4207,65,333,4782
Cidadap,Ledeng,1603,372,167,3274,11,1,4,2291,19,168,2396
Cinambo,Babakan Penghulu,1123,236,46,2326,10,0,3,1448,16,53,1668
Cinambo,Pakemitan,995,741,67,1602,8,0,2,1295,25,131,1315
Cinambo,Sukamulya,873,119,55,1910,4,0,0,1132,6,82,1261
Cinambo,Cisaranten Wetan,923,179,42,1935,4,0,0,1138,9,73,1290
Coblong,Cipaganti,1803,357,53,4067,0,0,1,2570,40,172,2568
Coblong,Dago,5374,1142,316,10652,7,0,2,7369,92,643,7085
Coblong,Lebakgede,1571,298,99,3792,1,0,2,2304,48,245,2173
Coblong,Lebak Siliwangi,623,108,25,1338,3,0,3,846,11,71,897
Coblong,Sadangserang,4237,1034,188,8765,3,1,1,5880,46,619,5283
Coblong,Sekeloa,4450,917,226,8816,5,0,2,5703,83,653,5564
Gedebage,Cimenerang,803,183,31,1253,33,0,1,801,13,16,774
Gedebage,Cisantren Kidul,3404,1050,209,5923,43,1,7,4150,55,595,4203
Gedebage,Rancabolang,1942,551,104,2989,16,0,3,2176,29,94,2007
Gedebage,Rancanumpang,780,354,75,1213,27,0,3,1325,16,69,848
Kiaracondong,Babakansari,5989,1094,226,12268,7,1,1,7939,92,653,9031
Kiaracondong,Babakan Surabaya,3187,395,91,6341,6,0,5,4110,41,224,4890
Kiaracondong,Cicaheum,2628,447,111,5321,3,0,2,3712,37,178,4095
Kiaracondong,Kebon Jayanti,1989,424,70,3928,4,0,2,2753,19,300,3204
Kiaracondong,Kebon Kangkung,1913,380,82,3874,3,1,3,2731,24,260,3224
Kiaracondong,Sukapura,3995,979,172,8331,7,1,0,5568,50,594,6245
Lengkong,Burangrang,1497,246,54,3564,7,0,2,2154,26,174,2318
Lengkong,Cijagra,1633,761,119,3693,0,0,3,2956,125,452,2275
Lengkong,Cikawao,1330,222,55,3133,2,0,3,1919,15,104,2011
Lengkong,Lingkar Selatan,1523,1708,104,2372,5,0,4,2665,78,304,2012
Lengkong,Malabar,1217,211,65,3083,2,0,2,1809,38,159,1918
Lengkong,Paledang,834,135,44,2350,5,0,1,1358,11,80,1480
Lengkong,Turangga,1824,967,189,4379,5,0,7,3564,151,749,2678
Mandalajati,Jatihandap,4419,759,193,8440,7,0,2,4901,46,290,6152
Mandalajati,Karang Pamulang,2914,512,106,5590,2,0,2,3487,43,187,4161
Mandalajati,Pasir Impun,2029,278,72,3848,6,0,0,2349,20,122,3098
Mandalajati,Sindang Jaya,2463,533,121,4402,3,1,1,2725,26,324,3018
Panyileukan,Mekar Mulya,1079,663,110,2035,7,0,4,1582,26,224,1193
Panyileukan,Cipadung Wetan,621,39,7,1134,24,0,2,709,5,22,812
Panyileukan,Cipadung Kulon,2102,654,127,3966,17,0,4,3139,36,204,2712
Panyileukan,Cipadung Kidul,1946,1347,219,3989,7,1,2,4094,39,385,2594
Rancasari,Cipamokolan,3774,1233,203,7251,35,0,8,5408,99,572,4457
Rancasari,Derwati,2847,750,150,5609,58,1,6,4262,47,242,3765
Rancasari,Munjahlega,3378,1430,291,6682,5,0,2,5039,116,1405,4151
Rancasari,Mekarmulya,3044,891,191,5204,31,1,2,4036,62,433,3530
Regol,Ancol,1478,360,88,3993,2,0,4,2736,64,256,2515
Regol,Balonggede,1105,180,50,3223,1,0,2,1800,18,72,1991
Regol,Ciateul,972,376,59,2789,0,0,4,1854,19,153,1597
Regol,Cigereleng,1595,400,97,4193,1,0,9,2664,43,261,2602
Regol,Ciseureuh,2576,460,91,5476,2,1,2,3885,33,225,3746
Regol,Pasirluyu,2569,338,82,5578,6,0,3,3647,30,180,3828
Regol,Pungkur,1027,226,49,2889,1,0,3,1755,22,113,1845
Sukajadi,Cipedes,5177,716,204,9550,10,0,7,6282,60,434,6535
Sukajadi,Pasteur,2799,637,165,5861,5,0,12,3961,113,443,3902
Sukajadi,Sukabungah,3676,709,173,6903,6,0,9,4545,68,448,4782
Sukajadi,Sukagalih,2908,407,129,5922,2,0,9,3707,133,275,4186
Sukajadi,Sukawarna,2334,415,154,4447,6,0,10,2914,83,332,3107
Sukasari,Gegerkalong,3165,1121,297,7013,17,1,2,4987,117,608,5061
Sukasari,Isola,2009,529,227,4022,34,0,4,2764,45,212,2907
Sukasari,Sarijadi,3860,1389,395,8180,14,0,11,5799,138,1090,5352
Sukasari,Sukarasa,1898,322,98,4196,6,0,5,2752,64,184,3134
Sumur Bandung,Babakan Ciamis,1301,335,38,2795,0,0,61,1745,17,85,1702
Sumur Bandung,Braga,924,73,21,2241,1,0,2,1243,19,51,1453
Sumur Bandung,Kebon Pisang,2131,193,62,4305,1,0,8,2532,35,125,2667
Sumur Bandung,Merdeka,1443,1483,73,2207,1,1,9,2371,92,275,1798
Ujung Berung,Cigending,2924,656,165,4833,13,0,4,3578,40,321,3465
Ujung Berung,Pasanggrahan,3614,660,184,5627,86,0,3,4062,55,253,4018
Ujung Berung,Pasir Endah,2666,908,174,4661,11,1,8,3526,55,512,3108
Ujung Berung,Pasirwangi,2903,510,124,4609,52,0,4,3249,30,156,3385
Ujung Berung,Pasirjati,3155,619,142,4903,22,1,8,3484,35,210,3479
