lokasi,nama_komoditas,2016-06-03,2016-06-10,2016-06-17,2016-06-24,2016-06-01,2016-06-02,2016-06-06,2016-06-09,2016-06-13,2016-06-14,2016-06-15,2016-06-16,2016-06-20,2016-06-21,2016-06-22,2016-06-23,2016-06-27,2016-06-28,2016-06-29,2016-06-30,,
Pasar Kiaracondong,Beras Medium,10000,10000,10000,7500,10000,10000,10000,10000,10000,10000,10000,10000,10000,10000,10000,10000,7500,10000,10000,10000,,
Pasar Kiaracondong,Cabe Merah,60000,60000,50000,40000,30000,50000,60000,60000,50000,50000,50000,50000,40000,40000,40000,40000,0,30000,0,70000,,
Pasar Kiaracondong,Bawang Merah,32000,35000,30000,28000,36000,36000,35000,35000,30000,30000,30000,30000,28000,28000,28000,28000,28000,32000,32000,36000,,
Pasar Kiaracondong,Daging Ayam Ras,34000,36000,36000,35000,34000,36000,36000,36000,36000,36000,36000,36000,35000,35000,35000,35000,35000,0,35000,35000,,
Pasar Kiaracondong,Telur Ayam Ras,23000,23000,22000,45000,23000,23000,23000,23000,22000,22000,22000,22000,20000,20000,20000,20000,45000,20000,20000,22000,,
Pasar Kiaracondong,Daging Sapi,125000,125000,125000,125000,120000,120000,130000,125000,125000,125000,125000,125000,125000,125000,125000,125000,125000,125000,125000,125000,,
Pasar Kiaracondong,Minyak Goreng,15000,15000,15000,10000,15000,15000,15000,15000,15000,15000,15000,15000,15000,15000,15000,15000,10000,14000,14000,14000,,
Pasar Kiaracondong,Gula Pasir,15000,15000,16000,2500,15000,15000,15000,15000,16000,16000,16000,16000,16000,16000,16000,16000,2500,17000,0,0,,
Pasar Kiaracondong,Kentang,16000,16000,16000,16000,14000,14000,16000,16000,16000,16000,16000,16000,16000,16000,16000,16000,16000,18000,18000,17000,,
Pasar Kiaracondong,Kedelai,11000,11000,11000,10000,11000,11000,11000,11000,11000,11000,11000,11000,10000,10000,10000,10000,0,11000,11000,11000,,
Pasar Kiaracondong,Tepung Terigu,7000,7000,7000,7000,0,7000,7000,7000,7000,7000,7000,7000,7000,7000,7000,7000,0,7000,7000,7000,,
Pasar Kiaracondong,Bawang Putih,40000,40000,40000,38000,38000,38000,40000,40000,40000,40000,40000,40000,38000,38000,38000,38000,38000,35000,35000,35000,,
Pasar Kiaracondong,Cabe Keriting,20000,30000,20000,20000,15000,35000,40000,30000,20000,20000,20000,20000,20000,20000,20000,20000,20000,20000,20000,20000,,
Pasar Kiaracondong,Cabe Rawit,35000,40000,30000,30000,35000,35000,40000,40000,30000,30000,30000,30000,30000,30000,30000,30000,30000,30000,30000,34000,,
Pasar Kiaracondong,Kacang Tanah,27000,27000,27000,27000,27000,27000,27000,27000,27000,27000,27000,27000,27000,27000,27000,27000,27000,30000,30000,30000,,
Pasar Kiaracondong,Ubi Kayu,5000,5000,5000,5000,5000,5000,5000,5000,5000,5000,5000,5000,5000,5000,5000,5000,5000,5000,5000,5000,,
Pasar Kiaracondong,Ubi Jalar,0,0,0,0,0,0,0,0,0,0,0,0,0,0,0,0,0,0,0,0,,
Pasar Kiaracondong,Jagung,8000,8000,8000,8000,8000,8000,8000,8000,8000,8000,8000,8000,8000,8000,8000,8000,8000,9000,9000,9000,,
Pasar Kiaracondong,Ikan Olahan,60000,60000,60000,60000,60000,60000,60000,60000,60000,60000,60000,60000,60000,60000,60000,60000,60000,60000,60000,60000,,
Pasar Kiaracondong,Beras Premium,0,0,0,0,0,0,0,0,0,0,0,0,0,0,0,0,0,0,0,0,,
Pasar Kiaracondong,Minyak Goreng Curah,12000,12000,12000,12000,12000,12000,12000,12000,12000,12000,12000,12000,12000,12000,12000,12000,12000,0,12000,12000,,
Pasar Kiaracondong,Daging Ayam Kampung,65000,65000,65000,65000,65000,65000,65000,65000,65000,65000,65000,65000,65000,65000,65000,65000,65000,65000,65000,65000,,
Pasar Kiaracondong,Telur Ayam Kampung,45000,45000,45000,45000,45000,45000,45000,45000,45000,45000,45000,45000,45000,45000,45000,45000,45000,45000,45000,45000,,
Pasar Kiaracondong,Susu Kental Manis Merk Bendera,11000,11000,11000,11000,11000,11000,11000,11000,11000,11000,11000,11000,11000,11000,11000,11000,11000,11000,11000,11000,,
Pasar Kiaracondong,Susu Kental Manis Merk Indomilk,10000,10000,10000,10000,10000,10000,10000,10000,10000,10000,10000,10000,10000,10000,10000,10000,10000,10000,10000,10000,,
Pasar Kiaracondong,Garam Beryodium Bata,1000,1000,1000,1000,1000,1000,1000,1000,1000,1000,1000,1000,1000,1000,1000,1000,1000,1000,1000,1000,,
Pasar Kiaracondong,Garam Beryodium Halus,6000,6000,6000,6000,6000,6000,6000,6000,6000,6000,6000,6000,6000,6000,6000,6000,6000,60000,60000,6000,,
Pasar Kiaracondong,Tepung Terigu Cakra Kembar,8000,8000,8000,8000,8000,8000,8000,8000,8000,8000,8000,60000,8000,8000,8000,8000,8000,8000,0,8000,,
Pasar Kiaracondong,Tepung Terigu Kunci,7500,7500,7500,16000,7500,7500,7500,7500,7500,7500,7500,7500,7500,7500,7500,7500,16000,7500,7500,7500,,
Pasar Kiaracondong,Mie Instan,2500,2500,2500,15000,2500,2500,2500,2500,2500,2500,2500,2500,2500,2500,2500,2500,15000,2500,2500,2500,,
Pasar Kiaracondong,Cabe Rawit Hijau,20000,20000,20000,20000,20000,30000,20000,20000,20000,20000,20000,20000,20000,20000,20000,20000,20000,30000,30000,30000,,
Pasar Kiaracondong,Kacang Hijau,23000,22000,22000,22000,23000,23000,22000,22000,22000,22000,22000,22000,22000,22000,22000,22000,0,22000,22000,22000,,
Pasar Kiaracondong,Susu Bubuk Dancow,38300,38300,38300,38300,38300,38300,38300,38300,38300,38300,38300,38300,38300,38300,38300,38300,38300,3830,38300,38300,,
Pasar Kiaracondong,Susu Bubuk Indomilk,34950,34950,34950,34950,34950,34950,34950,34950,34950,34950,34950,34950,34950,34950,34950,34950,34950,34950,34950,34950,,
Pasar Kiaracondong,Ikan Kembung,35000,35000,35000,35000,35000,35000,35000,35000,35000,35000,35000,35000,35000,35000,35000,35000,35000,35000,35000,35000,,
