lokasi,nama_komoditas,2017-12-01,2017-12-02,2017-12-03,2017-12-04,2017-12-05,2017-12-06,2017-12-07,2017-12-08,2017-12-09,2017-12-10,2017-12-11,2017-12-12,2017-12-13,2017-12-14,2017-12-15,2017-12-16,2017-12-17,2017-12-18,2017-12-19,2017-12-20,2017-12-21,2017-12-22,2017-12-23,2017-12-24,2017-12-25,2017-12-26,2017-12-27,2017-12-28,2017-12-29,2017-12-30,2017-12-31
"Pasar Kosambi","Beras Medium",0,0,0,0,10000,10000,10000,10000,0,0,12641,0,10500,10500,10500,0,0,11000,11000,11000,11000,11000,0,0,0,0,11000,11000,11000,0,0
"Pasar Kosambi","Cabe Merah",0,0,0,0,60000,60000,60000,60000,0,0,45033,0,60000,60000,60000,0,0,60000,60000,60000,60000,60000,0,0,0,0,50000,50000,50000,0,0
"Pasar Kosambi","Bawang Merah",0,0,0,0,32000,32000,32000,32000,0,0,32955,0,32000,32000,32000,0,0,32000,32000,32000,32000,32000,0,0,0,0,32000,32000,32000,0,0
"Pasar Kosambi","Daging Ayam Ras",0,0,0,0,34000,34000,34000,34000,0,0,33307,0,38000,38000,38000,0,0,38000,38000,38000,38000,38000,0,0,0,0,37000,37000,0,0,0
"Pasar Kosambi","Telur Ayam Ras",0,0,0,0,24000,24000,24000,24000,0,0,20620,0,24500,24500,24500,0,0,26000,26000,26000,26000,26000,0,0,0,0,25500,25500,25500,0,0
"Pasar Kosambi","Daging Sapi",0,0,0,0,120000,120000,120000,120000,0,0,113726,0,0,0,0,0,0,0,120000,120000,120000,0,0,0,0,0,120000,0,120000,0,0
"Pasar Kosambi","Minyak Goreng",0,0,0,0,15000,15000,15000,15000,0,0,14288,0,15000,15000,15000,0,0,15000,15000,15000,15000,15000,0,0,0,0,15000,15000,15000,0,0
"Pasar Kosambi","Gula Pasir",0,0,0,0,12500,12500,12500,12500,0,0,13425,0,12500,12500,12500,0,0,12500,12500,12500,12500,12500,0,0,0,0,12500,12500,12500,0,0
"Pasar Kosambi",Kentang,0,0,0,0,15000,15000,15000,15000,0,0,14863,0,15000,15000,15000,0,0,15000,15000,15000,15000,15000,0,0,0,0,15000,15000,15000,0,0
"Pasar Kosambi",Kedelai,0,0,0,0,11000,11000,11000,11000,0,0,10951,0,11000,11000,7000,0,0,11000,11000,11000,11000,11000,0,0,0,0,11000,11000,11000,0,0
"Pasar Kosambi","Tepung Terigu",0,0,0,0,7500,7500,7500,7500,0,0,7573,0,7500,7500,12000,0,0,7500,0,7500,7500,7500,0,0,0,0,7500,7500,7500,0,0
"Pasar Kosambi","Bawang Putih",0,0,0,0,30000,30000,30000,30000,0,0,31585,0,30000,30000,30000,0,0,30000,30000,30000,30000,30000,0,0,0,0,30000,30000,30000,0,0
"Pasar Kosambi","Cabe Keriting",0,0,0,0,50000,50000,50000,50000,0,0,40579,0,50000,50000,50000,0,0,50000,50000,50000,50000,50000,0,0,0,0,40000,40000,40000,0,0
"Pasar Kosambi","Cabe Rawit",0,0,0,0,30000,30000,30000,30000,0,0,53521,0,30000,30000,30000,0,0,50000,50000,50000,50000,50000,0,0,0,0,60000,60000,60000,0,0
"Pasar Kosambi","Kacang Tanah",0,0,0,0,28000,28000,28000,28000,0,0,26882,0,28000,28000,28000,0,0,28000,28000,28000,28000,28000,0,0,0,0,28000,28000,28000,0,0
"Pasar Kosambi","Ubi Kayu",0,0,0,0,4000,4000,4000,4000,0,0,4186,0,4000,4000,4000,0,0,4000,4000,4000,4000,4000,0,0,0,0,4000,4000,4000,0,0
"Pasar Kosambi","Ubi Jalar",0,0,0,0,0,0,0,0,0,0,0,0,0,0,0,0,0,0,0,0,0,0,0,0,0,0,0,0,0,0,0
"Pasar Kosambi",Jagung,0,0,0,0,10000,10000,10000,10000,0,0,9368,0,10000,10000,30000,0,0,10000,10000,10000,10000,10000,0,0,0,0,10000,10000,10000,0,0
"Pasar Kosambi","Ikan Olahan",0,0,0,0,0,80000,0,80000,0,0,60263,0,80000,80000,80000,0,0,80000,80000,0,80000,80000,0,0,0,0,80000,80000,80000,0,0
"Pasar Kosambi","Beras Premium",0,0,0,0,0,0,0,0,0,0,0,0,0,0,0,0,0,0,0,0,0,0,0,0,0,0,0,0,0,0,0
"Pasar Kosambi","Minyak Goreng Curah",0,0,0,0,12000,12000,12000,12000,0,0,11816,0,12000,12000,12000,0,0,12000,12000,12000,12000,12000,0,0,0,0,12000,12000,12000,0,0
"Pasar Kosambi","Daging Ayam Kampung",0,0,0,0,75000,75000,75000,75000,0,0,74204,0,75000,75000,75000,0,0,75000,75000,75000,75000,75000,0,0,0,0,75000,75000,75000,0,0
"Pasar Kosambi","Telur Ayam Kampung",0,0,0,0,40000,40000,40000,40000,0,0,39786,0,40000,40000,40000,0,0,40000,40000,40000,40000,40000,0,0,0,0,40000,40000,40000,0,0
"Pasar Kosambi","Susu Kental Manis Merk Bendera",0,0,0,0,10000,10000,10000,10000,0,0,10170,0,10000,10000,10000,0,0,10000,10000,10000,10000,10000,0,0,0,0,10000,10000,10000,0,0
"Pasar Kosambi","Susu Kental Manis Merk Indomilk",0,0,0,0,9500,9500,9500,9500,0,0,9615,0,9500,9500,9500,0,0,9500,9500,9500,9500,9500,0,0,0,0,9500,9500,9500,0,0
"Pasar Kosambi","Garam Beryodium Bata",0,0,0,0,2500,2500,2500,2500,0,0,1497,0,2500,2500,10000,0,0,2500,2500,2500,2500,2500,0,0,0,0,2500,2500,2500,0,0
"Pasar Kosambi","Garam Beryodium Halus",0,0,0,0,12000,12000,12000,12000,0,0,6033,0,12000,12000,2500,0,0,12000,12000,12000,12000,12000,0,0,0,0,12000,12000,12000,0,0
"Pasar Kosambi","Tepung Terigu Cakra Kembar",0,0,0,0,7500,7500,7500,7500,0,0,7675,0,7500,7500,7500,0,0,7500,7500,7500,7500,7500,0,0,0,0,0,7500,7500,0,0
"Pasar Kosambi","Tepung Terigu Kunci",0,0,0,0,7000,7000,7000,7000,0,0,7362,0,7000,7000,7500,0,0,7000,7000,7000,7000,7000,0,0,0,0,7000,7000,7000,0,0
"Pasar Kosambi","Mie Instan",0,0,0,0,2300,2300,2300,2300,0,0,2301,0,2300,2300,2300,0,0,2300,2300,2300,2300,2300,0,0,0,0,2300,2300,2300,0,0
"Pasar Kosambi","Cabe Rawit Hijau",0,0,0,0,30000,30000,30000,30000,0,0,40519,0,30000,30000,30000,0,0,40000,40000,40000,40000,40000,0,0,0,0,40000,40000,40000,0,0
"Pasar Kosambi","Kacang Hijau",0,0,0,0,20000,20000,20000,20000,0,0,20890,0,20000,20000,20000,0,0,20000,20000,20000,20000,20000,0,0,0,0,20000,20000,20000,0,0
"Pasar Kosambi","Susu Bubuk Dancow",0,0,0,0,34500,0,34500,34500,0,0,34334,0,34500,34500,0,0,0,34500,34500,34500,34500,34500,0,0,0,0,34500,34500,34500,0,0
"Pasar Kosambi","Susu Bubuk Indomilk",0,0,0,0,30000,30000,30000,30000,0,0,29422,0,30000,30000,34500,0,0,30000,30000,30000,30000,30000,0,0,0,0,30000,30000,30000,0,0
"Pasar Kosambi","Ikan Kembung",0,0,0,0,40000,40000,40000,40000,0,0,32350,0,40000,40000,40000,0,0,40000,40000,40000,40000,40000,0,0,0,0,40000,40000,40000,0,0
