No.,Nama Kecamatan,Penduduk,Jumlah Kepala Keluarga,Jumlah Penerbitan Kartu Keluarga,Persentase Kepemilikan,,
1,Andir,99085,32559,32088,98.55,,
2,Antapani,75209,23312,22534,96.66,,
3,Arcamanik,72424,22430,21938,97.81,,
4,Astana Anyar,73236,23264,22524,96.82,,
5,Babakan Ciparay,132497,41120,39982,97.23,,
6,Bandung Kidul,57732,18061,17763,98.35,,
7,Bandung Kulon,130831,39730,38982,98.12,,
8,Bandung Wetan,29774,10691,10069,94.18,,
9,Batununggal,117515,38196,36469,95.48,,
10,Bojongloa Kaler,120851,37159,35526,95.61,,
11,Bojongloa Kidul,84079,25806,25525,98.91,,
12,Buah Batu,97857,31088,30381,97.73,,
13,Cibeunying Kaler,68316,21812,20481,93.9,,
14,Cibeunying Kidul,109149,35019,33735,96.33,,
15,Cibiru,71612,22633,21189,93.62,,
16,Cicendo,94048,30757,29399,95.58,,
17,Cidadap,52044,16646,16357,98.26,,
18,Cinambo,24145,7679,7599,98.96,,
19,Coblong,111247,37248,37047,99.46,,
20,Gedebage,38169,11871,11467,96.6,,
21,Kiaracondong,124255,39771,38218,96.1,,
22,Lengkong,70943,23710,23444,98.88,,
23,Mandalajati,67652,21464,21050,98.07,,
24,Panyileukan,37882,11457,10926,95.37,,
25,Rancasari,80701,25535,25163,98.54,,
26,Regol,80314,26522,24543,92.54,,
27,Sukajadi,99672,31502,29532,93.75,,
28,Sukasari,74029,24116,23421,97.12,,
29,Sumur Bandung,35919,11595,11332,97.73,,
30,Ujungberung,81271,25437,24588,96.66,,
