lokasi,nama_komoditas,2017-11-01,2017-11-02,2017-11-03,2017-11-04,2017-11-05,2017-11-06,2017-11-07,2017-11-08,2017-11-09,2017-11-10,2017-11-11,2017-11-12,2017-11-13,2017-11-14,2017-11-15,2017-11-16,2017-11-17,2017-11-18,2017-11-19,2017-11-20,2017-11-21,2017-11-22,2017-11-23,2017-11-24,2017-11-25,2017-11-26,2017-11-27,2017-11-28,2017-11-29,2017-11-30
"Pasar Kiaracondong","Beras Medium",0,10000,10000,0,0,10000,0,10000,10000,10000,0,0,10000,10000,10000,10000,10000,0,0,10000,10000,10000,0,10000,0,0,10000,0,10000,10000
"Pasar Kiaracondong","Cabe Merah",0,35000,35000,0,0,35000,0,35000,30000,30000,0,0,35000,50000,50000,50000,50000,0,0,60000,60000,60000,0,50000,0,0,50000,0,50000,50000
"Pasar Kiaracondong","Bawang Merah",0,20000,20000,0,0,20000,0,20000,28000,28000,0,0,28000,24000,24000,24000,24000,0,0,24000,24000,24000,0,24000,0,0,24000,0,24000,24000
"Pasar Kiaracondong","Daging Ayam Ras",0,32000,32000,0,0,32000,0,32000,32000,32000,0,0,32000,31000,31000,31000,31000,0,0,32000,32000,32000,0,32000,0,0,32000,0,34000,34000
"Pasar Kiaracondong","Telur Ayam Ras",0,21000,21000,0,0,20000,0,20000,20000,20000,0,0,20000,20000,20000,20000,20000,0,0,22000,22000,22000,0,22000,0,0,22000,0,23000,23000
"Pasar Kiaracondong","Daging Sapi",0,120000,120000,0,0,120000,0,120000,120000,120000,0,0,12000,120000,120000,120000,120000,0,0,120000,120000,120000,0,120000,0,0,120000,0,120000,120000
"Pasar Kiaracondong","Minyak Goreng",0,15000,15000,0,0,15000,0,15000,15000,15000,0,0,15000,15000,15000,15000,15000,0,0,15000,15000,15000,0,15000,0,0,15000,0,15000,15000
"Pasar Kiaracondong","Gula Pasir",0,13000,13000,0,0,13000,0,13000,13000,13000,0,0,13000,12500,12500,12500,12500,0,0,12500,12500,12500,0,12500,0,0,12500,0,12500,12500
"Pasar Kiaracondong",Kentang,0,16000,16000,0,0,16000,0,16000,15000,15000,0,0,15000,15000,15000,15000,15000,0,0,15000,15000,15000,0,16000,0,0,16000,0,16000,16000
"Pasar Kiaracondong",Kedelai,0,11000,11000,0,0,11000,0,11000,11000,11000,0,0,11000,11000,11000,11000,11000,0,0,11000,11000,11000,0,11000,0,0,11000,0,11000,11000
"Pasar Kiaracondong","Tepung Terigu",0,0,7000,0,0,7000,0,7000,0,7000,0,0,0,7000,7000,7000,0,0,0,7000,0,7000,0,7000,0,0,70000,0,70000,70000
"Pasar Kiaracondong","Bawang Putih",0,20000,20000,0,0,20000,0,20000,22000,22000,0,0,22000,22000,22000,22000,22000,0,0,22000,22000,22000,0,22000,0,0,22000,0,22000,22000
"Pasar Kiaracondong","Cabe Keriting",0,30000,30000,0,0,30000,0,30000,35000,35000,0,0,35000,40000,40000,40000,40000,0,0,35000,35000,35000,0,40000,0,0,40000,0,40000,40000
"Pasar Kiaracondong","Cabe Rawit",0,24000,24000,0,0,24000,0,24000,24000,24000,0,0,24000,30000,30000,30000,30000,0,0,24000,24000,24000,0,20000,0,0,20000,0,20000,20000
"Pasar Kiaracondong","Kacang Tanah",0,25000,0,0,0,0,0,0,25000,0,0,0,25000,25000,0,0,25000,0,0,0,25000,25000,0,0,0,0,25000,0,25000,25000
"Pasar Kiaracondong","Ubi Kayu",0,5000,5000,0,0,5000,0,5000,5000,5000,0,0,5000,5000,5000,5000,5000,0,0,5000,5000,5000,0,5000,0,0,5000,0,5000,5000
"Pasar Kiaracondong","Ubi Jalar",0,0,0,0,0,0,0,0,0,0,0,0,0,0,0,0,0,0,0,0,0,0,0,0,0,0,0,0,0,0
"Pasar Kiaracondong",Jagung,0,9000,9000,0,0,9000,0,9000,9000,9000,0,0,9000,8000,8000,8000,8000,0,0,9000,9000,9000,0,9000,0,0,9000,0,9000,9000
"Pasar Kiaracondong","Ikan Olahan",0,70000,70000,0,0,70000,0,70000,70000,70000,0,0,70000,70000,70000,70000,70000,0,0,70000,70000,70000,0,70000,0,0,70000,0,70000,70000
"Pasar Kiaracondong","Beras Premium",0,0,0,0,0,0,0,0,0,0,0,0,0,0,0,0,0,0,0,0,0,0,0,0,0,0,0,0,0,0
"Pasar Kiaracondong","Minyak Goreng Curah",0,115000,11500,0,0,11500,0,11500,11500,11500,0,0,11500,0,11500,11500,11500,0,0,11500,11500,0,0,11500,0,0,11500,0,11500,11500
"Pasar Kiaracondong","Daging Ayam Kampung",0,70000,70000,0,0,70000,0,70000,70000,70000,0,0,70000,70000,70000,70000,70000,0,0,70000,70000,70000,0,70000,0,0,70000,0,70000,70000
"Pasar Kiaracondong","Telur Ayam Kampung",0,45000,45000,0,0,45000,0,45000,45000,45000,0,0,45000,45000,45000,45000,45000,0,0,45000,45000,45000,0,45000,0,0,45000,0,45000,45000
"Pasar Kiaracondong","Susu Kental Manis Merk Bendera",0,11000,11000,0,0,11000,0,11000,11000,11000,0,0,11000,11000,11000,11000,11000,0,0,11000,11000,11000,0,11000,0,0,11000,0,11000,11000
"Pasar Kiaracondong","Susu Kental Manis Merk Indomilk",0,10000,10000,0,0,10000,0,10000,10000,10000,0,0,10000,10000,10000,10000,10000,0,0,10000,10000,10000,0,10000,0,0,10000,0,10000,10000
"Pasar Kiaracondong","Garam Beryodium Bata",0,2500,2500,0,0,2500,0,2500,2500,2500,0,0,2500,2500,2500,2500,2500,0,0,2500,2500,2500,0,2500,0,0,2500,0,2500,2500
"Pasar Kiaracondong","Garam Beryodium Halus",0,12000,12000,0,0,12000,0,12000,12000,12000,0,0,12000,12000,12000,12000,12000,0,0,12000,12000,12000,0,12000,0,0,12000,0,12000,12000
"Pasar Kiaracondong","Tepung Terigu Cakra Kembar",0,8000,8000,0,0,8000,0,8000,8000,8000,0,0,8000,8000,8000,8000,8000,0,0,8000,8000,8000,0,8000,0,0,8000,0,8000,80000
"Pasar Kiaracondong","Tepung Terigu Kunci",0,7500,7500,0,0,7500,0,7500,7500,7500,0,0,7500,7500,7500,7500,7500,0,0,7500,7500,7500,0,7500,0,0,7500,0,7500,7500
"Pasar Kiaracondong","Mie Instan",0,2500,2500,0,0,2500,0,2500,2500,2500,0,0,2500,2500,2500,2500,2500,0,0,2500,2500,2500,0,2500,0,0,2500,0,2500,2500
"Pasar Kiaracondong","Cabe Rawit Hijau",0,24000,24000,0,0,24000,0,24000,24000,24000,0,0,24000,30000,30000,30000,30000,0,0,24000,24000,24000,0,20000,0,0,20000,0,20000,20000
"Pasar Kiaracondong","Kacang Hijau",0,20000,20000,0,0,20000,0,20000,20000,20000,0,0,20000,20000,20000,20000,20000,0,0,20000,20000,20000,0,20000,0,0,20000,0,20000,20000
"Pasar Kiaracondong","Susu Bubuk Dancow",0,38300,38300,0,0,38300,0,38300,38300,38300,0,0,38300,38300,38300,38300,38300,0,0,38300,38300,38300,0,38300,0,0,38300,0,38300,38300
"Pasar Kiaracondong","Susu Bubuk Indomilk",0,34950,34950,0,0,34950,0,34950,34950,34950,0,0,34950,34950,34950,34950,34950,0,0,34950,34950,34950,0,34950,0,0,34950,0,34950,34950
"Pasar Kiaracondong","Ikan Kembung",0,35000,35000,0,0,35000,0,35000,35000,35000,0,0,35000,35000,35000,35000,35000,0,0,35000,35000,35000,0,35000,0,0,35000,0,36000,0
