lokasi,nama_komoditas,2014-01-01,2014-01-02,2014-01-03,2014-01-04,2014-01-05,2014-01-06,2014-01-07,2014-01-08,2014-01-09,2014-01-10,2014-01-11,2014-01-12,2014-01-13,2014-01-14,2014-01-15,2014-01-16,2014-01-17,2014-01-18,2014-01-19,2014-01-20,2014-01-21,2014-01-22,2014-01-23,2014-01-24,2014-01-25,2014-01-26,2014-01-27,2014-01-28,2014-01-29,2014-01-30,2014-01-31
"Pasar Baru","Beras Medium",8500,8500,0,8500,8500,0,0,8500,8500,8500,8500,8500,0,0,8500,0,8500,8500,8500,0,0,8500,8500,8500,8500,8500,0,0,8500,8500,8500
"Pasar Baru","Cabe Merah",40000,40000,0,40000,40000,0,0,40000,40000,40000,40000,40000,0,0,40000,0,40000,40000,40000,0,0,40000,40000,40000,40000,40000,0,0,40000,40000,40000
"Pasar Baru","Bawang Merah",25000,25000,0,25000,25000,0,0,25000,25000,25000,25000,25000,0,0,22000,0,22000,22000,22000,0,0,22000,22000,22000,22000,22000,0,0,22000,22000,22000
"Pasar Baru","Daging Ayam Ras",28000,28000,0,28000,28000,0,0,28000,28000,28000,28000,28000,0,0,28000,0,28000,28000,28000,0,0,28000,28000,28000,28000,28000,0,0,28000,28000,28000
"Pasar Baru","Telur Ayam Ras",18000,18000,0,18000,18000,0,0,18000,18000,18000,18000,18000,0,0,19000,0,19000,19000,19000,0,0,19000,19000,19000,19000,19000,0,0,19000,19000,19000
"Pasar Baru","Daging Sapi",100000,100000,0,100000,100000,0,0,100000,100000,100000,100000,100000,0,0,100000,0,100000,100000,100000,0,0,100000,100000,100000,100000,100000,0,0,100000,100000,100000
"Pasar Baru","Minyak Goreng",12300,12300,0,12300,12300,0,0,12300,12300,12300,12300,12300,0,0,12300,0,12300,12300,12300,0,0,12300,12300,12300,12300,12300,0,0,12260,12300,12300
"Pasar Baru","Gula Pasir",11000,11000,0,11000,11000,0,0,11000,11000,11000,11000,11000,0,0,11000,0,11000,11000,11000,0,0,11000,11000,11000,11000,11000,0,0,11000,11000,11000
"Pasar Baru",Kentang,14000,14000,0,14000,14000,0,0,14000,14000,14000,14000,14000,0,0,14000,0,14000,14000,14000,0,0,14000,14000,14000,14000,14000,0,0,14000,14000,14000
"Pasar Baru",Kedelai,12000,12000,0,12000,12000,0,0,12000,12000,12000,12000,12000,0,0,12000,0,12000,12000,12000,0,0,12000,12000,12000,12000,12000,0,0,12000,12000,12000
"Pasar Baru","Tepung Terigu",7000,7000,0,7000,7000,0,0,7000,7000,7000,7000,7000,0,0,7000,0,7000,7000,7000,0,0,7000,7000,7000,7000,7000,0,0,7000,7000,7000
"Pasar Baru","Bawang Putih",15000,15000,0,15000,15000,0,0,15000,15000,15000,15000,15000,0,0,15000,0,15000,15000,15000,0,0,15000,15000,15000,15000,15000,0,0,15000,15000,15000
"Pasar Baru","Cabe Keriting",40000,40000,0,40000,40000,0,0,40000,40000,40000,40000,40000,0,0,40000,0,40000,40000,40000,0,0,40000,40000,40000,40000,40000,0,0,40000,40000,40000
"Pasar Baru","Cabe Rawit",38000,38000,0,38000,38000,0,0,38000,38000,38000,38000,38000,0,0,38000,0,38000,38000,38000,0,0,38000,38000,38000,38000,38000,0,0,38000,38000,38000
"Pasar Baru","Kacang Tanah",20000,20000,0,20000,20000,0,0,20000,20000,20000,20000,20000,0,0,20000,0,20000,20000,20000,0,0,20000,20000,20000,20000,20000,0,0,20000,20000,20000
"Pasar Baru","Ubi Kayu",3000,3000,0,3000,3000,0,0,3000,3000,3000,3000,3000,0,0,3000,0,3000,3000,3000,0,0,3000,3000,3000,3000,3000,0,0,3000,3000,3000
"Pasar Baru","Ubi Jalar",0,0,0,0,0,0,0,0,0,0,0,0,0,0,0,0,0,0,0,0,0,0,0,0,0,0,0,0,0,0,0
"Pasar Baru",Jagung,7000,7000,0,7000,7000,0,0,7000,7000,7000,7000,7000,0,0,7000,0,7000,7000,7000,0,0,7000,7000,7000,7000,7000,0,0,7000,7000,7000
"Pasar Baru","Ikan Olahan",45000,45000,0,45000,45000,0,0,45000,45000,45000,45000,45000,0,0,45000,0,45000,45000,45000,0,0,45000,45000,45000,45000,45000,0,0,45000,45000,45000
"Pasar Baru","Beras Premium",0,0,0,0,0,0,0,0,0,0,0,0,0,0,0,0,0,0,0,0,0,0,0,0,0,0,0,0,0,0,0
"Pasar Baru","Minyak Goreng Curah",12000,12000,0,12000,12000,0,0,12000,12000,12000,12000,12000,0,0,10250,0,10250,10250,10250,0,0,10250,10250,10250,10250,10250,0,0,10250,10250,10250
"Pasar Baru","Daging Ayam Kampung",0,0,0,0,0,0,0,0,0,0,0,0,0,0,0,0,0,0,0,0,0,0,0,0,0,0,0,0,0,0,0
"Pasar Baru","Telur Ayam Kampung",30000,30000,0,30000,30000,0,0,30000,30000,30000,30000,30000,0,0,30000,0,30000,30000,30000,0,0,30000,30000,30000,30000,30000,0,0,30000,30000,30000
"Pasar Baru","Susu Kental Manis Merk Bendera",10000,10000,0,10000,10000,0,0,10000,10000,10000,10000,10000,0,0,10000,0,10000,10000,10000,0,0,10000,10000,10000,10000,10000,0,0,10000,10000,10000
"Pasar Baru","Susu Kental Manis Merk Indomilk",0,0,0,0,0,0,0,0,0,0,0,0,0,0,0,0,0,0,0,0,0,0,0,0,0,0,0,0,0,0,0
"Pasar Baru","Garam Beryodium Bata",1000,1000,0,1000,1000,0,0,1000,1000,1000,1000,1000,0,0,1000,0,1000,1000,1000,0,0,1000,1000,1000,1000,1000,0,0,1000,1000,1000
"Pasar Baru","Garam Beryodium Halus",3500,3500,0,3500,3500,0,0,3500,3500,3500,3500,3500,0,0,3500,0,3500,3500,3500,0,0,3500,3500,3500,3500,3500,0,0,3500,3500,3500
"Pasar Baru","Tepung Terigu Cakra Kembar",7200,7200,0,7200,7200,0,0,7200,7200,7200,7200,7200,0,0,7200,0,7200,7200,7200,0,0,7200,7200,7200,7200,7200,0,0,7200,7200,7200
"Pasar Baru","Tepung Terigu Kunci",8200,8200,0,8200,8200,0,0,8200,8200,8200,8200,8200,0,0,8200,0,8200,8200,8200,0,0,8200,8200,8200,8200,8200,0,0,8200,8200,8200
"Pasar Baru","Mie Instan",0,0,0,0,0,0,0,0,0,0,0,0,0,0,0,0,0,0,0,0,0,0,0,0,0,0,0,0,0,0,0
"Pasar Baru","Cabe Rawit Hijau",20000,20000,0,20000,20000,0,0,20000,20000,20000,20000,20000,0,0,20000,0,20000,20000,20000,0,0,20000,20000,20000,20000,20000,0,0,20000,20000,20000
"Pasar Baru","Kacang Hijau",0,0,0,0,0,0,0,0,0,0,0,0,0,0,0,0,0,0,0,0,0,0,0,0,0,0,0,0,0,0,0
"Pasar Baru","Susu Bubuk Dancow",0,0,0,0,0,0,0,0,0,0,0,0,0,0,0,0,0,0,0,0,0,0,0,0,0,0,0,0,0,0,0
"Pasar Baru","Susu Bubuk Indomilk",0,0,0,0,0,0,0,0,0,0,0,0,0,0,0,0,0,0,0,0,0,0,0,0,0,0,0,0,0,0,0
"Pasar Baru","Ikan Kembung",0,0,0,0,0,0,0,0,0,0,0,0,0,0,0,0,0,0,0,0,0,0,0,0,0,0,0,0,0,0,0
