No,Tgl,Waktu,Simpang,Tidak Menggunakan Helm,Berhenti di Zebra Cross,Berhenti di RHK,Berhenti Melebihi Stopline,Merokok,Kelebihan Muatan,Lainnya,Total Pelanggaran,Roda 2,Roda 4/Lebih,Lainnya,Total Kendaraan
1,11/01/18,Pagi,Gedebage,1,0,0,0,1,0,0,2,2,0,0,2
2,11/01/18,Pagi,Taman Sari,0,0,0,3,4,0,0,7,5,0,0,5
3,11/01/18,Pagi,Aceh,0,0,0,1,3,0,0,4,3,0,0,3
4,11/01/18,Sore,Cibaduyut,4,3,0,10,18,2,0,37,26,5,0,31
5,11/01/18,Sore,Supratman,0,0,0,5,7,0,0,12,11,1,0,12
6,11/01/18,Sore,Simpang Lima,0,0,0,0,5,0,0,5,2,3,0,5
7,11/02/18,Pagi,Cipaganti 2,0,0,0,0,3,0,0,3,3,0,0,3
8,11/02/18,Pagi,Telkom,0,0,0,9,6,0,0,15,11,4,0,15
9,11/02/18,Pagi,Banda,2,0,0,6,6,1,0,15,9,3,0,12
10,11/02/18,Sore,Kopo,0,0,0,12,0,0,0,12,12,0,0,12
11,11/02/18,Sore,Gardujati,2,0,0,14,1,0,0,17,14,1,0,15
12,11/02/18,Sore,Cipaganti 1,0,0,0,0,0,0,0,0,0,0,0,0
13,11/03/18,Pagi,M Toha,8,0,0,9,11,0,0,28,25,0,0,25
14,11/03/18,Pagi,Tamblong,0,0,0,48,6,0,0,54,54,1,0,55
15,11/03/18,Pagi,Cimuncang,0,0,0,0,1,0,0,1,1,0,0,1
16,11/03/18,Sore,Pasteur,0,0,0,16,1,0,0,17,16,1,0,17
17,11/03/18,Sore,A Yani Laswi,0,0,0,0,2,0,0,2,2,0,0,2
18,11/03/18,Sore,Trunojoyo,0,0,0,2,1,0,0,3,2,1,0,3
19,11/04/18,Pagi,Buah Batu,0,0,0,0,5,0,0,5,5,0,0,5
20,11/04/18,Pagi,Gudang utara,2,0,0,5,16,0,0,23,17,4,0,21
21,11/04/18,Pagi,Merdeka Aceh,0,0,0,0,7,1,0,8,5,0,0,5
22,11/04/18,Sore,Batununggal,19,0,0,0,0,1,0,20,19,0,0,19
23,11/04/18,Sore,Merdeka juanda,0,0,0,5,3,0,0,8,3,5,0,8
24,11/04/18,Sore,Cikutra,34,0,0,16,8,1,0,59,51,0,0,51
25,11/05/18,Pagi,Pasir Koja,0,0,0,1,8,0,1,10,10,0,0,10
26,11/05/18,Pagi,Pahlawan,2,0,0,3,15,0,0,20,19,0,0,19
27,11/05/18,Pagi,Jamika,1,0,0,19,12,0,0,32,30,2,0,32
28,11/05/18,Sore,Ujung Berung,0,0,0,0,0,0,0,0,0,0,0,0
29,11/05/18,Sore,Anggrek,0,0,0,39,11,0,0,50,35,15,0,50
30,11/05/18,Sore,Otista,0,0,0,8,3,0,0,11,3,8,0,11
31,11/06/18,Pagi,Cibeureum,0,0,0,0,4,0,0,4,4,0,0,4
32,11/06/18,Pagi,Lombok,1,0,0,2,11,0,0,14,11,2,0,13
33,11/06/18,Pagi,Paskal Baru,0,0,0,0,0,0,0,0,0,0,0,0
34,11/06/18,Sore,Sulanjana,0,0,0,10,10,0,0,20,13,7,0,20
35,11/06/18,Sore,Paskal IP,0,1,0,2,2,0,0,5,5,1,0,6
36,11/06/18,Sore,Cihapit,2,0,0,11,11,0,0,24,22,1,0,23
37,11/07/18,Pagi,Samsat,0,0,0,0,0,0,0,0,0,0,0,0
38,11/07/18,Pagi,Cihampelas,0,0,0,0,2,0,0,2,2,1,0,3
39,11/07/18,Pagi,Padasuka,2,0,0,24,8,0,0,34,25,1,0,26
40,11/07/18,Sore,Cicaheum,0,0,0,6,12,0,0,18,10,8,0,18
41,11/07/18,Sore,Caringin,0,0,0,19,52,0,0,71,63,9,0,72
42,11/07/18,Sore,Cikapayang,0,0,0,0,7,0,0,7,2,5,0,7
43,11/08/18,Pagi,Gedebage,1,0,0,0,0,0,0,1,0,0,0,0
44,11/08/18,Pagi,Tamansari,0,0,0,5,11,0,0,16,12,1,0,13
45,11/08/18,Pagi,Aceh,1,0,0,1,9,0,0,11,10,3,0,13
46,11/08/18,Sore,Cibaduyut,3,0,8,7,5,0,0,23,21,2,0,23
47,11/08/18,Sore,Supratman,0,0,0,5,1,0,0,6,3,3,0,6
48,11/08/18,Sore,S Lima,0,0,0,0,2,0,0,2,2,0,0,2
49,11/09/18,Pagi,Cipaganti 2,0,0,0,0,2,0,0,2,2,0,0,2
50,11/09/18,Pagi,Telkom,0,0,0,5,7,0,0,12,8,1,0,9
51,11/09/18,Pagi,Banda,0,0,0,6,6,0,0,12,8,4,0,12
52,11/09/18,Sore,Cipaganti ,1,0,13,30,8,0,0,52,47,4,0,51
53,11/09/18,Sore,Gardujati,1,0,0,15,1,0,0,17,15,2,0,17
54,11/09/18,Sore,Kopo,0,0,0,0,0,0,0,0,0,0,0,0
55,11/10/18,Pagi,M Toha,0,0,0,22,5,0,114,141,140,0,0,140
56,11/10/18,Pagi,Tamblong,0,0,0,0,1,0,0,1,1,0,0,1
57,11/10/18,Pagi,Cimuncang,10,1,0,12,17,0,0,40,35,0,0,35
58,11/10/18,Sore,Pasteur,0,0,0,44,7,0,0,51,40,11,0,51
59,11/10/18,Sore,A Yani Laswi,0,0,0,1,1,0,0,2,2,0,0,2
60,11/10/18,Sore,Trunojoyo,0,0,0,1,7,0,0,8,6,2,0,8
61,11/11/18,Pagi,Buahbatu,0,0,0,0,2,0,0,2,2,0,0,2
62,11/11/18,Pagi,Gudang Utara,0,0,0,5,12,0,0,17,17,0,0,17
63,11/11/18,Pagi,Merdeka Aceh,1,0,0,0,9,0,0,10,10,0,0,10
64,11/11/18,Sore,Batununggal,0,0,0,0,16,0,0,16,14,2,0,16
65,11/11/18,Sore,Merdeka Juanda,0,0,1,4,4,0,3,12,0,7,2,9
66,11/11/18,Sore,Cikutra,5,0,3,19,15,0,4,46,39,0,0,39
67,11/12/18,Pagi,Pasir Koja,0,0,0,8,10,0,0,18,13,1,0,14
68,11/12/18,Pagi,Pahlawan,0,0,0,1,1,0,0,2,2,0,0,2
69,11/12/18,Pagi,Jamika,0,0,0,3,6,0,0,9,8,0,0,8
70,11/12/18,Sore,Ujung Berung,0,0,0,0,0,0,0,0,0,0,0,0
71,11/12/18,Sore,Anggrek,0,0,0,9,33,0,0,42,38,3,1,42
72,11/12/18,Sore,Otista,0,0,0,21,9,0,0,30,23,7,0,30
73,13/11/2018,Pagi,Cibeureum,0,0,0,0,0,0,0,0,0,0,0,0
74,13/11/2018,Pagi,Lombok,0,0,0,0,0,0,0,0,0,0,0,0
75,13/11/2018,Pagi,Paskal Baru,0,0,0,0,0,0,0,0,0,0,0,0
76,13/11/2018,Sore,Sulanjana,0,0,0,0,0,0,0,0,0,0,0,0
77,13/11/2018,Sore,Paskal IP Cam,0,0,1,7,4,0,0,12,12,0,0,12
78,13/11/2018,Sore,Cihapit,0,0,0,17,8,0,0,25,23,1,0,24
79,14/11/2018,Pagi,Samsat ,0,0,0,0,0,0,0,0,0,0,0,0
80,14/11/2018,Pagi,Cihampelas,0,0,0,0,10,0,0,10,10,0,0,10
81,14/11/2018,Pagi,Padasuka,15,0,0,30,2,0,0,47,42,2,0,44
82,14/11/2018,Sore,Cicaheum,0,0,0,0,0,0,0,0,0,0,0,0
83,14/11/2018,Sore,Caringin,0,0,0,0,0,0,0,0,0,0,0,0
84,14/11/2018,Sore,Cikapayang PTZ,0,0,0,0,0,0,0,0,0,0,0,0
85,15/11/2018,Pagi,Gedebage,0,0,0,0,0,0,0,0,0,0,0,0
86,15/11/2018,Pagi,Tamansari,0,0,0,2,11,0,0,13,8,5,0,13
87,15/11/2018,Pagi,Aceh,0,0,0,0,11,0,0,11,10,1,0,11
88,15/11/2018,Sore,Cibaduyut,1,0,6,0,2,0,0,9,9,0,0,9
89,15/11/2018,Sore,Supratman ,0,0,0,11,0,0,0,11,9,2,0,11
90,15/11/2018,Sore,Simpang Lima,0,0,0,0,2,0,0,2,0,2,0,2
91,16/11/2018,Pagi,Cipaganti,0,0,0,4,3,0,0,7,1,5,0,6
92,16/11/2018,Pagi,Telkom,0,0,0,0,2,0,0,2,2,0,0,2
93,16/11/2018,Pagi,Banda,0,0,0,9,0,0,0,9,4,4,0,8
94,16/11/2018,Sore,Kopo,0,0,0,22,13,0,0,35,30,5,0,35
95,16/11/2018,Sore,Gardujati,0,0,0,46,27,0,0,73,44,29,0,73
96,16/11/2018,Sore,Cipaganti,0,0,0,0,2,0,0,2,2,0,0,2
97,17/11/2018,Pagi,M Toha,0,0,0,8,15,0,93,116,116,0,0,116
98,17/11/2018,Pagi,Tamblong,0,0,0,4,1,0,0,5,4,0,0,4
99,17/11/2018,Pagi,Cimuncang,0,0,0,3,14,0,5,22,16,3,0,19
100,17/11/2018,Sore,Pasteur,0,1,0,6,5,0,0,12,11,1,0,12
101,17/11/2018,Sore,A Yani Laswi,0,0,0,2,4,0,0,6,4,2,0,6
102,17/11/2018,Sore,Trunojoyo,4,1,0,1,2,0,0,8,8,0,0,8
103,18/11/2018,Pagi,Buah Batu,0,0,0,0,0,0,0,0,0,0,0,0
104,18/11/2018,Pagi,Gudang Utara,0,0,0,0,1,0,0,1,0,1,0,1
105,18/11/2018,Pagi,Merdeka Aceh,0,0,0,0,8,0,0,8,8,0,0,8
106,18/11/2018,Sore,Batununggal,1,0,0,0,5,0,0,6,4,1,0,5
107,18/11/2018,Sore,Merdeka Juanda,1,0,0,0,5,0,0,6,5,1,0,6
108,18/11/2018,Sore,Cikutra,12,0,2,15,17,0,1,47,42,1,2,45
109,19/11/2018,Pagi,Pasir Koja,1,6,0,20,23,0,0,50,47,2,0,49
110,19/11/2018,Pagi,Pahlawan ,0,0,0,15,0,0,0,15,13,2,0,15
111,19/11/2018,Pagi,Jamika,0,0,0,0,14,0,0,14,13,1,0,14
112,19/11/2018,Sore,Ujung Berung ,0,0,0,0,0,0,0,0,0,0,0,0
113,19/11/2018,Sore,Anggrek,1,0,0,8,18,0,0,27,22,4,0,26
114,19/11/2018,Sore,Otista Pasar Baru ,0,0,0,15,18,0,0,33,21,9,0,30
115,20/11/2018,Pagi,Cibeureum,0,0,0,0,0,0,0,0,0,0,0,0
116,20/11/2018,Pagi,Lombok,1,0,0,8,11,0,0,20,18,2,0,20
117,20/11/2018,Pagi,Paskal Baru,0,0,0,0,0,0,0,0,0,0,0,0
118,20/11/2018,Sore,Sulanjana,0,0,0,8,2,0,0,10,9,1,0,10
119,20/11/2018,Sore,Paskal IP Cam,1,0,0,2,11,0,0,14,12,2,0,14
120,20/11/2018,Sore,Cihapit,0,0,0,0,0,0,0,0,0,0,0,0
121,21/11/2018,Pagi,Samsat,0,0,0,3,5,0,0,8,7,1,0,8
122,21/11/2018,Pagi,Cihampelas,0,0,0,1,10,0,0,11,10,1,0,11
123,21/11/2018,Pagi,Padasuka,8,0,0,10,11,1,1,31,21,2,0,23
124,21/11/2018,Sore,Cicaheum,0,0,0,3,5,0,0,8,5,3,0,8
125,21/11/2018,Sore,Caringin,10,0,0,40,73,0,0,123,110,3,0,113
126,21/11/2018,Sore,Cikapayang,0,0,0,1,7,0,0,8,5,3,0,8
127,22/11/2018,Pagi,Gedebage,0,0,0,0,0,0,0,0,0,0,0,0
128,22/11/2018,Pagi,Tamansari,0,0,0,4,10,0,0,14,9,3,0,12
129,22/11/2018,Pagi,Aceh,0,0,0,4,4,0,0,8,7,0,0,7
130,22/11/2018,Sore,Cibaduyut,3,0,1,4,20,1,0,29,21,4,0,25
131,22/11/2018,Sore,Simpang Lima,0,0,0,2,0,0,0,2,1,1,0,2
132,22/11/2018,Sore,Supratman,0,0,0,0,0,0,0,0,0,0,0,0
133,23/11/2018,Pagi,Cipaganti 2,0,0,0,0,3,0,0,3,3,0,0,3
134,23/11/2018,Pagi,Telkom,0,0,0,15,3,0,0,18,12,6,0,18
135,23/11/2018,Pagi,Banda,0,0,0,1,5,0,0,6,4,2,0,6
136,23/11/2018,Sore,Kopo,1,0,0,31,26,0,0,58,50,7,0,57
137,23/11/2018,Sore,Gardujati,0,0,0,27,24,0,0,51,43,8,0,51
138,23/11/2018,Sore,Cipaganti 1,0,0,0,0,1,0,0,1,0,1,0,1
139,24/11/2018,Pagi,M Toha,0,0,0,0,0,0,0,0,0,0,0,0
140,24/11/2018,Pagi,Tamblong,0,0,0,0,0,0,0,0,0,0,0,0
141,24/11/2018,Pagi,Cimuncang,0,0,14,15,13,0,0,42,39,3,0,42
142,24/11/2018,Sore,Pasteur,0,2,0,17,11,0,0,30,22,8,0,30
143,24/11/2018,Sore,A Yani Laswi,0,0,0,1,6,0,0,7,7,1,0,8
144,24/11/2018,Sore,Trunojoyo,0,0,0,8,10,0,0,18,12,5,0,17
145,25/11/2018,Pagi,Buah Batu,0,0,0,0,0,0,0,0,0,0,0,0
146,25/11/2018,Pagi,Gudang Utara,1,0,0,12,2,0,0,15,14,1,0,15
147,25/11/2018,Pagi,Merdeka Aceh,0,0,0,0,0,0,0,0,0,0,0,0
148,25/11/2018,Sore,Batununggal,2,0,0,0,13,0,0,15,14,0,0,14
149,25/11/2018,Sore,Merdeka Juanda,0,0,0,1,9,0,0,10,9,1,0,10
150,25/11/2018,Sore,Cikutra,16,0,1,21,10,0,0,48,40,1,0,41
151,26/11/2018,Pagi,Jamika ,0,1,0,13,21,0,0,35,23,4,0,27
152,26/11/2018,Pagi,Pahlawan,0,0,0,7,16,0,0,23,16,2,0,18
153,26/11/2018,Pagi,Pasir Koja,0,0,0,1,10,0,0,11,10,0,0,10
154,26/11/2018,Sore,Ujung Berung,0,0,0,0,0,0,0,0,0,0,0,0
155,26/11/2018,Sore,Anggrek,1,0,0,13,10,0,0,24,22,2,0,24
156,26/11/2018,Sore,Otista,0,0,0,4,0,0,0,4,4,0,0,4
157,27/11/2018,Pagi,Cibeureum,0,0,0,0,0,0,0,0,0,0,0,0
158,27/11/2018,Pagi,Lombok,0,0,0,13,27,0,0,40,29,6,0,35
159,27/11/2018,Pagi,Paskal,0,0,0,0,0,0,0,0,0,0,0,0
160,27/11/2018,Sore,Sulanjana,0,0,0,0,0,0,0,0,0,0,0,0
161,27/11/2018,Sore,Paskal IP,0,0,0,0,0,0,0,0,0,0,0,0
162,27/11/2018,Sore,Cihapit,0,0,0,0,0,0,0,0,0,0,0,0
163,28/11/2018,Pagi,Samsat,0,0,4,2,7,0,0,13,1,0,0,1
164,28/11/2018,Pagi,Cihampelas,0,0,0,0,3,0,0,3,3,0,0,3
165,28/11/2018,Pagi,Padasuka,6,0,0,54,14,0,0,74,66,2,0,68
166,28/11/2018,Sore,Cicaheum,0,0,0,7,1,0,0,8,5,3,0,8
167,28/11/2018,Sore,Caringin,37,0,0,50,29,0,0,116,110,5,0,115
168,28/11/2018,Sore,Cikapayang,0,0,0,1,5,0,0,6,4,2,0,6