nama_kecamatan,iud_sisa_bulan_lalu,kondom_sisa_bulan_lalu,implant_sisa_bulan_lalu,suntikan_sisa_bulan_lalu,pil_sisa_bulan_lalu,iud_diterima_bulan_ini,kondom_diterima_bulan_ini,implant_diterima_bulan_ini,suntikan_diterima_bulan_ini,pil_keluar_bulan_ini,iud_keluar_bulan_ini,kondom_keluar_bulan_ini,implant_keluar_bulan_ini,suntikan_keluar_bulan_ini,pil_diterima_bulan_ini,iud_sisa_akhir_bulan_ini,kondom_sisa_akhir_bulan_ini,implant_sisa_akhir_bulan_ini,suntikan_sisa_akhir_bulan_ini,pil_sisa_akhir_bulan_ini
Sukasari,138,46,31,359,868,0,0,10,200,100,2,13,0,193,94,136,33,41,366,874
Coblong,133,88,55,416,1336,0,0,0,0,0,0,1,0,64,2,133,87,55,352,1334
Babakan Ciparay,75,15,10,300,551,0,0,0,0,0,1,3,0,74,9,74,12,10,226,542
Bojongloa Kaler,102,85,108,132,607,0,10,0,200,0,11,13,1,162,85,91,82,107,170,522
Andir,119,460,17,313,488,0,0,0,100,0,7,12,1,86,4,112,448,16,327,484
Cicendo,88,6,14,559,644,0,56,0,0,0,7,20,2,63,28,81,42,12,496,616
Sukajadi,13,31,0,0,41,139,0,0,537,300,148,22,0,533,257,4,9,0,4,84
Cidadap,94,36,30,690,1492,0,0,0,0,0,0,4,0,69,0,94,32,30,621,1492
Bandung Wetan,117,46,19,695,1425,0,0,10,100,0,20,0,0,57,15,97,46,29,738,1410
Astana Anyar,96,69,13,592,852,100,0,0,400,0,96,11,0,126,75,100,58,13,866,777
Regol,264,176,31,1470,1462,0,0,0,0,0,37,4,0,48,70,227,172,31,1422,1392
Batununggal,117,80,23,446,1269,0,0,0,200,0,9,9,0,114,38,108,71,23,532,1231
Lengkong,161,72,32,423,1149,1,0,0,35,0,3,1,1,97,14,159,71,31,361,1135
Cibeunying Kidul,76,26,16,290,1058,0,0,0,15,0,5,4,0,97,14,71,22,16,208,1044
Bandung Kulon,101,23,13,561,1498,0,0,20,100,0,4,8,1,129,7,97,15,32,532,1491
Kiaracondong,88,32,3,302,568,0,0,0,100,100,7,5,0,87,2,81,27,3,315,666
Bojongloa Kidul,40,10,17,556,581,0,0,0,0,0,2,3,0,8,11,38,7,17,548,570
Cibeunying Kaler,68,20,20,204,294,0,0,0,0,0,0,2,0,40,20,68,18,20,164,274
Sumur Bandung,0,0,0,0,0,0,0,0,0,0,0,0,0,0,0,0,0,0,0,0
Antapani,131,93,29,242,1611,0,0,0,0,0,0,6,0,40,6,131,87,29,202,1605
Bandung Kidul,147,31,28,451,1015,0,0,0,10,0,63,3,2,31,19,84,28,26,430,996
Buahbatu,68,16,23,210,760,0,0,0,100,0,1,4,1,69,23,67,12,22,241,737
Rancasari,70,197,35,374,475,0,0,0,0,0,5,12,1,114,63,65,185,34,260,412
Arcamanik,154,173,8,183,365,0,0,0,20,0,3,0,0,77,0,151,173,8,126,365
Cibiru,83,92,20,294,358,0,0,0,0,0,4,15,0,52,81,79,77,20,242,277
Ujung Berung,8,1,9,400,144,0,0,0,0,0,2,0,0,28,25,6,1,9,372,119
Gedebage,36,34,15,367,949,0,0,0,0,0,3,6,15,69,5,33,28,0,298,944
Panyileukan,76,0,16,199,143,0,0,0,0,0,1,0,0,49,7,75,0,16,150,136
Cinambo,28,102,60,359,740,125,0,0,0,0,53,0,1,12,9,100,102,59,347,731
Mandalajati,184,148.5,33,1104,1534,0,0,0,0,0,17,12,0,154,60,167,136.5,33,950,1474