nama_kecamatan,jumlah_pus,jml_pus_kps_ksi,persentase_pus_kps_ks1,jml_pus_jkn_penerima_bantuan,persentase_pus_jkn_terima_bantuan,jml_pus_jkn_bukan_penerima_bantuan,persentase_pus_jkn_bukan_penerima_bantuan,jml_pus_jkn,persentase_pus_jkn
Sukasari,8908,3465,38.90,0,0.00,0,0.00,0,0.00
Coblong,16858,6760,40.10,56,0.33,45,0.27,101,0.60
Babakan Ciparay,21639,8403,38.83,8219,37.98,13420,62.02,21639,100.00
Bojongloa Kaler,17566,7915,45.06,7738,44.05,9810,55.85,17548,99.90
Andir,14543,343,2.36,0,0.00,0,0.00,0,0.00
Cicendo,14147,9217,65.15,0,0.00,0,0.00,0,0.00
Sukajadi,16932,14401,85.05,0,0.00,0,0.00,0,0.00
Cidadap,8377,2710,32.35,2710,32.35,5667,67.65,8377,100.00
Bandung Wetan,4623,2033,43.98,0,0.00,0,0.00,0,0.00
Astana Anyar,9991,2420,24.22,0,0.00,0,0.00,0,0.00
Regol,12415,3666,29.53,3666,29.53,8749,70.47,12415,100.00
Batununggal,17587,9305,52.91,0,0.00,0,0.00,0,0.00
Lengkong,7432,3177,42.75,398,5.36,7034,94.64,7432,100.00
Cibeunying Kidul,18412,7623,41.40,7160,38.89,8562,46.50,15722,85.39
Bandung Kulon,13974,9844,70.45,6058,43.35,3786,27.09,9844,70.45
Kiaracondong,19993,6599,33.01,0,0.00,0,0.00,0,0.00
Bojongloa Kidul,12302,4927,40.05,2102,17.09,8972,72.93,11074,90.02
Cibeunying Kaler,9157,2973,32.47,1835,20.04,5903,64.46,7738,84.50
Sumur Bandung,3515,1162,33.06,0,0.00,0,0.00,0,0.00
Antapani,10488,1401,13.36,0,0.00,0,0.00,0,0.00
Bandung Kidul,8116,3571,44.00,3888,47.91,4228,52.09,8116,100.00
Buahbatu,12306,2398,19.49,0,0.00,0,0.00,0,0.00
Rancasari,13219,3571,27.01,3240,24.51,331,2.50,3571,27.01
Arcamanik,8807,3267,37.10,0,0.00,0,0.00,0,0.00
Cibiru,9880,3512,35.55,1386,14.03,2422,24.51,3808,38.54
Ujung Berung,24507,7347,29.98,7347,29.98,0,0.00,7347,29.98
Gedebage,7816,2922,37.38,569,7.28,4677,59.84,5246,67.12
Panyileukan,5770,1434,24.85,836,14.49,591,10.24,1427,24.73
Cinambo,4505,1498,33.25,777,17.25,1511,33.54,2288,50.79
Mandalajati,11446,4340,37.92,4340,37.92,7106,62.08,11446,100.00
