lokasi,nama_komoditas,2015-04-01,2015-04-02,2015-04-03,2015-04-04,2015-04-05,2015-04-06,2015-04-07,2015-04-08,2015-04-09,2015-04-10,2015-04-11,2015-04-12,2015-04-13,2015-04-14,2015-04-15,2015-04-16,2015-04-17,2015-04-18,2015-04-19,2015-04-20,2015-04-21,2015-04-22,2015-04-23,2015-04-24,2015-04-25,2015-04-26,2015-04-27,2015-04-28,2015-04-29,2015-04-30
"Pasar Kosambi","Beras Medium",10000,10500,0,0,0,10000,10000,10000,10000,10000,0,0,10000,10000,10000,10000,10000,0,0,10000,10000,9500,9500,9500,0,0,9500,9500,9500,0
"Pasar Kosambi","Cabe Merah",35000,50000,0,0,0,28000,28000,28000,28000,28000,0,0,28000,28000,28000,28000,28000,0,0,25000,25000,20000,25000,25000,0,0,25000,25000,25000,0
"Pasar Kosambi","Bawang Merah",35000,34000,0,0,0,35000,35000,35000,35000,35000,0,0,35000,35000,35000,35000,35000,0,0,35000,35000,35000,35000,35000,0,0,30000,30000,30000,0
"Pasar Kosambi","Daging Ayam Ras",28000,28000,0,0,0,30000,30000,30000,30000,30000,0,0,30000,30000,30000,30000,30000,0,0,30000,30000,30000,30000,30000,0,0,30000,30000,30000,0
"Pasar Kosambi","Telur Ayam Ras",17000,17500,0,0,0,17000,17000,17000,17000,17000,0,0,17000,17000,18500,18500,19500,0,0,19000,19000,19500,19500,19500,0,0,19500,18500,19500,0
"Pasar Kosambi","Daging Sapi",100000,100000,0,0,0,100000,100000,100000,100000,100000,0,0,100000,100000,100000,100000,100000,0,0,100000,100000,100000,100000,100000,0,0,100000,100000,100000,0
"Pasar Kosambi","Minyak Goreng",14000,14000,0,0,0,14000,14000,14000,14000,14000,0,0,14000,14000,14000,14000,14000,0,0,14000,14000,14000,14000,14000,0,0,14000,14000,14000,0
"Pasar Kosambi","Gula Pasir",11500,11500,0,0,0,11500,11500,11500,11500,11500,0,0,11500,11500,11500,11500,11500,0,0,11500,11500,12000,12000,12000,0,0,12000,12000,12000,0
"Pasar Kosambi",Kentang,11000,11000,0,0,0,11000,11000,11000,11000,11000,0,0,11000,11000,11000,11000,11000,0,0,11000,11000,11000,11000,11000,0,0,11000,11000,11000,0
"Pasar Kosambi",Kedelai,11000,11000,0,0,0,11000,11000,11000,11000,11000,0,0,11000,11000,11000,11000,11000,0,0,11000,11000,11000,11000,11000,0,0,11000,11000,11000,0
"Pasar Kosambi","Tepung Terigu",7500,7500,0,0,0,7500,7500,7500,7500,7500,0,0,7500,7500,7500,7500,7500,0,0,7500,7500,7500,7500,7500,0,0,7500,7500,7500,0
"Pasar Kosambi","Bawang Putih",16000,16000,0,0,0,16000,16000,16000,16000,16000,0,0,16000,16000,16000,16000,16000,0,0,16000,16000,16000,18000,18000,0,0,20000,20000,20000,0
"Pasar Kosambi","Cabe Keriting",25000,25000,0,0,0,23000,23000,23000,23000,23000,0,0,23000,23000,20000,20000,20000,0,0,20000,20000,20000,20000,20000,0,0,25000,25000,25000,0
"Pasar Kosambi","Cabe Rawit",40000,50000,0,0,0,35000,35000,35000,35000,35000,0,0,35000,35000,30000,30000,30000,0,0,25000,25000,25000,25000,25000,0,0,25000,25000,25000,0
"Pasar Kosambi","Kacang Tanah",21000,21000,0,0,0,21000,21000,21000,21000,21000,0,0,21000,21000,21000,21000,21000,0,0,22000,22000,22000,22000,22000,0,0,22000,22000,22000,0
"Pasar Kosambi","Ubi Kayu",4000,4000,0,0,0,4000,4000,4000,4000,4000,0,0,4000,4000,4000,4000,4000,0,0,4000,4000,4000,4000,4000,0,0,4000,4000,4000,0
"Pasar Kosambi","Ubi Jalar",0,0,0,0,0,0,0,0,0,0,0,0,0,0,0,0,0,0,0,0,0,0,0,0,0,0,0,0,0,0
"Pasar Kosambi",Jagung,7000,7000,0,0,0,7000,7000,7000,7000,7000,0,0,7000,7000,7000,7000,7000,0,0,7000,7000,7000,7000,7000,0,0,7000,7000,7000,0
"Pasar Kosambi","Ikan Olahan",50000,50000,0,0,0,50000,50000,50000,50000,50000,0,0,50000,50000,50000,50000,50000,0,0,50000,50000,50000,50000,50000,0,0,50000,50000,50000,0
"Pasar Kosambi","Beras Premium",0,0,0,0,0,0,0,0,0,0,0,0,0,0,0,0,0,0,0,0,0,0,0,0,0,0,0,0,0,0
"Pasar Kosambi","Minyak Goreng Curah",11500,15000,0,0,0,11500,11500,11500,11500,11500,0,0,11500,11500,10500,10500,10500,0,0,10500,10500,10500,10500,10500,0,0,10500,10500,10500,0
"Pasar Kosambi","Daging Ayam Kampung",50000,50000,0,0,0,50000,50000,50000,50000,50000,0,0,50000,50000,50000,50000,50000,0,0,50000,50000,50000,50000,50000,0,0,50000,50000,50000,0
"Pasar Kosambi","Telur Ayam Kampung",40000,40000,0,0,0,40000,40000,40000,40000,40000,0,0,40000,40000,40000,40000,40000,0,0,40000,40000,40000,40000,40000,0,0,40000,40000,40000,0
"Pasar Kosambi","Susu Kental Manis Merk Bendera",10000,10000,0,0,0,10000,10000,10000,10000,10000,0,0,10000,10000,10000,10000,10000,0,0,10000,10000,10000,10000,10000,0,0,10000,10000,10000,0
"Pasar Kosambi","Susu Kental Manis Merk Indomilk",9500,9500,0,0,0,9500,9500,9500,9500,9500,0,0,9500,9500,9500,9500,9500,0,0,9500,9500,9500,9500,9500,0,0,9500,9500,9500,0
"Pasar Kosambi","Garam Beryodium Bata",1000,1000,0,0,0,1000,1000,1000,1000,1000,0,0,1000,1000,1000,1000,1000,0,0,1000,1000,1000,1000,1000,0,0,1000,1000,1000,0
"Pasar Kosambi","Garam Beryodium Halus",3000,3000,0,0,0,3000,3000,3000,3000,3000,0,0,3000,3000,3000,3000,3000,0,0,3000,3000,3000,3000,3000,0,0,3000,3000,3000,0
"Pasar Kosambi","Tepung Terigu Cakra Kembar",7500,7500,0,0,0,7500,7500,7500,7500,7500,0,0,7500,7500,7500,7500,7500,0,0,7500,7500,7500,7500,7500,0,0,7500,7500,7500,0
"Pasar Kosambi","Tepung Terigu Kunci",7000,7000,0,0,0,7000,7000,7000,7000,7000,0,0,7000,7000,7000,7000,7000,0,0,7000,7000,7000,7000,7000,0,0,7000,7000,7000,0
"Pasar Kosambi","Mie Instan",1900,1900,0,0,0,1900,1900,1900,1900,1900,0,0,1900,1900,1900,1900,1900,0,0,1900,1900,1900,1900,1900,0,0,1900,1900,1900,0
"Pasar Kosambi","Cabe Rawit Hijau",25000,0,0,0,0,23000,23000,23000,23000,23000,0,0,23000,23000,23000,20000,20000,0,0,20000,20000,20000,20000,20000,0,0,20000,20000,20000,0
"Pasar Kosambi","Kacang Hijau",22000,22000,0,0,0,22000,22000,22000,22000,22000,0,0,22000,22000,22000,22000,22000,0,0,22000,22000,22000,22000,22000,0,0,22000,22000,22000,0
"Pasar Kosambi","Susu Bubuk Dancow",34500,34500,0,0,0,34500,34500,34500,34500,34500,0,0,34500,34500,34500,34500,34500,0,0,34500,34500,34500,34500,34500,0,0,34500,34500,34500,0
"Pasar Kosambi","Susu Bubuk Indomilk",30000,30000,0,0,0,30000,30000,30000,30000,30000,0,0,30000,30000,30000,30000,30000,0,0,30000,30000,30000,30000,30000,0,0,30000,30000,30000,0
"Pasar Kosambi","Ikan Kembung",30000,30000,0,0,0,30000,30000,30000,30000,30000,0,0,30000,30000,30000,30000,30000,0,0,30000,30000,30000,30000,30000,0,0,30000,30000,30000,0
