lokasi,nama_komoditas,2018-10-01,2018-10-02,2018-10-03,2018-10-04,2018-10-05,2018-10-06,2018-10-07,2018-10-08,2018-10-09,2018-10-10,2018-10-11,2018-10-12,2018-10-13,2018-10-14,2018-10-15,2018-10-16,2018-10-17,2018-10-18,2018-10-19,2018-10-20,2018-10-21,2018-10-22,2018-10-23,2018-10-24,2018-10-25,2018-10-26,2018-10-27,2018-10-28,2018-10-29,2018-10-30,2018-10-31
Pasar Kiaracondong,Beras Medium,11000,0,11000,11000,11000,0,0,11000,11000,0,11000,0,0,0,11000,11000,0,11000,11000,0,0,11000,11000,11000,11000,0,0,0,11000,0,11000
Pasar Kiaracondong,Cabe Merah,30000,0,30000,30000,30000,0,0,40000,40000,0,40000,0,0,0,40000,40000,0,40000,40000,0,0,35000,35000,35000,35000,0,0,0,35000,0,35000
Pasar Kiaracondong,Bawang Merah,20000,0,20000,20000,20000,0,0,20000,20000,0,24000,0,0,0,24000,24000,0,24000,24000,0,0,22000,22000,22000,22000,0,0,0,24000,0,24000
Pasar Kiaracondong,Daging Ayam Ras,34000,0,34000,34000,34000,0,0,35000,35000,0,35000,0,0,0,35000,34000,0,32000,32000,0,0,35000,35000,35000,34000,0,0,0,34000,0,34000
Pasar Kiaracondong,Telur Ayam Ras,21000,0,21000,23000,23000,0,0,23000,23000,0,22000,0,0,0,22000,22000,0,21000,21000,0,0,21000,21000,21000,21000,0,0,0,21000,0,21000
Pasar Kiaracondong,Daging Sapi,115000,0,115000,115000,115000,0,0,115000,115000,0,115000,0,0,0,115000,115000,0,115000,115000,0,0,115000,115000,115000,115000,0,0,0,115000,0,115000
Pasar Kiaracondong,Minyak Goreng,15000,0,15000,15000,15000,0,0,15000,15000,0,15000,0,0,0,15000,15000,0,15000,15000,0,0,15000,15000,15000,15000,0,0,0,15000,0,15000
Pasar Kiaracondong,Gula Pasir,12000,0,12000,12000,12000,0,0,12000,12000,0,12000,0,0,0,12000,12000,0,12000,12000,0,0,12000,12000,12000,12000,0,0,0,12000,0,12000
Pasar Kiaracondong,Kentang,15000,0,15000,15000,15000,0,0,15000,15000,0,15000,0,0,0,15000,15000,0,15000,15000,0,0,15000,15000,15000,14000,0,0,0,15000,0,15000
Pasar Kiaracondong,Kedelai,11000,0,11000,11000,11000,0,0,11000,11000,0,11000,0,0,0,11000,11000,0,11000,11000,0,0,11000,11000,11000,11000,0,0,0,11000,0,11000
Pasar Kiaracondong,Tepung Terigu,7000,0,7000,7000,7000,0,0,7000,7000,0,7000,0,0,0,7000,7000,0,7000,7000,0,0,7000,7000,7000,7000,0,0,0,7000,0,7000
Pasar Kiaracondong,Bawang Putih,24000,0,24000,24000,24000,0,0,24000,24000,0,24000,0,0,0,24000,24000,0,24000,24000,0,0,24000,24000,24000,24000,0,0,0,24000,0,24000
Pasar Kiaracondong,Cabe Keriting,30000,0,30000,30000,30000,0,0,35000,35000,0,40000,0,0,0,40000,40000,0,40000,40000,0,0,40000,40000,40000,40000,0,0,0,40000,0,40000
Pasar Kiaracondong,Cabe Rawit,30000,0,30000,30000,30000,0,0,35000,35000,0,30000,0,0,0,35000,35000,0,35000,35000,0,0,35000,35000,35000,35000,0,0,0,30000,0,30000
Pasar Kiaracondong,Kacang Tanah,24000,0,24000,24000,24000,0,0,24000,24000,0,24000,0,0,0,26000,26000,0,26000,26000,0,0,26000,26000,26000,26000,0,0,0,26000,0,26000
Pasar Kiaracondong,Ubi Kayu,5000,0,5000,5000,5000,0,0,5000,5000,0,5000,0,0,0,5000,5000,0,5000,5000,0,0,5000,5000,5000,5000,0,0,0,5000,0,5000
Pasar Kiaracondong,Ubi Jalar,0,0,0,0,0,0,0,0,0,0,0,0,0,0,0,0,0,0,0,0,0,0,0,0,0,0,0,0,0,0,0
Pasar Kiaracondong,Jagung,10000,0,10000,10000,10000,0,0,10000,10000,0,10000,0,0,0,10000,10000,0,10000,10000,0,0,8000,8000,8000,10000,0,0,0,10000,0,10000
Pasar Kiaracondong,Ikan Olahan,70000,0,70000,70000,70000,0,0,70000,70000,0,70000,0,0,0,70000,70000,0,70000,70000,0,0,70000,70000,70000,70000,0,0,0,70000,0,70000
Pasar Kiaracondong,Beras Premium,0,0,0,0,0,0,0,0,0,0,0,0,0,0,0,0,0,0,0,0,0,0,0,0,0,0,0,0,0,0,0
Pasar Kiaracondong,Minyak Goreng Curah,11500,0,11500,11500,11500,0,0,11500,11500,0,11500,0,0,0,11500,11500,0,11500,11500,0,0,11500,11500,11500,11500,0,0,0,11500,0,11500
Pasar Kiaracondong,Daging Ayam Kampung,70000,0,70000,70000,70000,0,0,70000,70000,0,70000,0,0,0,70000,70000,0,70000,70000,0,0,70000,70000,70000,70000,0,0,0,70000,0,70000
Pasar Kiaracondong,Telur Ayam Kampung,45000,0,45000,45000,45000,0,0,45000,45000,0,45000,0,0,0,45000,45000,0,45000,45000,0,0,45000,45000,45000,45000,0,0,0,45000,0,45000
Pasar Kiaracondong,Susu Kental Manis Merk Bendera,11000,0,11000,11000,11000,0,0,11000,11000,0,11000,0,0,0,11000,11000,0,11000,11000,0,0,11000,11000,11000,11000,0,0,0,11000,0,11000
Pasar Kiaracondong,Susu Kental Manis Merk Indomilk,10000,0,10000,10000,10000,0,0,10000,10000,0,10000,0,0,0,10000,10000,0,10000,10000,0,0,10000,10000,10000,10000,0,0,0,10000,0,10000
Pasar Kiaracondong,Garam Beryodium Bata,2500,0,2500,2500,2500,0,0,2500,2500,0,2500,0,0,0,2500,2500,0,2500,2500,0,0,2500,2500,2500,2500,0,0,0,2500,0,2500
Pasar Kiaracondong,Garam Beryodium Halus,12000,0,12000,12000,12000,0,0,12000,12000,0,12000,0,0,0,12000,12000,0,12000,12000,0,0,12000,12000,12000,12000,0,0,0,12000,0,12000
Pasar Kiaracondong,Tepung Terigu Cakra Kembar,8000,0,8000,8000,8000,0,0,8000,8000,0,8000,0,0,0,8000,8000,0,8000,8000,0,0,8000,8000,8000,8000,0,0,0,8000,0,8000
Pasar Kiaracondong,Tepung Terigu Kunci,7500,0,7500,7500,7500,0,0,7500,7500,0,7500,0,0,0,7500,7500,0,7500,7500,0,0,7500,7500,7500,7500,0,0,0,7500,0,7500
Pasar Kiaracondong,Mie Instan,2500,0,2500,2500,2500,0,0,2500,2500,0,2500,0,0,0,2500,2500,0,2500,2500,0,0,2500,2500,2500,2500,0,0,0,2500,0,2500
Pasar Kiaracondong,Cabe Rawit Hijau,35000,0,35000,35000,35000,0,0,35000,35000,0,40000,0,0,0,40000,40000,0,40000,40000,0,0,35000,35000,35000,35000,0,0,0,35000,0,35000
Pasar Kiaracondong,Kacang Hijau,22000,0,22000,22000,22000,0,0,22000,22000,0,22000,0,0,0,22000,22000,0,22000,22000,0,0,22000,22000,22000,22000,0,0,0,22000,0,22000
Pasar Kiaracondong,Susu Bubuk Dancow,38300,0,38300,38300,38300,0,0,38300,38300,0,38300,0,0,0,38300,38300,0,38300,38300,0,0,38300,38300,38300,38300,0,0,0,38300,0,38300
Pasar Kiaracondong,Susu Bubuk Indomilk,34950,0,34950,34950,34950,0,0,34950,34950,0,34950,0,0,0,34950,34950,0,34950,34950,0,0,34950,34950,10000,10000,0,0,0,34950,0,34950
Pasar Kiaracondong,Ikan Kembung,40000,0,40000,40000,40000,0,0,40000,40000,0,40000,0,0,0,40000,40000,0,40000,40000,0,0,40000,40000,40000,40000,0,0,0,40000,0,40000