lokasi,nama_komoditas,2014-09-01,2014-09-02,2014-09-03,2014-09-04,2014-09-05,2014-09-06,2014-09-07,2014-09-08,2014-09-09,2014-09-10,2014-09-11,2014-09-12,2014-09-13,2014-09-14,2014-09-15,2014-09-16,2014-09-17,2014-09-18,2014-09-19,2014-09-20,2014-09-21,2014-09-22,2014-09-23,2014-09-24,2014-09-25,2014-09-26,2014-09-27,2014-09-28,2014-09-29,2014-09-30
"Pasar Andir","Beras Medium",0,0,8500,8500,8500,8500,8500,0,0,8500,8500,8500,8500,8500,0,0,8500,8500,8500,8500,8500,0,0,8500,8500,8500,8500,8500,0,0
"Pasar Andir","Cabe Merah",0,0,20000,20000,20000,20000,25000,0,0,33000,33000,33000,33000,33000,0,0,35000,35000,35000,35000,35000,0,0,28000,28000,28000,28000,28000,0,0
"Pasar Andir","Bawang Merah",0,0,15000,15000,15000,15000,15000,0,0,15000,15000,15000,15000,15000,0,0,15000,15000,15000,15000,15000,0,0,15000,15000,15000,15000,15000,0,0
"Pasar Andir","Daging Ayam Ras",0,0,36000,36000,36000,36000,36000,0,0,33000,33000,33000,33000,33000,0,0,33000,33000,33000,33000,33000,0,0,30000,30000,30000,30000,30000,0,0
"Pasar Andir","Telur Ayam Ras",0,0,19500,19500,19500,19500,19500,0,0,19000,19000,19000,19000,19000,0,0,19000,19000,19000,19000,19000,0,0,18000,18000,18000,18000,18000,0,0
"Pasar Andir","Daging Sapi",0,0,95000,95000,95000,95000,95000,0,0,95000,95000,95000,95000,95000,0,0,95000,95000,95000,95000,95000,0,0,95000,95000,95000,95000,95000,0,0
"Pasar Andir","Minyak Goreng",0,0,14000,14000,14000,14000,14000,0,0,14000,14000,14000,14000,14000,0,0,14000,14000,14000,14000,14000,0,0,14000,14000,14000,14000,14000,0,0
"Pasar Andir","Gula Pasir",0,0,11500,11500,11500,11500,11500,0,0,11500,11500,11500,11500,11500,0,0,11500,11500,11500,11500,11500,0,0,11500,11500,11500,11500,11500,0,0
"Pasar Andir",Kentang,0,0,12000,12000,12000,12000,12000,0,0,12000,12000,12000,12000,12000,0,0,12000,12000,12000,12000,12000,0,0,12000,12000,12000,12000,12000,0,0
"Pasar Andir",Kedelai,0,0,12000,12000,12000,12000,12000,0,0,12000,12000,12000,12000,12000,0,0,12000,12000,12000,12000,12000,0,0,12000,12000,12000,12000,12000,0,0
"Pasar Andir","Tepung Terigu",0,0,7000,7000,7000,7000,7000,0,0,7000,7000,7000,7000,7000,0,0,7000,7000,7000,7000,7000,0,0,7000,7000,7000,7000,7000,0,0
"Pasar Andir","Bawang Putih",0,0,12000,12000,12000,12000,12000,0,0,12000,12000,12000,12000,12000,0,0,12000,12000,12000,12000,12000,0,0,12000,12000,12000,12000,12000,0,0
"Pasar Andir","Cabe Keriting",0,0,13000,13000,13000,13000,13000,0,0,20000,20000,20000,20000,20000,0,0,20000,20000,20000,20000,20000,0,0,20000,20000,15000,15000,15000,0,0
"Pasar Andir","Cabe Rawit",0,0,23000,23000,23000,23000,23000,0,0,23000,23000,23000,23000,23000,0,0,17000,17000,17000,17000,17000,0,0,17000,17000,17000,17000,17000,0,0
"Pasar Andir","Kacang Tanah",0,0,17000,17000,17000,17000,17000,0,0,17000,17000,17000,17000,17000,0,0,17000,17000,17000,17000,17000,0,0,17000,17000,17000,17000,17000,0,0
"Pasar Andir","Ubi Kayu",0,0,3000,3000,3000,3000,3000,0,0,3000,3000,3000,3000,3000,0,0,3000,3000,3000,3000,3000,0,0,3000,3000,3000,3000,3000,0,0
"Pasar Andir","Ubi Jalar",0,0,0,0,0,0,0,0,0,0,0,0,0,0,0,0,0,0,0,0,0,0,0,0,0,0,0,0,0,0
"Pasar Andir",Jagung,0,0,8000,8000,8000,8000,8000,0,0,8000,8000,8000,8000,8000,0,0,8000,8000,8000,8000,8000,0,0,8000,8000,8000,8000,8000,0,0
"Pasar Andir","Ikan Olahan",0,0,45000,45000,45000,45000,45000,0,0,45000,45000,45000,45000,45000,0,0,45000,45000,45000,45000,45000,0,0,45000,45000,45000,45000,45000,0,0
"Pasar Andir","Beras Premium",0,0,0,0,0,0,0,0,0,0,0,0,0,0,0,0,0,0,0,0,0,0,0,0,0,0,0,0,0,0
"Pasar Andir","Minyak Goreng Curah",0,0,11500,11500,11500,11500,11500,0,0,11500,11500,11500,11500,11500,0,0,10500,10500,10500,10500,10500,0,0,10500,10500,10500,10500,10500,0,0
"Pasar Andir","Daging Ayam Kampung",0,0,0,0,0,0,0,0,0,0,0,0,0,0,0,0,0,0,0,0,0,0,0,0,0,0,0,0,0,0
"Pasar Andir","Telur Ayam Kampung",0,0,40000,40000,40000,40000,40000,0,0,40000,40000,40000,40000,40000,0,0,40000,40000,40000,40000,40000,0,0,40000,40000,40000,40000,40000,0,0
"Pasar Andir","Susu Kental Manis Merk Bendera",0,0,9500,9500,9500,9500,9500,0,0,9500,9500,9500,9500,9500,0,0,9500,9500,9500,9500,9500,0,0,9500,9500,9500,9500,9500,0,0
"Pasar Andir","Susu Kental Manis Merk Indomilk",0,0,0,0,0,0,0,0,0,0,0,0,0,0,0,0,0,0,0,0,0,0,0,0,0,0,0,0,0,0
"Pasar Andir","Garam Beryodium Bata",0,0,1000,1000,1000,1000,1000,0,0,1000,1000,1000,1000,1000,0,0,1000,1000,1000,1000,1000,0,0,1000,1000,1000,1000,1000,0,0
"Pasar Andir","Garam Beryodium Halus",0,0,3000,3000,3000,3000,3000,0,0,3000,3000,3000,3000,3000,0,0,3000,3000,3000,3000,3000,0,0,3000,3000,3000,3000,3000,0,0
"Pasar Andir","Tepung Terigu Cakra Kembar",0,0,7500,7500,7500,7500,7500,0,0,7500,7500,7500,7500,7500,0,0,7500,7500,7500,7500,7500,0,0,7500,7500,7500,7500,7500,0,0
"Pasar Andir","Tepung Terigu Kunci",0,0,6500,6500,6500,6500,6500,0,0,6500,6500,6500,6500,6500,0,0,6500,6500,6500,6500,6500,0,0,6500,6500,6500,6500,6500,0,0
"Pasar Andir","Mie Instan",0,0,0,0,0,0,0,0,0,0,0,0,0,0,0,0,0,0,0,0,0,0,0,0,0,0,0,0,0,0
"Pasar Andir","Cabe Rawit Hijau",0,0,15000,15000,15000,15000,15000,0,0,15000,15000,15000,15000,15000,0,0,15000,15000,15000,15000,15000,0,0,15000,15000,15000,15000,15000,0,0
"Pasar Andir","Kacang Hijau",0,0,0,0,0,0,0,0,0,0,0,0,0,0,0,0,0,0,0,0,0,0,0,0,0,0,0,0,0,0
"Pasar Andir","Susu Bubuk Dancow",0,0,0,0,0,0,0,0,0,0,0,0,0,0,0,0,0,0,0,0,0,0,0,0,0,0,0,0,0,0
"Pasar Andir","Susu Bubuk Indomilk",0,0,0,0,0,0,0,0,0,0,0,0,0,0,0,0,0,0,0,0,0,0,0,0,0,0,0,0,0,0
"Pasar Andir","Ikan Kembung",0,0,0,0,0,0,0,0,0,0,0,0,0,0,0,0,0,0,0,0,0,0,0,0,0,0,0,0,0,0
