nama_kecamatan,jumlah_pus,jml_pus_kps_ksi,persentase_pus_kps_ks1,jml_pus_jkn_penerima_bantuan,persentase_pus_jkn_terima_bantuan,jml_pus_jkn_bukan_penerima_bantuan,persentase_pus_jkn_bukan_penerima_bantuan,jml_pus_jkn,persentase_pus_jkn
Sukasari,8840,3594,40.66,0,0.00,0,0.00,0,0.00
Coblong,16177,6845,42.31,0,0.00,0,0.00,0,0.00
Babakan Ciparay,21691,4211,19.41,0,0.00,0,0.00,0,0.00
Bojongloa Kaler,17529,7881,44.96,7544,43.04,8998,51.33,16542,94.37
Andir,14040,3858,27.48,0,0.00,0,0.00,0,0.00
Cicendo,12011,6330,52.70,0,0.00,12011,100.00,12011,100.00
Sukajadi,16415,4926,30.01,0,0.00,0,0.00,0,0.00
Cidadap,7419,2541,34.25,2540,34.24,0,0.00,2540,34.24
Bandung Wetan,5088,1318,25.90,0,0.00,0,0.00,0,0.00
Astana Anyar,9245,4332,46.86,0,0.00,0,0.00,0,0.00
Regol,15039,4863,32.34,0,0.00,0,0.00,0,0.00
Batununggal,16627,9305,55.96,0,0.00,0,0.00,0,0.00
Lengkong,14998,5769,38.47,1974,13.16,13024,86.84,14998,100.00
Cibeunying Kidul,17384,7909,45.50,7879,45.32,9505,54.68,17384,100.00
Bandung Kulon,14830,10558,71.19,5406,36.45,5384,36.30,10790,72.76
Kiaracondong,14814,8732,58.94,0,0.00,0,0.00,0,0.00
Bojongloa Kidul,12007,5427,45.20,2102,17.51,8972,74.72,11074,92.23
Cibeunying Kaler,9820,1992,20.29,3215,32.74,3995,40.68,7210,73.42
Sumur Bandung,6405,3044,47.53,0,0.00,0,0.00,0,0.00
Antapani,9923,1339,13.49,0,0.00,0,0.00,0,0.00
Bandung Kidul,4262,1907,44.74,1863,43.71,2399,56.29,4262,100.00
Buahbatu,11442,2168,18.95,0,0.00,0,0.00,0,0.00
Rancasari,9986,2311,23.14,1419,14.21,140,1.40,1559,15.61
Arcamanik,8512,3227,37.91,0,0.00,0,0.00,0,0.00
Cibiru,9532,3426,35.94,1296,13.60,2317,24.31,3613,37.90
Ujung Berung,17295,15095,87.28,2196,12.70,0,0.00,2196,12.70
Gedebage,8716,2753,31.59,560,6.42,5061,58.07,5621,64.49
Panyileukan,7998,1441,18.02,721,9.01,720,9.00,1441,18.02
Cinambo,4119,1497,36.34,777,18.86,1511,36.68,2288,55.55
Mandalajati,10985,4032,36.70,4032,36.70,6953,63.30,10985,100.00
