lokasi,nama_komoditas,2017-05-01,2017-05-02,2017-05-03,2017-05-04,2017-05-05,2017-05-06,2017-05-07,2017-05-08,2017-05-09,2017-05-10,2017-05-11,2017-05-12,2017-05-13,2017-05-14,2017-05-15,2017-05-16,2017-05-17,2017-05-18,2017-05-19,2017-05-20,2017-05-21,2017-05-22,2017-05-23,2017-05-24,2017-05-25,2017-05-26,2017-05-27,2017-05-28,2017-05-29,2017-05-30,2017-05-31
"Pasar Sederhana","Beras Medium",0,10000,10000,10000,10000,0,0,10000,10000,10000,0,10000,0,0,0,10000,10000,10000,10000,0,0,10000,0,10000,0,0,0,0,10000,10000,0
"Pasar Sederhana","Cabe Merah",0,60000,60000,60000,60000,0,0,45000,45000,45000,0,45000,0,0,0,45000,45000,45000,45000,0,0,45000,0,45000,0,0,0,0,60000,60000,0
"Pasar Sederhana","Bawang Merah",0,35000,35000,35000,35000,0,0,32000,32000,32000,0,32000,0,0,0,32000,32000,32000,32000,0,0,32000,0,32000,0,0,0,0,30000,30000,0
"Pasar Sederhana","Daging Ayam Ras",0,32000,32000,32000,32000,0,0,32000,32000,32000,0,32000,0,0,0,34000,34000,34000,34000,0,0,35000,0,35000,0,0,0,0,36000,36000,0
"Pasar Sederhana","Telur Ayam Ras",0,20000,20000,20000,20000,0,0,21000,21000,21000,0,21000,0,0,0,22000,22000,22000,22000,0,0,22000,0,22000,0,0,0,0,22000,22000,0
"Pasar Sederhana","Daging Sapi",0,120000,120000,120000,120000,0,0,120000,120000,120000,0,120000,0,0,0,120000,120000,120000,120000,0,0,120000,0,120000,0,0,0,0,130000,130000,0
"Pasar Sederhana","Minyak Goreng",0,14000,14000,14000,14000,0,0,14000,14000,14000,0,14000,0,0,0,14000,14000,14000,14000,0,0,14000,0,14000,0,0,0,0,14000,14000,0
"Pasar Sederhana","Gula Pasir",0,14000,14000,14000,14000,0,0,14000,14000,14000,0,14000,0,0,0,14000,14000,14000,14000,0,0,14000,0,14000,0,0,0,0,14000,14000,0
"Pasar Sederhana",Kentang,0,0,16000,16000,0,0,0,0,0,16000,0,0,0,0,0,16000,16000,16000,0,0,0,0,0,0,0,0,0,0,0,0,0
"Pasar Sederhana",Kedelai,0,12000,12000,12000,12000,0,0,12000,12000,12000,0,12000,0,0,0,12000,12000,12000,12000,0,0,12000,0,12000,0,0,0,0,13000,13000,0
"Pasar Sederhana","Tepung Terigu",0,7500,7500,7500,7500,0,0,7500,7500,7500,0,7500,0,0,0,7500,7500,7500,7500,0,0,7500,0,7500,0,0,0,0,7500,7500,0
"Pasar Sederhana","Bawang Putih",0,55000,55000,55000,55000,0,0,60000,60000,60000,0,60000,0,0,0,60000,60000,60000,60000,0,0,60000,0,60000,0,0,0,0,55000,55000,0
"Pasar Sederhana","Cabe Keriting",0,40000,40000,40000,40000,0,0,40000,40000,40000,0,40000,0,0,0,40000,40000,40000,40000,0,0,40000,0,40000,0,0,0,0,40000,40000,0
"Pasar Sederhana","Cabe Rawit",0,65000,65000,65000,65000,0,0,70000,70000,70000,0,70000,0,0,0,70000,70000,70000,70000,0,0,70000,0,70000,0,0,0,0,60000,60000,0
"Pasar Sederhana","Kacang Tanah",0,27000,27000,27000,27000,0,0,28000,28000,28000,0,28000,0,0,0,28000,28000,28000,28000,0,0,28000,0,28000,0,0,0,0,27000,27000,0
"Pasar Sederhana","Ubi Kayu",0,4000,4000,4000,4000,0,0,4000,4000,4000,0,4000,0,0,0,4000,4000,4000,4000,0,0,4000,0,4000,0,0,0,0,4000,4000,0
"Pasar Sederhana","Ubi Jalar",0,0,0,0,0,0,0,0,0,0,0,0,0,0,0,0,0,0,0,0,0,0,0,0,0,0,0,0,0,0,0
"Pasar Sederhana",Jagung,0,10000,10000,10000,10000,0,0,10000,10000,10000,0,10000,0,0,0,10000,10000,10000,10000,0,0,10000,0,10000,0,0,0,0,10000,10000,0
"Pasar Sederhana","Ikan Olahan",0,70000,70000,70000,70000,0,0,70000,70000,70000,0,70000,0,0,0,70000,70000,70000,70000,0,0,70000,0,70000,0,0,0,0,70000,70000,0
"Pasar Sederhana","Beras Premium",0,0,0,0,0,0,0,0,0,0,0,0,0,0,0,0,0,0,0,0,0,0,0,0,0,0,0,0,0,0,0
"Pasar Sederhana","Minyak Goreng Curah",0,13000,13000,13000,13000,0,0,12000,12000,12000,0,12000,0,0,0,12000,12000,12000,12000,0,0,12000,0,12000,0,0,0,0,12000,12000,0
"Pasar Sederhana","Daging Ayam Kampung",0,75000,75000,75000,75000,0,0,75000,75000,75000,0,75000,0,0,0,75000,75000,75000,75000,0,0,75000,0,75000,0,0,0,0,90000,90000,0
"Pasar Sederhana","Telur Ayam Kampung",0,44000,44000,44000,44000,0,0,44000,44000,44000,0,44000,0,0,0,44000,44000,44000,44000,0,0,44000,0,44000,0,0,0,0,44000,44000,0
"Pasar Sederhana","Susu Kental Manis Merk Bendera",0,10000,10000,10000,10000,0,0,10000,10000,10000,0,10000,0,0,0,10000,10000,10000,10000,0,0,10000,0,10000,0,0,0,0,10000,10000,0
"Pasar Sederhana","Susu Kental Manis Merk Indomilk",0,9500,9500,9500,9500,0,0,9500,9500,9500,0,9500,0,0,0,9500,9500,9500,9500,0,0,9500,0,9500,0,0,0,0,9500,9500,0
"Pasar Sederhana","Garam Beryodium Bata",0,1500,1500,1500,1500,0,0,1500,1500,1500,0,1500,0,0,0,1500,1500,1500,1500,0,0,1500,0,1500,0,0,0,0,1500,1500,0
"Pasar Sederhana","Garam Beryodium Halus",0,6000,0,0,6000,0,0,6000,6000,0,0,6000,0,0,0,0,0,0,6000,0,0,6000,0,6000,0,0,0,0,6000,6000,0
"Pasar Sederhana","Tepung Terigu Cakra Kembar",0,8000,8000,8000,8000,0,0,8000,8000,8000,0,8000,0,0,0,8000,8000,8000,8000,0,0,8000,0,8000,0,0,0,0,8000,8000,0
"Pasar Sederhana","Tepung Terigu Kunci",0,7000,7000,7000,7000,0,0,7000,7000,7000,0,7000,0,0,0,7000,7000,7000,7000,0,0,7000,0,7000,0,0,0,0,7000,7000,0
"Pasar Sederhana","Mie Instan",0,2200,2200,2200,2200,0,0,2500,2500,2500,0,2500,0,0,0,2500,2500,2500,2500,0,0,2500,0,2500,0,0,0,0,2500,2500,0
"Pasar Sederhana","Cabe Rawit Hijau",0,50000,50000,50000,50000,0,0,50000,50000,50000,0,50000,0,0,0,50000,50000,50000,50000,0,0,35000,0,35000,0,0,0,0,40000,40000,0
"Pasar Sederhana","Kacang Hijau",0,22000,22000,22000,22000,0,0,24000,24000,24000,0,24000,0,0,0,24000,24000,24000,24000,0,0,24000,0,24000,0,0,0,0,24000,24000,0
"Pasar Sederhana","Susu Bubuk Dancow",0,41200,41200,41200,41200,0,0,41200,41200,41200,0,41200,0,0,0,41200,41200,41200,41200,0,0,41200,0,41200,0,0,0,0,41200,41200,0
"Pasar Sederhana","Susu Bubuk Indomilk",0,36500,36500,36500,36500,0,0,36500,36500,36500,0,36500,0,0,0,36500,36500,36500,36500,0,0,36500,0,36500,0,0,0,0,36500,36500,0
"Pasar Sederhana","Ikan Kembung",0,32000,32000,32000,32000,0,0,32000,32000,32000,0,32000,0,0,0,32000,32000,32000,32000,0,0,32000,0,32000,0,0,0,0,32000,32000,0
