lokasi,nama_komoditas,2018-08-01,2018-08-02,2018-08-03,2018-08-04,2018-08-05,2018-08-06,2018-08-07,2018-08-08,2018-08-09,2018-08-10,2018-08-11,2018-08-12,2018-08-13,2018-08-14,2018-08-15,2018-08-16,2018-08-17,2018-08-18,2018-08-19,2018-08-20,2018-08-21,2018-08-22,2018-08-23,2018-08-24,2018-08-25,2018-08-26,2018-08-27,2018-08-28,2018-08-29,2018-08-30,2018-08-31
"Pasar Sederhana","Beras Medium",11000,11000,11000,0,0,11000,11000,0,11000,11000,0,0,11000,0,11000,0,0,0,0,11000,11000,0,0,11000,0,0,0,0,0,0,0
"Pasar Sederhana","Cabe Merah",40000,40000,40000,0,0,40000,40000,0,40000,40000,0,0,35000,0,35000,0,0,0,0,40000,40000,0,0,40000,0,0,0,0,0,0,0
"Pasar Sederhana","Bawang Merah",28000,28000,28000,0,0,28000,28000,0,28000,28000,0,0,28000,0,28000,0,0,0,0,28000,28000,0,0,28000,0,0,0,0,0,0,0
"Pasar Sederhana","Daging Ayam Ras",40000,40000,40000,0,0,38000,38000,0,36000,36000,0,0,37000,0,37000,0,0,0,0,38000,38000,0,0,38000,0,0,0,0,0,0,0
"Pasar Sederhana","Telur Ayam Ras",25000,25000,25000,0,0,24000,24000,0,24000,24000,0,0,23000,0,23000,0,0,0,0,24000,24000,0,0,24000,0,0,0,0,0,0,0
"Pasar Sederhana","Daging Sapi",120000,120000,120000,0,0,120000,120000,0,120000,120000,0,0,120000,0,120000,0,0,0,0,125000,125000,0,0,125000,0,0,0,0,0,0,0
"Pasar Sederhana","Minyak Goreng",14000,14000,14000,0,0,14000,14000,0,14000,14000,0,0,14000,0,14000,0,0,0,0,14000,14000,0,0,14000,0,0,0,0,0,0,0
"Pasar Sederhana","Gula Pasir",12500,12500,12500,0,0,12500,12500,0,12500,12500,0,0,12500,0,12500,0,0,0,0,12500,12500,0,0,12500,0,0,0,0,0,0,0
"Pasar Sederhana",Kentang,14000,14000,14000,0,0,15000,15000,0,15000,15000,0,0,15000,0,15000,0,0,0,0,15000,15000,0,0,15000,0,0,0,0,0,0,0
"Pasar Sederhana",Kedelai,12000,12000,12000,0,0,12000,12000,0,12000,12000,0,0,12000,0,12000,0,0,0,0,12000,12000,0,0,12000,0,0,0,0,0,0,0
"Pasar Sederhana","Tepung Terigu",7500,7500,7500,0,0,7500,7500,0,7500,7500,0,0,7500,0,7500,0,0,0,0,7500,7500,0,0,7500,0,0,0,0,0,0,0
"Pasar Sederhana","Bawang Putih",26000,26000,26000,0,0,26000,26000,0,26000,26000,0,0,26000,0,26000,0,0,0,0,26000,26000,0,0,26000,0,0,0,0,0,0,0
"Pasar Sederhana","Cabe Keriting",40000,40000,40000,0,0,32000,32000,0,32000,32000,0,0,32000,0,32000,0,0,0,0,32000,32000,0,0,32000,0,0,0,0,0,0,0
"Pasar Sederhana","Cabe Rawit",50000,50000,50000,0,0,48000,48000,0,48000,48000,0,0,45000,0,45000,0,0,0,0,40000,40000,0,0,40000,0,0,0,0,0,0,0
"Pasar Sederhana","Kacang Tanah",27000,27000,27000,0,0,27000,27000,0,27000,27000,0,0,27000,0,27000,0,0,0,0,27000,27000,0,0,27000,0,0,0,0,0,0,0
"Pasar Sederhana","Ubi Kayu",5000,5000,5000,0,0,5000,5000,0,5000,5000,0,0,5000,0,5000,0,0,0,0,5000,5000,0,0,5000,0,0,0,0,0,0,0
"Pasar Sederhana","Ubi Jalar",0,0,0,0,0,0,0,0,0,0,0,0,0,0,0,0,0,0,0,0,0,0,0,0,0,0,0,0,0,0,0
"Pasar Sederhana",Jagung,12000,12000,12000,0,0,12000,12000,0,12000,12000,0,0,12000,0,12000,0,0,0,0,12000,12000,0,0,12000,0,0,0,0,0,0,0
"Pasar Sederhana","Ikan Olahan",70000,70000,70000,0,0,70000,70000,0,70000,70000,0,0,70000,0,70000,0,0,0,0,70000,70000,0,0,70000,0,0,0,0,0,0,0
"Pasar Sederhana","Beras Premium",0,0,0,0,0,0,0,0,0,0,0,0,0,0,0,0,0,0,0,0,0,0,0,0,0,0,0,0,0,0,0
"Pasar Sederhana","Minyak Goreng Curah",12000,12000,12000,0,0,12000,12000,0,12000,12000,0,0,12000,0,12000,0,0,0,0,12000,12000,0,0,12000,0,0,0,0,0,0,0
"Pasar Sederhana","Daging Ayam Kampung",70000,70000,70000,0,0,70000,70000,0,70000,70000,0,0,70000,0,70000,0,0,0,0,70000,70000,0,0,70000,0,0,0,0,0,0,0
"Pasar Sederhana","Telur Ayam Kampung",44000,44000,44000,0,0,44000,44000,0,44000,44000,0,0,44000,0,44000,0,0,0,0,44000,44000,0,0,44000,0,0,0,0,0,0,0
"Pasar Sederhana","Susu Kental Manis Merk Bendera",10000,10000,10000,0,0,10000,10000,0,10000,10000,0,0,10000,0,10000,0,0,0,0,10000,10000,0,0,10000,0,0,0,0,0,0,0
"Pasar Sederhana","Susu Kental Manis Merk Indomilk",10000,10000,10000,0,0,10000,10000,0,10000,10000,0,0,10000,0,10000,0,0,0,0,10000,10000,0,0,10000,0,0,0,0,0,0,0
"Pasar Sederhana","Garam Beryodium Bata",3500,3500,3500,0,0,3500,3500,0,3500,3500,0,0,3500,0,3500,0,0,0,0,3500,3500,0,0,3500,0,0,0,0,0,0,0
"Pasar Sederhana","Garam Beryodium Halus",12000,12000,12000,0,0,12000,12000,0,12000,12000,0,0,12000,0,12000,0,0,0,0,12000,12000,0,0,12000,0,0,0,0,0,0,0
"Pasar Sederhana","Tepung Terigu Cakra Kembar",8000,8000,8000,0,0,8000,8000,0,8000,8000,0,0,8000,0,8000,0,0,0,0,8000,8000,0,0,8000,0,0,0,0,0,0,0
"Pasar Sederhana","Tepung Terigu Kunci",7000,7000,7000,0,0,7000,7000,0,7000,7000,0,0,7000,0,7000,0,0,0,0,7000,7000,0,0,7000,0,0,0,0,0,0,0
"Pasar Sederhana","Mie Instan",2500,2500,2500,0,0,2500,2500,0,2500,2500,0,0,2500,0,2500,0,0,0,0,2500,2500,0,0,2500,0,0,0,0,0,0,0
"Pasar Sederhana","Cabe Rawit Hijau",42000,42000,42000,0,0,40000,40000,0,40000,40000,0,0,40000,0,40000,0,0,0,0,40000,40000,0,0,40000,0,0,0,0,0,0,0
"Pasar Sederhana","Kacang Hijau",21000,21000,21000,0,0,21000,21000,0,21000,21000,0,0,21000,0,21000,0,0,0,0,21000,21000,0,0,21000,0,0,0,0,0,0,0
"Pasar Sederhana","Susu Bubuk Dancow",43700,43700,43700,0,0,43700,43700,0,43700,43700,0,0,43700,0,43700,0,0,0,0,43700,43700,0,0,43700,0,0,0,0,0,0,0
"Pasar Sederhana","Susu Bubuk Indomilk",36100,36100,36100,0,0,36100,36100,0,36100,36100,0,0,36100,0,36100,0,0,0,0,36100,36100,0,0,36100,0,0,0,0,0,0,0
"Pasar Sederhana","Ikan Kembung",36000,36000,36000,0,0,36000,36000,0,36000,36000,0,0,36000,0,36000,0,0,0,0,36000,36000,0,0,36000,0,0,0,0,0,0,0
