nama_kecamatan,iud_sisa_bulan_lalu,kondom_sisa_bulan_lalu,implant_sisa_bulan_lalu,suntikan_sisa_bulan_lalu,pil_sisa_bulan_lalu,iud_diterima_bulan_ini,kondom_diterima_bulan_ini,implant_diterima_bulan_ini,suntikan_diterima_bulan_ini,pil_keluar_bulan_ini,iud_keluar_bulan_ini,kondom_keluar_bulan_ini,implant_keluar_bulan_ini,suntikan_keluar_bulan_ini,pil_diterima_bulan_ini,iud_sisa_akhir_bulan_ini,kondom_sisa_akhir_bulan_ini,implant_sisa_akhir_bulan_ini,suntikan_sisa_akhir_bulan_ini,pil_sisa_akhir_bulan_ini
Sukasari,127,12,14,307,765,0,48,10,500,100,2,8,0,222,102,125,52,24,585,763
Coblong,67,19,47,212,1217,50,0,20,200,0,4,7,5,113,21,113,12,62,299,1196
Babakan Ciparay,39,152,27,278,544,0,144,10,100,100,8,62,3,115,99,31,234,34,263,545
Bojongloa Kaler,97,105,111,132,381,15,24,10,200,0,24,9,2,173,75,88,120,119,159,306
Andir,8,10314,12,240,1764,25,24,0,200,0,9,71,7,92,20,24,10267,5,348,1744
Cicendo,0,2,0,288,480,51,51,0,30,0,1,7,0,33,4,50,46,0,285,476
Sukajadi,31,18,0,27,108,175,48,50,620,300,167,50,50,599,366,39,16,0,48,42
Cidadap,85,41,27,428,1429,0,0,0,100,0,8,6,0,96,9,77,35,27,432,1420
Bandung Wetan,102,56,37,438,1276,0,0,0,0,0,3,15,0,88,11,99,41,37,350,1265
Astana Anyar,90,87,15,892,1397,25,0,10,200,0,10,2,1,155,30,105,85,24,937,1367
Regol,101,72,17,1052,1559,75,0,20,0,0,15,18,0,93,46,161,54,37,959,1513
Batununggal,2,53,27,161,1578,125,24,10,300,200,10,6,3,176,7,117,71,34,285,1771
Lengkong,146,249,14,751,1098,25,168,20,40,0,1,6,0,117,31,170,411,34,674,1067
Cibeunying Kidul,96,14,26,465,724,25,12,10,100,0,26,12,1,93,132,95,14,35,472,592
Bandung Kulon,139,53,18,615,1593,0,0,10,0,0,6,2,1,147,7,133,51,27,468,1586
Kiaracondong,55,7,17,304,733,0,12,0,100,0,7,3,0,114,22,48,16,17,290,711
Bojongloa Kidul,11,0,27,491,544,0,12,0,0,0,3,0,15,20,0,8,12,12,471,544
Cibeunying Kaler,33,0,13,587,190,25,0,125,0,0,8,0,3,36,180,50,0,135,551,10
Sumur Bandung,0,0,0,0,0,0,0,0,0,0,0,0,0,0,0,0,0,0,0,0
Antapani,110,98,11,351,613,0,12,10,0,0,13,5,11,44,26,97,105,10,307,587
Bandung Kidul,58,9,22,544,853,0,24,0,100,0,9,2,2,55,89,49,31,20,589,764
Buahbatu,35,41,10,169,722,0,0,0,100,0,10,3,2,79,27,25,38,8,190,695
Rancasari,43,48,25,705,843,0,144,0,200,100,7,10,13,103,69,36,182,12,802,874
Arcamanik,105,0,0,180,292,0,237,0,100,0,5,6,0,120,0,100,231,0,160,292
Cibiru,111,314,56,454,389,0,0,0,0,100,10,57,2,143,92,101,257,54,311,397
Ujung Berung,14,24,17,213,261,0,0,0,0,0,8,5,0,35,20,6,19,17,178,241
Gedebage,66,21,8,399,842,0,0,10,200,0,5,0,0,26,3,61,21,18,573,839
Panyileukan,25,27,1,244,217,0,144,20,100,100,5,3,0,93,10,20,168,21,251,307
Cinambo,152,84,20,601,564,0,0,0,0,0,57,76,2,18,0,95,8,18,583,564
Mandalajati,256,72,39,645,1402,25,144,0,0,0,6,146,2,144,50,275,70,37,501,1352