lokasi,nama_komoditas,2016-01-01,2016-01-08,2016-01-15,2016-01-22,2016-01-29,2016-01-04,2016-01-05,2016-01-06,2016-01-07,2016-01-11,2016-01-12,2016-01-13,2016-01-18,2016-01-19,2016-01-20,2016-01-21,2016-01-25,2016-01-26,2016-01-27,2016-01-28,
Pasar Kosambi,Beras Medium,0,10000,10,10000,10000,10000,10000,10000,10000,10000,10000,10000,10000,10000,10000,10000,10000,10000,10000,10000,
Pasar Kosambi,Cabe Merah,0,50000,40000,40000,30000,50000,50000,50000,50000,40000,40000,40000,40000,40000,40000,40000,30000,30000,30000,0,
Pasar Kosambi,Bawang Merah,0,25000,32000,35000,30000,25000,25000,25000,25000,32000,32000,32000,35000,35000,35000,35000,30000,30000,30000,30000,
Pasar Kosambi,Daging Ayam Ras,0,40000,42,40000,38000,42000,42000,42000,40000,42000,42000,42000,40000,40000,40000,40000,38000,38000,38000,38000,
Pasar Kosambi,Telur Ayam Ras,0,25000,24,24000,24000,25000,25000,25000,25000,24000,24000,24000,24000,24000,24000,24000,24000,24000,24000,24000,
Pasar Kosambi,Daging Sapi,0,120000,120,120000,0,120000,120000,120000,120000,120000,120000,120000,120000,120000,120000,120000,125000,0,125000,125000,
Pasar Kosambi,Minyak Goreng,0,14000,14,14000,14000,14000,14000,14000,14000,14000,14000,14000,14000,14000,14000,14000,14000,14000,14000,14000,
Pasar Kosambi,Gula Pasir,0,0,13,12500,13000,12500,12500,12500,12500,12500,12500,12500,12500,12500,12500,12500,12500,12500,13000,13000,
Pasar Kosambi,Kentang,0,14000,16000,16000,16000,14000,0,14000,14000,16000,16000,16000,16000,16000,16000,16000,16000,16000,16000,16000,
Pasar Kosambi,Kedelai,0,11000,11000,11000,11000,11000,11000,11000,11000,11000,11000,11000,11000,11000,11000,11000,11000,11000,11000,11000,
Pasar Kosambi,Tepung Terigu,0,7500,7500,7500,7500,7500,7500,7500,7500,7500,7500,7500,7500,7500,7500,7500,7500,7500,7500,7500,
Pasar Kosambi,Bawang Putih,0,25000,25000,25000,32000,25000,25000,25000,25000,25000,25000,25000,0,25000,0,25000,0,32000,32000,32000,
Pasar Kosambi,Cabe Keriting,0,50000,40000,30000,30000,50000,50000,50000,50000,40000,40000,40000,30000,30000,30000,30000,30000,30000,30000,30000,
Pasar Kosambi,Cabe Rawit,0,50000,40000,50000,40000,50000,50000,50000,0,40000,40000,40000,50000,50000,50000,50000,40000,40000,40000,40000,
Pasar Kosambi,Kacang Tanah,0,27000,27000,27000,27000,27000,27000,27000,27000,27000,27000,27000,27000,27000,27000,27000,27000,27000,27000,27000,
Pasar Kosambi,Ubi Kayu,0,4000,4000,4000,4000,4000,4000,4000,4000,4000,4000,4000,4000,4000,4000,4000,4000,4000,4000,4000,
Pasar Kosambi,Ubi Jalar,0,0,0,0,0,0,0,0,0,0,0,0,0,0,0,0,0,0,0,0,
Pasar Kosambi,Jagung,0,7000,7000,7000,7000,7000,7000,7000,7000,7000,7000,7000,7000,7000,7000,7000,7000,7000,0,7000,
Pasar Kosambi,Ikan Olahan,0,60000,60000,60000,70000,60000,60000,0,60000,60000,60000,60000,60000,60000,60000,0,60000,60000,60000,70000,
Pasar Kosambi,Beras Premium,0,0,0,0,0,0,0,0,0,0,0,0,0,0,0,0,0,0,0,0,
Pasar Kosambi,Minyak Goreng Curah,0,10000,10,10000,10000,10000,10000,10000,10000,10000,10000,10000,10000,0,10000,10000,10000,10000,10000,10000,
Pasar Kosambi,Daging Ayam Kampung,0,65000,65,65000,65000,65000,65000,65000,65000,65000,65000,65000,40000,40000,65000,65000,65000,65000,65000,65000,
Pasar Kosambi,Telur Ayam Kampung,0,40000,40,40000,40000,40000,40000,40000,40000,40000,40,40000,40000,40000,40000,40000,40000,40000,40000,40000,
Pasar Kosambi,Susu Kental Manis Merk Bendera,0,10000,10,10000,10000,10000,10000,10000,10000,10000,10000,10000,10000,10000,10000,10000,10000,10000,10000,10000,
Pasar Kosambi,Susu Kental Manis Merk Indomilk,0,9500,10,9500,9500,9500,9500,9500,9500,9500,9500,9500,9500,9500,9500,0,9500,9500,9500,9500,
Pasar Kosambi,Garam Beryodium Bata,0,1000,1000,1000,1000,1000,1000,1000,1000,1000,1000,1000,1000,1000,1000,1000,1000,1000,1000,1000,
Pasar Kosambi,Garam Beryodium Halus,0,3000,4000,4000,4000,3000,3000,3000,3000,4000,4000,4000,4000,4000,4000,4000,4000,4000,4000,4000,
Pasar Kosambi,Tepung Terigu Cakra Kembar,0,7500,7500,7500,7500,7500,7500,7500,7500,7500,7500,0,7500,7500,7500,7500,7500,7500,7500,7500,
Pasar Kosambi,Tepung Terigu Kunci,0,7000,7000,7000,7000,7000,7000,7000,7000,7000,7000,7000,7000,7000,7000,7000,7000,7000,7000,7000,
Pasar Kosambi,Mie Instan,0,2100,0,2100,2100,2100,2100,2100,2100,0,2100,2100,2100,2100,2100,2100,2100,2100,2100,2100,
Pasar Kosambi,Cabe Rawit Hijau,0,40000,30000,25000,25000,40000,40000,40000,40000,30000,30000,30000,25000,25000,25000,25000,25000,25000,25000,25000,
Pasar Kosambi,Kacang Hijau,0,20000,20000,20000,20000,20000,20000,20000,20000,20000,20000,20000,20000,20000,20000,20000,20000,20000,20000,20000,
Pasar Kosambi,Susu Bubuk Dancow,0,34500,34500,34500,34500,0,34500,34500,34500,34500,34500,34500,34500,34500,34500,34500,34500,34500,34500,34500,
Pasar Kosambi,Susu Bubuk Indomilk,0,30000,30000,30000,30000,30000,30000,30000,30000,30000,30000,30000,30000,30000,30000,30000,30000,30000,30000,30000,
Pasar Kosambi,Ikan Kembung,0,40000,30000,30000,30000,30000,30000,30000,40000,30000,30000,30000,30000,30000,30000,30000,30000,30000,30000,30000,
