NO,NAMA KECAMATAN,0,1,2,3,4,5,6,7,8,9,10,11,12,13,14,15,16,17,18
1,SUKASARI,685,1029,1051,1026,1135,1239,1223,1274,1312,1295,1233,1345,1381,1393,1266,1487,1230,913,502
2,COBLONG,1004,1599,1745,1737,1807,1993,1908,1928,1899,1930,1979,1999,2220,2173,2138,2251,1976,1862,1541
3,BABAKAN CIPARAY,1256,2071,2188,2080,2227,2431,2365,2401,2509,2496,2586,2643,2637,2738,2540,2691,2270,1601,598
4,BOJONGLOA KALER,1042,1825,1796,1874,2054,2311,2201,2332,2275,2379,2202,2254,2438,2464,2316,2428,1967,1379,558
5,ANDIR,817,1391,1456,1432,1570,1735,1693,1750,1770,1836,1801,1835,1939,2037,1914,2069,1702,1369,759
6,CICENDO,828,1332,1427,1306,1409,1592,1560,1581,1632,1678,1711,1762,1843,1857,1789,1901,1585,1227,753
7,SUKAJADI,883,1517,1489,1566,1640,1793,1709,1742,1830,1720,1674,1831,1888,1918,1904,1976,1588,1269,656
8,CIDADAP,459,788,833,780,914,916,947,889,940,900,878,908,951,930,1022,1038,887,518,164
9,BANDUNG WETAN,232,353,400,371,392,457,470,435,458,468,479,462,506,544,525,558,488,547,521
10,ASTANA ANYAR,644,1028,1149,1111,1193,1273,1265,1275,1361,1365,1322,1311,1413,1392,1328,1482,1187,799,272
11,REGOL,627,1139,1091,1097,1184,1319,1284,1331,1384,1417,1443,1458,1507,1587,1555,1659,1439,1320,1155
12,BATUNUNGGAL,1055,1719,1779,1683,1843,1990,1935,1915,2029,2032,2067,2219,2324,2383,2278,2292,2110,1607,899
13,LENGKONG,545,962,932,891,1051,1092,1117,1125,1174,1221,1163,1256,1287,1347,1325,1448,1210,1086,1024
14,CIBEUNYING KIDUL,1048,1608,1668,1671,1779,1857,1902,1974,1870,2007,1951,1950,1972,2065,1997,2002,1791,1228,609
15,BANDUNG KULON,1128,2032,2069,2008,2227,2553,2542,2554,2611,2676,2653,2500,2810,2884,2637,2832,2526,1618,493
16,KIARACONDONG,1250,1900,2037,1814,2037,2179,2155,2257,2252,2215,2061,2309,2246,2464,2412,2442,2145,1829,1273
17,BOJONGLOA KIDUL,808,1298,1355,1351,1411,1612,1573,1618,1577,1536,1511,1605,1669,1756,1566,1700,1384,1010,472
18,CIBEUNYING KALER,553,929,998,916,1067,1129,1112,1160,1171,1187,1163,1176,1246,1257,1256,1319,1206,910,576
19,SUMUR BANDUNG,318,433,466,515,544,472,578,623,631,551,593,651,632,730,741,719,638,675,625
20,ANTAPANI,742,1222,1183,1078,1197,1189,1241,1203,1229,1177,1158,1225,1241,1250,1246,1294,1157,855,483
21,BANDUNG KIDUL,541,899,911,873,933,962,1027,1007,1044,1022,1070,1091,1140,1143,1142,1118,965,622,228
22,BUAH BATU,913,1495,1604,1449,1550,1681,1676,1716,1692,1739,1683,1801,1908,1900,1894,2072,1796,1551,1130
23,RANCASARI,768,1198,1196,1258,1244,1352,1386,1356,1443,1351,1469,1448,1565,1578,1616,1790,1505,1156,770
24,ARCAMANIK,649,1124,1143,1102,1189,1286,1285,1281,1236,1275,1306,1351,1346,1390,1331,1376,1277,849,441
25,CIBIRU,700,1067,1162,1050,1181,1256,1339,1290,1356,1397,1389,1513,1471,1549,1556,1608,1424,1306,1228
26,UJUNGBERUNG,813,1280,1363,1245,1400,1502,1520,1607,1500,1541,1514,1626,1555,1710,1634,1629,1414,1017,461
27,GEDEBAGE,370,605,615,592,587,755,724,752,768,744,763,742,777,821,786,777,679,490,255
28,PANYILEUKAN,322,576,584,486,513,565,512,563,594,618,586,635,659,699,750,770,655,509,308
29,CINAMBO,256,408,403,391,445,444,459,470,477,428,406,449,457,517,476,459,442,311,156
30,MANDALAJATI,665,1086,1077,1101,1194,1228,1222,1220,1266,1281,1202,1281,1332,1327,1222,1336,1152,923,634
