lokasi,nama_komoditas,2017-12-01,2017-12-02,2017-12-03,2017-12-04,2017-12-05,2017-12-06,2017-12-07,2017-12-08,2017-12-09,2017-12-10,2017-12-11,2017-12-12,2017-12-13,2017-12-14,2017-12-15,2017-12-16,2017-12-17,2017-12-18,2017-12-19,2017-12-20,2017-12-21,2017-12-22,2017-12-23,2017-12-24,2017-12-25,2017-12-26,2017-12-27,2017-12-28,2017-12-29,2017-12-30,2017-12-31
"Pasar Andir","Beras Medium",0,0,0,0,10000,10000,10000,10000,0,0,12514,0,10000,10000,10000,0,0,10500,10500,10500,10500,10500,0,0,0,0,10500,10500,10500,0,0
"Pasar Andir","Cabe Merah",0,0,0,0,45000,45000,45000,45000,0,0,37939,0,50000,50000,50000,0,0,40000,40000,40000,40000,40000,0,0,0,0,42000,42000,42000,0,0
"Pasar Andir","Bawang Merah",0,0,0,0,20000,20000,20000,20000,0,0,28821,0,20000,20000,20000,0,0,20000,20000,20000,20000,20000,0,0,0,0,20000,20000,20000,0,0
"Pasar Andir","Daging Ayam Ras",0,0,0,0,32000,32000,32000,32000,0,0,30958,0,34000,34000,34000,0,0,35000,35000,35000,35000,35000,0,0,0,0,36000,36000,36000,0,0
"Pasar Andir","Telur Ayam Ras",0,0,0,0,23000,23000,23000,23000,0,0,20364,0,24500,24500,24500,0,0,26000,26000,26000,26000,26000,0,0,0,0,26000,26000,26000,0,0
"Pasar Andir","Daging Sapi",0,0,0,0,120000,120000,120000,120000,0,0,111080,0,0,0,0,0,0,0,120000,120000,120000,0,0,0,0,0,120000,0,120000,0,0
"Pasar Andir","Minyak Goreng",0,0,0,0,14500,14500,14500,14500,0,0,14105,0,14500,14500,14500,0,0,14500,14500,14500,14500,14500,0,0,0,0,14500,14500,14500,0,0
"Pasar Andir","Gula Pasir",0,0,0,0,15000,15000,15000,15000,0,0,13540,0,15000,15000,15000,0,0,15000,0,15000,15000,15000,0,0,0,0,15000,15000,15000,0,0
"Pasar Andir",Kentang,0,0,0,0,14000,14000,14000,14000,0,0,12867,0,15000,15000,15000,0,0,15000,15000,15000,15000,15000,0,0,0,0,15000,15000,15000,0,0
"Pasar Andir",Kedelai,0,0,0,0,11000,11000,11000,11000,0,0,11241,0,11000,11000,11000,0,0,11000,11000,11000,11000,11000,0,0,0,0,11000,11000,11000,0,0
"Pasar Andir","Tepung Terigu",0,0,0,0,7500,7500,7500,7500,0,0,7743,0,7500,7500,7500,0,0,7500,7500,7500,7500,7500,0,0,0,0,7500,7500,7500,0,0
"Pasar Andir","Bawang Putih",0,0,0,0,25000,25000,25000,25000,0,0,27174,0,25000,25000,25000,0,0,25000,21000,21000,21000,25000,0,0,0,0,21000,25000,21000,0,0
"Pasar Andir","Cabe Keriting",0,0,0,0,35000,35000,35000,35000,0,0,32568,0,35000,35000,35000,0,0,30000,30000,30000,30000,30000,0,0,0,0,35000,35000,0,0,0
"Pasar Andir","Cabe Rawit",0,0,0,0,20000,20000,20000,20000,0,0,46560,0,20000,20000,20000,0,0,45000,45000,45000,45000,45000,0,0,0,0,47000,47000,47000,0,0
"Pasar Andir","Kacang Tanah",0,0,0,0,27000,27000,27000,27000,0,0,25901,0,27000,27000,27000,0,0,27000,27000,27000,27000,27000,0,0,0,0,27000,27000,27000,0,0
"Pasar Andir","Ubi Kayu",0,0,0,0,3000,3000,3000,3000,0,0,3092,0,3000,3000,3000,0,0,3000,3000,3000,3000,3000,0,0,0,0,3000,3000,3000,0,0
"Pasar Andir","Ubi Jalar",0,0,0,0,0,0,0,0,0,0,0,0,0,0,0,0,0,0,0,0,0,0,0,0,0,0,0,0,0,0,0
"Pasar Andir",Jagung,0,0,0,0,9000,9000,0,9000,0,0,7887,0,9000,9000,9000,0,0,9000,9000,9000,9000,9000,0,0,0,0,9000,10000,10000,0,0
"Pasar Andir","Ikan Olahan",0,0,0,0,70000,70000,70000,70000,0,0,55367,0,70000,70000,70000,0,0,70000,70000,70000,70000,70000,0,0,0,0,70000,70000,70000,0,0
"Pasar Andir","Beras Premium",0,0,0,0,0,0,0,0,0,0,0,0,0,0,0,0,0,0,0,0,0,0,0,0,0,0,0,0,0,0,0
"Pasar Andir","Minyak Goreng Curah",0,0,0,0,11500,11500,11500,11500,0,0,10951,0,11500,11500,11500,0,0,11500,11500,11500,11500,11500,0,0,0,0,11500,11500,11500,0,0
"Pasar Andir","Daging Ayam Kampung",0,0,0,0,75000,75000,75000,75000,0,0,62683,0,75000,75000,75000,0,0,75000,75000,75000,75000,75000,0,0,0,0,75000,75000,75000,0,0
"Pasar Andir","Telur Ayam Kampung",0,0,0,0,40000,40000,40000,40000,0,0,39942,0,40000,40000,40000,0,0,40000,40000,40000,40000,40000,0,0,0,0,40000,40000,40000,0,0
"Pasar Andir","Susu Kental Manis Merk Bendera",0,0,0,0,9500,9500,9500,9500,0,0,9586,0,9500,9500,9500,0,0,9500,9500,9500,9500,9500,0,0,0,0,9500,9500,9500,0,0
"Pasar Andir","Susu Kental Manis Merk Indomilk",0,0,0,0,9500,9500,9500,9500,0,0,9450,0,9000,9000,9000,0,0,9000,9000,9000,9000,9000,0,0,0,0,9000,9000,9000,0,0
"Pasar Andir","Garam Beryodium Bata",0,0,0,0,0,0,2000,2000,0,0,1225,0,2000,2000,2000,0,0,2000,2000,2000,2000,2000,0,0,0,0,2000,2000,2000,0,0
"Pasar Andir","Garam Beryodium Halus",0,0,0,0,8000,8000,8000,8000,0,0,4759,0,8000,8000,8000,0,0,8000,8000,8000,8000,8000,0,0,0,0,8000,8000,8000,0,0
"Pasar Andir","Tepung Terigu Cakra Kembar",0,0,0,0,7500,7500,7500,7500,0,0,7529,0,7500,7500,7500,0,0,7500,7500,7500,7500,7500,0,0,0,0,7500,7500,7500,0,0
"Pasar Andir","Tepung Terigu Kunci",0,0,0,0,7000,7000,7000,7000,0,0,7083,0,7000,7000,7000,0,0,7000,7000,7000,7000,7000,0,0,0,0,7000,7000,7000,0,0
"Pasar Andir","Mie Instan",0,0,0,0,2000,2000,2000,2000,0,0,2159,0,2000,2000,2000,0,0,2000,2000,2000,2000,2000,0,0,0,0,2000,2000,2000,0,0
"Pasar Andir","Cabe Rawit Hijau",0,0,0,0,20000,20000,20000,20000,0,0,32767,0,20000,20000,20000,0,0,30000,30000,30000,30000,30000,0,0,0,0,30000,30000,30000,0,0
"Pasar Andir","Kacang Hijau",0,0,0,0,20000,20000,20000,20000,0,0,20190,0,20000,20000,20000,0,0,20000,20000,20000,20000,20000,0,0,0,0,20000,20000,20000,0,0
"Pasar Andir","Susu Bubuk Dancow",0,0,0,0,35000,35000,35000,35000,0,0,34936,0,35000,35000,35000,0,0,35000,35000,35000,35000,35000,0,0,0,0,35000,35000,35000,0,0
"Pasar Andir","Susu Bubuk Indomilk",0,0,0,0,32000,32000,32000,32000,0,0,31763,0,32000,32000,32000,0,0,32000,32000,32000,32000,32000,0,0,0,0,32000,32000,32000,0,0
"Pasar Andir","Ikan Kembung",0,0,0,0,35000,35000,35000,35000,0,0,29245,0,35000,35000,35000,0,0,35000,35000,0,35000,35000,0,0,0,0,35000,35000,35000,0,0
