lokasi,nama_komoditas,2015-01-01,2015-01-02,2015-01-03,2015-01-04,2015-01-05,2015-01-06,2015-01-07,2015-01-08,2015-01-09,2015-01-10,2015-01-11,2015-01-12,2015-01-13,2015-01-14,2015-01-15,2015-01-16,2015-01-17,2015-01-18,2015-01-19,2015-01-20,2015-01-21,2015-01-22,2015-01-23,2015-01-24,2015-01-25,2015-01-26,2015-01-27,2015-01-28,2015-01-29,2015-01-30,2015-01-31
Pasar Kosambi,Beras Medium,0,0,0,0,0,0,0,0,0,0,0,0,0,0,0,0,0,0,0,0,9500,9500,9500,9500,9500,0,0,9500,0,0,0
Pasar Kosambi,Cabe Merah,0,0,0,0,0,0,80000,80000,80000,60000,60000,0,0,0,0,40000,40000,0,0,0,30000,30000,30000,30000,25000,0,0,25000,0,0,0
Pasar Kosambi,Bawang Merah,0,0,0,0,0,0,18000,18000,18000,18000,18000,0,0,0,0,18000,18000,0,0,0,18000,18000,18000,18000,18000,0,0,18000,0,0,0
Pasar Kosambi,Daging Ayam Ras,0,0,0,0,0,0,32000,32000,32000,32000,32000,0,0,0,0,32000,32000,0,0,0,32000,32000,32000,32000,32000,0,0,32000,0,0,0
Pasar Kosambi,Telur Ayam Ras,0,0,0,0,0,0,21000,21000,21000,21000,21000,0,0,0,0,23000,23000,0,0,0,22500,22500,22500,22500,22500,0,0,22500,0,0,0
Pasar Kosambi,Daging Sapi,0,0,0,0,0,0,100000,100000,100000,100000,100000,0,0,0,0,100000,100000,0,0,0,100000,100000,100000,100000,100000,0,0,100000,0,0,0
Pasar Kosambi,Minyak Goreng,0,0,0,0,0,0,14000,14000,14000,14000,14000,0,0,0,0,14000,14000,0,0,0,14000,14000,14000,14000,14000,0,0,14000,0,0,0
Pasar Kosambi,Gula Pasir,0,0,0,0,0,0,11500,11500,11500,11500,11500,0,0,0,0,11500,11500,0,0,0,11500,11500,11500,11500,11500,0,0,11500,0,0,0
Pasar Kosambi,Kentang,0,0,0,0,0,0,11000,11000,11000,11000,11000,0,0,0,0,11000,11000,0,0,0,11000,0,0,0,0,0,0,0,0,0,0
Pasar Kosambi,Kedelai,0,0,0,0,0,0,11000,11000,11000,11000,11000,0,0,0,0,11000,11000,0,0,0,11000,11000,11000,11000,11000,0,0,11000,0,0,0
Pasar Kosambi,Tepung Terigu,0,0,0,0,0,0,7500,7500,7500,7500,7500,0,0,0,0,7500,7500,0,0,0,7500,7500,7500,7500,7500,0,0,7500,0,0,0
Pasar Kosambi,Bawang Putih,0,0,0,0,0,0,16000,16000,16000,16000,16000,0,0,0,0,16000,16000,0,0,0,16000,16000,16000,16000,16000,0,0,16000,0,0,0
Pasar Kosambi,Cabe Keriting,0,0,0,0,0,0,80000,80000,80000,75000,75000,0,0,0,0,60000,60000,0,0,0,30000,30000,30000,30000,25000,0,0,25000,0,0,0
Pasar Kosambi,Cabe Rawit,0,0,0,0,0,0,120000,120000,120000,100000,100000,0,0,0,0,100000,100000,0,0,0,60000,60000,60000,60000,60000,0,0,60000,0,0,0
Pasar Kosambi,Kacang Tanah,0,0,0,0,0,0,18000,18000,18000,18000,18000,0,0,0,0,18000,18000,0,0,0,18000,0,0,0,0,0,0,0,0,0,0
Pasar Kosambi,Ubi Kayu,0,0,0,0,0,0,4000,4000,4000,4000,4000,0,0,0,0,4000,4000,0,0,0,4000,0,0,0,0,0,0,0,0,0,0
Pasar Kosambi,Ubi Jalar,0,0,0,0,0,0,0,0,0,0,0,0,0,0,0,0,0,0,0,0,0,0,0,0,0,0,0,0,0,0,0
Pasar Kosambi,Jagung,0,0,0,0,0,0,7000,7000,7000,7000,7000,0,0,0,0,7000,7000,0,0,0,7000,7000,7000,7000,7000,0,0,7000,0,0,0
Pasar Kosambi,Ikan Olahan,0,0,0,0,0,0,50000,50000,50000,50000,50000,0,0,0,0,50000,50000,0,0,0,50000,50000,50000,50000,50000,0,0,50000,0,0,0
Pasar Kosambi,Beras Premium,0,0,0,0,0,0,0,0,0,0,0,0,0,0,0,0,0,0,0,0,0,0,0,0,0,0,0,0,0,0,0
Pasar Kosambi,Minyak Goreng Curah,0,0,0,0,0,0,10500,10500,10500,10500,10500,0,0,0,0,11000,11000,0,0,0,11000,9500,11000,11000,11000,0,0,11000,0,0,0
Pasar Kosambi,Daging Ayam Kampung,0,0,0,0,0,0,0,0,0,0,0,0,0,0,0,0,0,0,0,0,0,0,0,0,0,0,0,0,0,0,0
Pasar Kosambi,Telur Ayam Kampung,0,0,0,0,0,0,40000,40000,40000,40000,40000,0,0,0,0,40000,40000,0,0,0,40000,40000,40000,40000,40000,0,0,40000,0,0,0
Pasar Kosambi,Susu Kental Manis Merk Bendera,0,0,0,0,0,0,10000,10000,10000,10000,10000,0,0,0,0,10000,10000,0,0,0,10000,10000,10000,10000,10000,0,0,10000,0,0,0
Pasar Kosambi,Susu Kental Manis Merk Indomilk,0,0,0,0,0,0,0,0,0,0,0,0,0,0,0,0,0,0,0,0,0,0,0,0,0,0,0,0,0,0,0
Pasar Kosambi,Garam Beryodium Bata,0,0,0,0,0,0,1000,1000,1000,1000,1000,0,0,0,0,1000,1000,0,0,0,1000,1000,1000,1000,1000,0,0,1000,0,0,0
Pasar Kosambi,Garam Beryodium Halus,0,0,0,0,0,0,3000,3000,3000,3000,3000,0,0,0,0,3000,3000,0,0,0,3000,3000,3000,3000,3000,0,0,3000,0,0,0
Pasar Kosambi,Tepung Terigu Cakra Kembar,0,0,0,0,0,0,7500,7500,7500,7500,7500,0,0,0,0,7500,7500,0,0,0,7500,7500,7500,7500,7500,0,0,7500,0,0,0
Pasar Kosambi,Tepung Terigu Kunci,0,0,0,0,0,0,7000,7000,7000,7000,7000,0,0,0,0,7000,7000,0,0,0,7000,7000,7000,0,7000,0,0,7000,0,0,0
Pasar Kosambi,Mie Instan,0,0,0,0,0,0,0,0,0,0,0,0,0,0,0,0,0,0,0,0,0,0,0,0,0,0,0,0,0,0,0
Pasar Kosambi,Cabe Rawit Hijau,0,0,0,0,0,0,70000,70000,70000,70000,70000,0,0,0,0,40000,40000,0,0,0,0,0,0,40000,0,0,0,25000,0,0,0
Pasar Kosambi,Kacang Hijau,0,0,0,0,0,0,0,0,0,0,0,0,0,0,0,0,0,0,0,0,0,0,0,0,0,0,0,0,0,0,0
Pasar Kosambi,Susu Bubuk Dancow,0,0,0,0,0,0,0,0,0,0,0,0,0,0,0,0,0,0,0,0,0,0,0,0,0,0,0,0,0,0,0
Pasar Kosambi,Susu Bubuk Indomilk,0,0,0,0,0,0,0,0,0,0,0,0,0,0,0,0,0,0,0,0,0,0,0,0,0,0,0,0,0,0,0
Pasar Kosambi,Ikan Kembung,0,0,0,0,0,0,0,0,0,0,0,0,0,0,0,0,0,0,0,0,0,0,0,0,0,0,0,0,0,0,0
