nama_kecamatan,iud_sisa_bulan_lalu,kondom_sisa_bulan_lalu,implant_sisa_bulan_lalu,suntikan_sisa_bulan_lalu,pil_sisa_bulan_lalu,iud_diterima_bulan_ini,kondom_diterima_bulan_ini,implant_diterima_bulan_ini,suntikan_diterima_bulan_ini,pil_keluar_bulan_ini,iud_keluar_bulan_ini,kondom_keluar_bulan_ini,implant_keluar_bulan_ini,suntikan_keluar_bulan_ini,pil_diterima_bulan_ini,iud_sisa_akhir_bulan_ini,kondom_sisa_akhir_bulan_ini,implant_sisa_akhir_bulan_ini,suntikan_sisa_akhir_bulan_ini,pil_sisa_akhir_bulan_ini
Sukasari,131,36,37,458,842,0,0,0,0,0,5,24,1,164,89,126,12,36,294,753
Coblong,92,23,49,444,1531,0,0,0,0,0,0,0,2,48,7,92,23,47,396,1524
Babakan Ciparay,41,970,28,147,572,0,0,25,203,0,2,26,9,90,25,39,944,44,260,547
Bojongloa Kaler,69,100,105,164,521,25,0,0,200,0,34,0,6,205,79,60,100,99,159,442
Andir,74,378,9,270,1723,0,0,7,100,0,8,10,2,72,21,66,368,14,298,1702
Cicendo,66,2,10,539,720,0,0,0,0,0,5,0,1,48,24,61,2,9,491,696
Sukajadi,4,22,0,92,42,150,72,0,358,400,138,54,0,435,425,16,40,0,15,17
Cidadap,63,32,28,328,1389,50,12,0,400,0,17,5,0,106,16,96,39,28,622,1373
Bandung Wetan,82,44,29,551,1361,0,60,0,60,0,0,32,0,95,26,82,72,29,516,1335
Astana Anyar,125,119,7,1139,1290,50,0,15,0,0,55,5,4,132,30,120,114,18,1007,1260
Regol,91,96,31,1081,1513,13,36,0,100,0,15,8,14,103,25,89,124,17,1078,1488
Batununggal,66,64,31,640,978,0,0,0,0,0,2,1,1,141,28,64,63,30,499,950
Lengkong,147,38,14,732,1275,0,0,0,0,0,1,19,0,84,10,146,19,14,648,1265
Cibeunying Kidul,33,16,21,246,976,25,0,0,100,0,11,12,0,79,10,47,4,21,267,966
Bandung Kulon,95,87,14,430,1505,0,0,1,200,100,6,6,6,115,12,89,81,9,515,1593
Kiaracondong,66,12,25,292,719,0,0,0,100,0,11,5,2,88,17,55,7,23,304,702
Bojongloa Kidul,25,0,27,505,554,0,0,0,0,0,9,0,0,9,0,16,0,27,496,554
Cibeunying Kaler,31,0,20,338,366,0,24,0,100,100,6,0,0,57,42,25,24,20,381,424
Sumur Bandung,15,3,0,450,510,0,0,0,0,0,3,0,0,35,12,12,3,0,415,498
Antapani,138,103,13,608,1239,0,0,0,0,0,1,5,0,54,26,137,98,13,554,1213
Bandung Kidul,65,11,26,613,951,0,0,0,0,0,7,1,4,59,98,58,10,22,554,853
Buahbatu,37,56,11,245,752,0,0,0,0,0,2,12,2,76,30,35,44,9,169,722
Rancasari,26,92,27,211,270,0,0,0,300,200,4,22,0,125,102,22,70,27,386,368
Arcamanik,113,104,7,273,292,0,0,0,0,0,5,104,0,93,0,108,0,7,180,292
Cibiru,117,309,64,637,688,6,0,0,241,0,13,30,9,349,106,110,279,55,529,582
Ujung Berung,0,0,7,168,280,25,24,10,100,0,6,0,0,55,19,19,24,17,213,261
Gedebage,70,27,15,395,849,0,0,0,0,0,4,1,0,1,2,66,26,15,394,847
Panyileukan,30,30,1,324,217,0,0,0,0,0,5,3,0,80,0,25,27,1,244,217
Cinambo,196,84,20,638,701,0,0,0,0,0,42,0,0,37,37,154,84,20,601,664
Mandalajati,162,107,33,578,1166,50,0,10,100,100,3,3,0,131,41,209,104,43,547,1225