KECAMATAN;Tdk/Blm Sekolah;Blm Tamat SD/ Sederajat;Tamat SD/ Sederajat;SLTP/ Sederajat;SLTA/ Sederajat;Diploma D-I/II;Akademi /D-III/ Sarjana Muda;D-IV/ Strata-I;Strata-II;Strata-III
 SUKASARI; 10.438 ; 6.034 ; 12.719 ; 8.554 ; 25.906 ; 536 ; 4.700 ; 13.010 ; 1.353 ; 176 
 COBLONG; 15.359 ; 16.510 ; 16.476 ; 23.634 ; 38.644 ; 826 ; 4.187 ; 16.029 ; 1.324 ; 219 
 BABAKAN CIPARAY; 18.599 ; 15.235 ; 36.907 ; 21.974 ; 26.822 ; 446 ; 5.036 ; 6.853 ; 374 ; 44 
 BOJONGLOA KALER; 16.308 ; 11.431 ; 27.926 ; 21.766 ; 36.989 ; 723 ; 2.633 ; 6.711 ; 309 ; 14 
 ANDIR; 13.766 ; 15.333 ; 17.361 ; 24.193 ; 36.855 ; 536 ; 2.555 ; 8.570 ; 473 ; 32 
 CICENDO; 13.568 ; 11.867 ; 15.488 ; 18.153 ; 35.852 ; 853 ; 4.757 ; 10.433 ; 703 ; 83 
 SUKAJADI; 12.577 ; 12.565 ; 15.767 ; 15.231 ; 32.342 ; 732 ; 5.883 ; 10.917 ; 957 ; 108 
 CIDADAP; 6.926 ; 4.665 ; 11.398 ; 7.249 ; 18.000 ; 467 ; 1.650 ; 5.105 ; 437 ; 72 
 BANDUNG WETAN; 3.991 ; 3.844 ; 3.546 ; 6.075 ; 10.665 ; 316 ; 2.560 ; 6.734 ; 881 ; 96 
 ASTANA ANYAR; 9.586 ; 8.299 ; 11.667 ; 13.899 ; 27.778 ; 497 ; 3.326 ; 7.453 ; 350 ; 29 
 REGOL; 11.854 ; 11.730 ; 11.693 ; 20.219 ; 34.036 ; 644 ; 6.098 ; 13.742 ; 1.113 ; 82 
 BATUNUNGGAL; 16.618 ; 18.294 ; 19.004 ; 25.919 ; 36.546 ; 676 ; 3.268 ; 9.873 ; 636 ; 66 
 LENGKONG; 10.257 ; 9.812 ; 7.189 ; 14.082 ; 25.954 ; 787 ; 5.641 ; 16.543 ; 1.619 ; 171 
 CIBEUNYING KIDUL; 15.306 ; 13.635 ; 15.406 ; 20.856 ; 38.518 ; 871 ; 4.351 ; 10.804 ; 689 ; 94 
 BANDUNG KULON; 18.664 ; 16.931 ; 31.117 ; 24.538 ; 33.022 ; 815 ; 3.202 ; 9.070 ; 516 ; 54 
 KIARACONDONG; 17.967 ; 10.101 ; 21.670 ; 20.641 ; 47.744 ; 530 ; 3.997 ; 9.403 ; 510 ; 34 
 BOJONGLOA KIDUL; 11.192 ; 9.714 ; 19.809 ; 15.249 ; 21.424 ; 518 ; 3.041 ; 6.020 ; 344 ; 37 
 CIBEUNYING KALER; 9.445 ; 8.607 ; 8.066 ; 11.213 ; 23.649 ; 430 ; 2.831 ; 10.086 ; 1.080 ; 191 
 SUMUR BANDUNG; 4.559 ; 3.323 ; 5.162 ; 5.222 ; 19.105 ; 163 ; 1.569 ; 4.634 ; 259 ; 21 
 ANTAPANI; 9.079 ; 5.199 ; 9.027 ; 8.831 ; 24.114 ; 906 ; 5.090 ; 13.233 ; 1.325 ; 135 
 BANDUNG KIDUL; 6.959 ; 6.591 ; 8.505 ; 9.692 ; 16.553 ; 389 ; 3.072 ; 7.124 ; 656 ; 49 
 BUAH BATU; 14.166 ; 12.041 ; 13.392 ; 16.234 ; 29.649 ; 756 ; 8.144 ; 17.105 ; 1.447 ; 125 
 RANCASARI; 10.889 ; 8.486 ; 10.713 ; 11.040 ; 25.290 ; 854 ; 9.803 ; 14.526 ; 1.232 ; 111 
 ARCAMANIK; 9.935 ; 6.194 ; 10.778 ; 10.082 ; 20.801 ; 469 ; 3.718 ; 10.351 ; 1.223 ; 174 
 CIBIRU; 12.970 ; 6.734 ; 16.953 ; 14.467 ; 27.217 ; 452 ; 2.269 ; 5.986 ; 467 ; 55 
 UJUNGBERUNG; 12.001 ; 10.590 ; 13.174 ; 15.641 ; 23.093 ; 564 ; 2.760 ; 7.464 ; 594 ; 64 
 GEDEBAGE; 5.708 ; 4.537 ; 4.458 ; 5.920 ; 11.138 ; 382 ; 3.290 ; 5.833 ; 513 ; 37 
 PANYILEUKAN; 3.990 ; 4.360 ; 3.973 ; 5.870 ; 12.727 ; 403 ; 2.231 ; 5.896 ; 469 ; 72 
 CINAMBO; 3.607 ; 2.960 ; 4.209 ; 5.251 ; 7.498 ; 115 ; 717 ; 1.864 ; 158 ; 21 
 MANDALAJATI; 9.843 ; 7.827 ; 13.769 ; 12.805 ; 20.871 ; 235 ; 2.495 ; 5.278 ; 359 ; 49 
