No,Tgl,Waktu,Simpang,Tidak Menggunakan Helm,Berhenti di Zebra Cross,Berhenti di RHK,Berhenti Melebihi Stopline,Merokok,Kelebihan Muatan,Lainnya,Total Pelanggaran,Roda 2,Roda 4/Lebih,Lainnya,Total Kendaraan
1,10/01/18,Pagi,Gedebage,1,0,0,0,2,0,0,3,3,0,0,3
2,10/01/18,Pagi,Taman Sari,0,0,0,5,2,0,0,7,6,1,0,7
3,10/01/18,Pagi,Aceh,0,0,0,1,1,0,0,2,2,0,0,2
4,10/01/18,Sore,Cibaduyut,0,0,0,4,11,0,0,15,11,4,0,15
5,10/01/18,Sore,Supratman,0,0,0,0,0,0,0,0,0,0,0,0
6,10/01/18,Sore,Simpang Lima,0,0,0,2,4,0,0,6,6,0,0,6
7,10/02/18,Pagi,Cipaganti 2,0,0,0,0,1,0,0,1,1,0,0,1
8,10/02/18,Pagi,Telkom,0,0,0,11,10,0,0,21,15,5,0,20
9,10/02/18,Pagi,Banda,0,0,0,0,2,0,0,2,2,0,0,2
10,10/02/18,Sore,Kopo,3,0,0,13,21,0,0,37,31,5,0,36
11,10/02/18,Sore,Gardujati,0,0,0,19,24,0,0,43,38,5,0,43
12,10/02/18,Sore,Cipaganti 1,0,0,0,2,3,0,0,5,3,2,0,5
13,10/03/18,Pagi,M Toha,0,0,0,6,8,0,0,14,13,1,0,14
14,10/03/18,Pagi,Tamblong,0,0,0,0,0,0,0,0,0,0,0,0
15,10/03/18,Pagi,Cimuncang,2,0,0,15,13,0,20,50,45,5,0,50
16,10/03/18,Sore,Pasteur,0,0,0,15,12,0,0,27,20,7,0,27
17,10/03/18,Sore,A Yani Laswi,0,0,1,5,0,0,0,6,5,1,0,6
18,10/03/18,Sore,Trunojoyo,0,0,0,3,0,0,0,3,3,0,0,3
19,10/04/18,Pagi,Buah Batu,0,0,0,2,3,0,2,7,5,0,0,5
20,10/04/18,Pagi,Gudang utara,0,0,0,9,11,0,0,20,17,1,0,18
21,10/04/18,Pagi,Merdeka Aceh,0,0,0,0,4,0,0,4,4,0,0,4
22,10/04/18,Sore,Batununggal,0,0,0,0,0,0,0,0,0,0,0,0
23,10/04/18,Sore,Merdeka juanda,0,0,0,1,1,0,0,2,2,0,0,2
24,10/04/18,Sore,Cikutra,7,0,3,48,22,0,0,80,72,2,0,74
25,10/05/18,Pagi,Pasir Koja,5,0,0,13,39,1,0,58,54,1,0,55
26,10/05/18,Pagi,Pahlawan,0,0,0,4,2,0,0,6,6,0,0,6
27,10/05/18,Pagi,Jamika,0,0,0,5,21,0,0,26,26,0,0,26
28,10/05/18,Sore,Ujung Berung,0,0,0,14,2,0,0,16,15,1,0,16
29,10/05/18,Sore,Anggrek,1,0,0,18,11,0,0,30,29,0,0,29
30,10/05/18,Sore,Otista,0,0,0,1,2,0,0,3,3,0,0,3
31,10/06/18,Pagi,Cibeureum,0,0,0,0,0,0,0,0,1,0,0,1
32,10/06/18,Pagi,Lombok,0,0,0,3,10,0,0,13,9,3,0,12
33,10/06/18,Pagi,Paskal Baru,0,0,0,0,0,0,0,0,0,0,0,0
34,10/06/18,Sore,Sulanjana,1,0,0,16,1,0,0,18,10,8,0,18
35,10/06/18,Sore,Paskal IP,0,0,0,0,0,0,0,0,0,0,0,0
36,10/06/18,Sore,Cihapit,12,0,0,27,27,1,0,67,62,1,0,63
37,10/07/18,Pagi,Samsat,0,0,0,0,0,0,0,0,1,0,0,1
38,10/07/18,Pagi,Cihampelas,2,0,0,7,1,0,0,10,9,0,0,9
39,10/07/18,Pagi,Padasuka,1,0,0,19,8,0,0,28,27,0,0,27
40,10/07/18,Sore,Cicaheum,0,0,0,12,12,0,0,24,22,2,0,24
41,10/07/18,Sore,Caringin,1,2,0,9,34,1,0,47,40,3,0,43
42,10/07/18,Sore,Cikapayang,2,4,0,1,3,2,0,12,7,3,0,10
43,10/08/18,Pagi,Gedebage,0,0,0,2,1,0,0,3,2,1,0,3
44,10/08/18,Pagi,Tamansari,2,0,0,1,1,0,0,4,2,1,0,3
45,10/08/18,Pagi,Aceh,0,0,0,2,6,0,0,8,7,0,0,7
46,10/08/18,Sore,Cibaduyut,0,0,0,8,12,0,7,27,25,2,0,27
47,10/08/18,Sore,Supratman,0,0,0,4,12,0,0,16,9,6,0,15
48,10/08/18,Sore,S Lima,0,0,0,0,2,0,0,2,1,1,0,2
49,10/09/18,Pagi,Cipaganti 2,1,0,0,8,4,0,1,14,8,6,0,14
50,10/09/18,Pagi,Telkom,1,0,0,1,2,0,0,4,4,0,0,4
51,10/09/18,Pagi,Banda,0,0,0,19,21,0,5,45,24,15,0,39
52,10/09/18,Sore,Cipaganti ,0,0,54,16,8,0,0,78,76,2,0,78
53,10/09/18,Sore,Gardujati,0,0,0,23,9,0,0,32,32,0,0,32
54,10/09/18,Sore,Kopo,0,0,0,0,0,0,0,0,0,0,0,0
55,10/10/18,Pagi,M Toha,0,0,0,1,2,0,0,3,3,0,0,3
56,10/10/18,Pagi,Tamblong,0,0,0,6,5,0,0,11,7,0,0,7
57,10/10/18,Pagi,Cimuncang,5,0,0,19,16,0,0,40,25,5,0,30
58,10/10/18,Sore,Pasteur,0,0,0,0,0,0,0,0,0,0,0,0
59,10/10/18,Sore,A Yani Laswi,0,0,0,0,0,0,0,0,0,0,0,0
60,10/10/18,Sore,Trunojoyo,0,0,0,0,0,0,0,0,0,0,0,0
61,10/11/18,Pagi,Buahbatu,0,3,0,0,11,0,0,14,14,0,0,14
62,10/11/18,Pagi,Gudang Utara,0,0,0,0,0,0,0,0,0,0,0,0
63,10/11/18,Pagi,Merdeka Aceh,0,0,0,0,4,0,0,4,4,0,0,4
64,10/11/18,Sore,Batununggal,0,0,0,0,0,0,0,0,0,0,0,0
65,10/11/18,Sore,Merdeka Juanda,0,0,0,0,6,0,0,6,6,0,0,6
66,10/11/18,Sore,Cikutra,29,0,0,7,7,0,0,43,41,1,0,42
67,10/12/18,Pagi,Pasir Koja,0,0,0,0,7,0,0,7,7,1,0,8
68,10/12/18,Pagi,Pahlawan,0,0,0,2,5,0,0,7,5,1,0,6
69,10/12/18,Pagi,Jamika,0,0,0,6,8,0,5,19,13,3,0,16
70,10/12/18,Sore,Ujung Berung,0,0,0,0,0,0,0,0,0,0,0,0
71,10/12/18,Sore,Anggrek,0,0,0,0,0,0,0,0,0,0,0,0
72,10/12/18,Sore,Otista,0,0,0,23,8,0,0,31,15,16,0,31
73,13/10/2018,Pagi,Cibeureum,0,0,0,0,0,0,0,0,1,0,0,1
74,13/10/2018,Pagi,Lombok,0,0,0,0,0,0,0,0,0,0,0,0
75,13/10/2018,Pagi,Paskal Baru,0,0,0,0,0,0,0,0,0,0,0,0
76,13/10/2018,Sore,Sulanjana,1,0,0,8,38,0,0,47,46,1,0,47
77,13/10/2018,Sore,Paskal IP Cam,1,0,0,0,2,0,0,3,3,0,0,3
78,13/10/2018,Sore,Cihapit,3,0,0,9,8,0,0,20,18,1,0,19
79,14/10/2018,Pagi,Samsat ,0,0,1,0,0,0,0,1,1,0,0,1
80,14/10/2018,Pagi,Cihampelas,0,0,0,0,7,0,0,7,6,1,0,7
81,14/10/2018,Pagi,Padasuka,0,0,0,0,0,0,0,0,0,0,0,0
82,14/10/2018,Sore,Cicaheum,0,0,0,14,21,0,0,35,24,10,0,34
83,14/10/2018,Sore,Caringin,30,0,0,31,159,4,0,224,173,17,0,190
84,14/10/2018,Sore,Cikapayang PTZ,0,0,0,3,8,0,0,11,3,8,0,11
85,15/10/2018,Pagi,Gedebage,0,0,0,2,13,0,0,15,14,1,0,15
86,15/10/2018,Pagi,Tamansari,9,0,0,1,3,0,0,13,12,0,0,12
87,15/10/2018,Pagi,Aceh,0,0,0,2,5,0,0,7,4,4,0,8
88,15/10/2018,Sore,Cibaduyut,5,0,2,1,11,0,0,19,17,2,0,19
89,15/10/2018,Sore,Supratman ,0,0,0,5,3,0,0,8,7,1,0,8
90,15/10/2018,Sore,Simpang Lima,0,0,0,1,10,0,0,11,8,3,0,11
91,16/10/2018,Pagi,Cipaganti,0,0,0,2,8,0,0,10,7,2,0,9
92,16/10/2018,Pagi,Telkom,0,0,0,0,3,0,0,3,3,2,0,5
93,16/10/2018,Pagi,Banda,0,0,0,17,15,0,0,32,18,14,0,32
94,16/10/2018,Sore,Kopo,0,0,0,0,0,0,0,0,0,0,0,0
95,16/10/2018,Sore,Gardujati,0,0,0,0,0,0,0,0,0,0,0,0
96,16/10/2018,Sore,Cipaganti,0,0,0,0,0,0,0,0,0,0,0,0
97,17/10/2018,Pagi,M Toha,1,0,0,20,24,1,0,46,44,0,0,44
98,17/10/2018,Pagi,Tamblong,0,0,0,0,1,0,0,1,1,0,0,1
99,17/10/2018,Pagi,Cimuncang,3,0,0,5,17,3,0,28,23,0,0,23
100,17/10/2018,Sore,Pasteur,0,0,0,5,5,0,0,10,5,5,0,10
101,17/10/2018,Sore,A Yani Laswi,0,0,0,1,5,0,0,6,6,0,0,6
102,17/10/2018,Sore,Trunojoyo,0,0,0,3,5,0,0,8,7,1,0,8
103,18/10/2018,Pagi,Buah Batu,0,0,0,5,8,0,0,13,8,1,0,9
104,18/10/2018,Pagi,Gudang Utara,0,0,0,0,5,0,0,5,5,2,0,7
105,18/10/2018,Pagi,Merdeka Aceh,0,0,0,0,0,0,0,0,0,0,0,0
106,18/10/2018,Sore,Batununggal,15,0,0,0,0,1,0,16,15,0,0,15
107,18/10/2018,Sore,Merdeka Juanda,0,0,0,1,3,0,0,4,3,1,0,4
108,18/10/2018,Sore,Cikutra,26,0,0,12,2,1,1,42,37,3,0,40
109,19/10/2018,Pagi,Pasir Koja,0,0,0,2,10,0,0,12,10,1,0,11
110,19/10/2018,Pagi,Pahlawan ,1,0,0,4,2,0,0,7,3,2,0,5
111,19/10/2018,Pagi,Jamika,0,0,0,1,4,0,1,6,6,0,0,6
112,19/10/2018,Sore,Ujung Berung ,0,0,0,2,7,0,0,9,8,1,0,9
113,19/10/2018,Sore,Anggrek,0,0,0,6,5,0,0,11,11,1,0,12
114,19/10/2018,Sore,Otista Pasar Baru ,0,0,0,0,0,0,0,0,0,0,0,0
115,20/10/2018,Pagi,Cibeureum,0,0,0,0,0,0,0,0,1,0,0,1
116,20/10/2018,Pagi,Lombok,0,0,0,0,0,0,0,0,0,0,0,0
117,20/10/2018,Pagi,Paskal Baru,0,0,0,0,0,0,0,0,0,0,0,0
118,20/10/2018,Sore,Sulanjana,0,0,0,2,22,0,0,24,23,1,0,24
119,20/10/2018,Sore,Paskal IP Cam,0,0,0,0,0,0,0,0,0,0,0,0
120,20/10/2018,Sore,Cihapit,0,0,0,6,18,0,3,27,24,1,1,26
121,21/10/2018,Pagi,Samsat,3,0,0,0,1,0,0,4,4,0,0,4
122,21/10/2018,Pagi,Cihampelas,0,0,0,3,8,0,0,11,11,0,0,11
123,21/10/2018,Pagi,Padasuka,24,0,0,3,6,1,0,34,30,3,0,33
124,21/10/2018,Sore,Cicaheum,0,0,0,0,0,0,0,0,0,0,0,0
125,21/10/2018,Sore,Caringin,0,0,0,0,0,0,0,0,0,0,0,0
126,21/10/2018,Sore,Cikapayang,0,0,0,0,0,0,0,0,0,0,0,0
127,22/10/2018,Pagi,Gedebage,0,0,0,7,9,0,0,16,10,4,0,14
128,22/10/2018,Pagi,Tamansari,6,0,0,2,6,0,0,14,12,1,0,13
129,22/10/2018,Pagi,Aceh,0,0,0,5,8,0,0,13,9,5,0,14
130,22/10/2018,Sore,Cibaduyut,1,0,44,6,28,0,0,79,70,8,0,78
131,22/10/2018,Sore,Simpang Lima,1,0,0,8,1,0,0,10,10,0,0,10
132,22/10/2018,Sore,Supratman,0,0,0,0,0,0,0,0,0,0,0,0
133,23/10/2018,Pagi,Cipaganti 2,0,0,0,1,3,0,0,4,0,3,0,3
134,23/10/2018,Pagi,Telkom,0,0,0,8,3,0,0,11,4,1,0,5
135,23/10/2018,Pagi,Banda,0,0,0,1,3,0,0,4,4,0,1,5
136,23/10/2018,Sore,Kopo,1,4,0,31,38,0,0,74,63,10,0,73
137,23/10/2018,Sore,Gardujati,1,0,0,12,11,0,0,24,22,1,0,23
138,23/10/2018,Sore,Cipaganti 1,0,0,0,0,1,0,0,1,0,1,0,1
139,24/10/2018,Pagi,M Toha,0,0,0,0,0,0,0,0,1,0,0,1
140,24/10/2018,Pagi,Tamblong,1,0,0,0,0,0,0,1,0,0,0,0
141,24/10/2018,Pagi,Cimuncang,0,0,0,0,0,0,0,0,0,0,0,0
142,24/10/2018,Sore,Pasteur,1,0,0,5,3,0,0,9,8,1,0,9
143,24/10/2018,Sore,A Yani Laswi,1,0,0,1,6,0,0,8,5,3,0,8
144,24/10/2018,Sore,Trunojoyo,3,0,0,0,11,0,0,14,14,0,0,14
145,25/10/2018,Pagi,Buah Batu,0,0,0,1,3,0,0,4,3,1,0,4
146,25/10/2018,Pagi,Gudang Utara,0,0,0,3,2,0,0,5,3,2,0,5
147,25/10/2018,Pagi,Merdeka Aceh,0,0,0,0,1,0,0,1,0,1,0,1
148,25/10/2018,Sore,Batununggal,0,0,0,0,0,0,0,0,0,0,0,0
149,25/10/2018,Sore,Merdeka Juanda,0,0,0,0,2,0,0,2,2,0,0,2
150,25/10/2018,Sore,Cikutra,1,0,0,30,15,1,0,47,37,8,0,45
151,26/10/2018,Pagi,Jamika ,0,0,0,9,8,0,0,17,14,0,0,14
152,26/10/2018,Pagi,Pahlawan,1,0,0,2,1,0,0,4,3,1,0,4
153,26/10/2018,Pagi,Pasir Koja,0,0,0,0,0,0,0,0,0,0,0,0
154,26/10/2018,Sore,Ujung Berung,0,0,0,0,0,0,0,0,0,0,0,0
155,26/10/2018,Sore,Anggrek,0,0,0,8,3,0,0,11,10,1,0,11
156,26/10/2018,Sore,Otista,0,0,0,23,19,0,0,42,27,15,0,42
157,27/10/2018,Pagi,Cibeureum,1,0,0,5,15,0,0,21,19,2,0,21
158,27/10/2018,Pagi,Lombok,0,0,0,20,25,0,0,45,38,7,0,45
159,27/10/2018,Pagi,Paskal,0,0,0,0,0,0,0,0,0,0,0,0
160,27/10/2018,Sore,Sulanjana,0,0,11,3,0,0,0,14,13,1,0,14
161,27/10/2018,Sore,Paskal IP,0,0,0,0,0,0,0,0,0,0,0,0
162,27/10/2018,Sore,Cihapit,0,0,0,6,3,0,0,9,7,2,0,9
163,28/10/2018,Pagi,Samsat,5,0,0,0,3,0,0,8,8,0,0,8
164,28/10/2018,Pagi,Cihampelas,0,0,0,2,13,0,0,15,14,1,0,15
165,28/10/2018,Pagi,Padasuka,23,0,0,10,9,0,0,42,39,3,0,42
166,28/10/2018,Sore,Cicaheum,0,0,0,4,4,0,0,8,7,1,0,8
167,28/10/2018,Sore,Caringin,7,0,0,9,111,2,0,129,120,3,0,123
168,28/10/2018,Sore,Cikapayang,0,0,0,0,1,0,0,1,0,1,0,1