nama_kecamatan,jumlah_pus,jml_pus_kps_ksi,persentase_pus_kps_ks1,jml_pus_jkn_penerima_bantuan,persentase_pus_jkn_terima_bantuan,jml_pus_jkn_bukan_penerima_bantuan,persentase_pus_jkn_bukan_penerima_bantuan,jml_pus_jkn,persentase_pus_jkn
Sukasari ,25166,3497,13.9,0,0,0,0,0,0
Coblong ,17138,8120,47.38,157,0.92,235,1.37,392,2.29
Babakan Ciparay ,38038,4812,12.65,4634,12.18,140,0.37,4774,12.55
Bojongloa Kaler ,18174,4598,25.3,8645,47.57,9514,52.35,18159,99.92
Andir ,16149,338,2.09,0,0,0,0,0,0
Cicendo ,14439,9352,64.77,0,0,0,0,0,0
Sukajadi ,17289,14174,81.98,0,0,0,0,0,0
Cidadap ,9221,1961,21.27,1961,21.27,6734,73.03,8695,94.3
Bandung Wetan ,4991,3822,76.58,0,0,0,0,0,0
Astana Anyar ,10140,3343,32.97,0,0,0,0,0,0
Regol ,12835,3666,28.56,3666,28.56,9159,71.36,12825,99.92
Batununggal ,18381,9305,50.62,0,0,0,0,0,0
Lengkong ,7499,3147,41.97,361,4.81,7138,95.19,7499,100
Cibeunying Kidul ,17532,8847,50.46,8870,50.59,7390,42.15,16260,92.74
Bandung Kulon ,14812,9386,63.37,4913,33.17,4293,28.98,9206,62.15
Kiaracondong ,19749,6638,33.61,0,0,0,0,0,0
Bojongloa Kidul ,12739,7088,55.64,2228,17.49,7756,60.88,9984,78.37
Cibeunying Kaler ,9885,2916,29.5,2916,29.5,6908,69.88,9824,99.38
Sumur Bandung ,3462,801,23.14,0,0,0,0,0,0
Antapani ,10941,2247,20.54,1409,12.88,7439,67.99,8848,80.87
Bandung Kidul ,9060,4539,50.1,3912,43.18,5148,56.82,9060,100
Buahbatu ,12798,2565,20.04,1392,10.88,4209,32.89,5601,43.76
Rancasari ,10772,3370,31.28,1034,9.6,2336,21.69,3370,31.28
Arcamanik ,9074,3267,36,0,0,0,0,0,0
Cibiru ,11142,4971,44.61,1923,17.26,2492,22.37,4415,39.62
Ujung Berung ,23016,16970,73.73,5473,23.78,6136,26.66,11609,50.44
Gedebage ,9919,2922,29.46,530,5.34,2985,30.09,3515,35.44
Panyileukan ,5961,1506,25.26,863,14.48,604,10.13,1467,24.61
Cinambo ,4722,1498,31.72,777,16.45,1511,32,2288,48.45
Mandalajati ,11656,4396,37.71,4396,37.71,7260,62.29,11656,100
