No,Tgl,Waktu,Simpang,Tidak Menggunakan Helm,Berhenti di Zebra Cross,Berhenti di RHK,Berhenti Melebihi Stopline,Merokok,Kelebihan Muatan,Lainnya,Total Pelanggaran,Roda 2,Roda 4/Lebih,Lainnya,Total Kendaraan
1,01/05/2018,Pagi,Gedebage,19,1,9,3,0,0,0,32,23,9,0,32
2,01/05/2018,Pagi,Aceh,0,0,0,0,0,0,0,0,0,0,0,0
3,01/05/2018,Pagi,Tamansari,0,2,0,6,0,0,0,8,6,2,0,8
4,01/05/2018,Sore,Cibaduyut,1,9,3,7,0,0,6,26,14,12,0,26
5,01/05/2018,Sore,Supratman,0,0,3,0,0,0,0,3,0,3,0,3
6,01/05/2018,Sore,Lima,0,5,1,4,0,0,0,10,8,2,0,10
7,02/05/2018,Pagi,Cipaganti 2,1,0,9,3,0,0,0,13,4,9,0,13
8,02/05/2018,Pagi,Telkom,0,0,0,0,0,0,0,0,0,0,0,0
9,02/05/2018,Pagi,Banda,0,0,0,0,0,0,0,0,0,0,0,0
10,02/05/2018,Sore,Kopo,0,0,8,55,0,0,27,90,82,8,0,90
11,02/05/2018,Sore,Gardujati,0,13,6,4,0,0,6,29,21,8,0,29
12,02/05/2018,Sore,Cipaganti 1,0,1,0,4,0,0,0,5,4,1,0,5
13,03/05/2018,Pagi,Moh Toha,0,26,3,57,0,0,11,97,90,7,0,97
14,03/05/2018,Pagi,Tamblong,0,0,13,0,0,0,0,13,0,13,0,13
15,03/05/2018,Pagi,Cimuncang,9,19,10,13,0,0,17,68,51,17,0,68
16,03/05/2018,Sore,Tol Pasteur,0,5,0,16,0,0,0,21,19,2,0,21
17,03/05/2018,Sore,A Yani Laswi,0,5,7,12,0,0,0,24,14,8,0,22
18,03/05/2018,Sore,Trunojoyo,0,3,13,14,0,0,0,30,16,14,0,30
19,04/05/2018,Pagi,Buah Batu ,0,3,0,16,0,0,1,20,17,3,0,20
20,04/05/2018,Pagi,Gudang Utara,0,1,8,6,0,0,0,15,5,10,0,15
21,04/05/2018,Pagi,Merdeka Aceh,0,0,0,0,0,0,0,0,0,0,0,0
22,04/05/2018,Sore,Batununggal,0,0,0,0,0,0,0,0,0,0,0,0
23,04/05/2018,Sore,Merdeka Juanda,0,0,0,0,0,0,0,0,0,0,0,0
24,04/05/2018,Sore,Cikutra,7,21,6,9,0,2,0,45,36,7,0,43
25,05/05/2018,Pagi,Pasir koja,0,13,0,38,0,0,3,54,54,0,0,54
26,05/05/2018,Pagi,Pahlawan,0,4,0,2,0,0,0,6,5,1,0,6
27,05/05/2018,Pagi,Jamika,1,0,0,19,0,0,0,20,20,0,0,20
28,05/05/2018,Sore,Anggrek,0,24,9,28,0,0,0,61,37,9,0,46
29,05/05/2018,Sore,Otista - Pasar Baru,1,24,84,4,0,0,0,113,16,96,0,112
30,05/05/2018,Sore,Ujung Berung,4,4,0,1,0,2,0,11,9,0,0,9
31,06/05/2018,Pagi,Cibeureum,0,0,17,8,0,0,0,25,8,17,0,25
32,06/05/2018,Pagi,Lombok,0,12,0,23,0,0,2,37,30,7,0,37
33,06/05/2018,Pagi,Paskal Baru,0,1,5,2,0,0,0,8,2,6,0,8
34,06/05/2018,Sore,Sulanjana,0,19,0,16,0,0,0,35,31,4,0,35
35,06/05/2018,Sore,Paskal IP,2,0,6,3,0,0,0,11,2,8,0,10
36,06/05/2018,Sore,Cihapit,0,2,0,0,0,0,0,2,2,0,0,2
37,07/05/2018,Pagi,Samsat,0,0,0,0,0,0,0,0,0,0,0,0
38,07/05/2018,Pagi,Cihampelas PTZ,0,0,2,7,0,0,0,9,6,3,0,9
39,07/05/2018,Pagi,Padasuka,0,22,0,15,0,0,1,38,32,6,0,38
40,07/05/2018,Sore,Cicaheum,0,0,1,2,0,0,0,3,1,2,0,3
41,07/05/2018,Sore,Caringin,19,35,0,112,0,0,0,166,141,6,0,147
42,07/05/2018,Sore,Cikapayang,0,2,3,0,0,0,0,5,2,3,0,5
43,08/05/2018,Pagi,Gedebage,3,0,0,4,0,0,8,15,15,0,0,15
44,08/05/2018,Pagi,Aceh,0,3,0,7,0,0,0,10,8,1,0,9
45,08/05/2018,Pagi,Tamansari,0,6,0,13,0,0,0,19,11,4,1,16
46,08/05/2018,Sore,Cibaduyut,0,18,8,37,0,0,1,64,49,15,0,64
47,08/05/2018,Sore,Supratman,0,37,29,9,0,0,7,82,42,40,0,82
48,08/05/2018,Sore,Lima,0,2,0,11,0,0,0,13,12,1,0,13
49,09/05/2018,Pagi,Banda,0,5,0,3,0,0,0,8,6,2,0,8
50,09/05/2018,Pagi,Cipaganti 2,0,0,6,3,0,0,0,9,3,6,0,9
51,09/05/2018,Pagi,Telkom,0,1,17,6,0,0,0,24,7,17,0,24
52,09/05/2018,Sore,Kopo,0,8,27,16,0,0,0,51,23,28,0,51
53,09/05/2018,Sore,Gardujati,0,18,21,1,0,0,8,48,24,24,0,48
54,09/05/2018,Sore,Cipaganti 1,0,1,0,11,0,0,0,12,8,4,0,12
55,10/05/2018,Pagi,M Toha,2,0,0,21,0,0,111,134,132,0,0,132
56,10/05/2018,Pagi,Tamblong,0,0,1,0,0,0,0,1,0,1,0,1
57,10/05/2018,Pagi,Cimuncang,2,16,8,5,0,0,1,32,20,10,0,30
58,10/05/2018,Sore,A. Yani Laswi,0,2,1,4,0,0,0,7,5,2,0,7
59,10/05/2018,Sore,Tol Pasteur,0,10,0,11,0,0,0,21,13,6,0,19
60,10/05/2018,Sore,Trunojoyo,0,1,21,6,0,0,0,28,10,18,0,28
61,11/05/2018,Pagi,Buah Batu,0,0,1,54,0,0,21,76,74,2,0,76
62,11/05/2018,Pagi,Gudang Utara,0,1,16,9,0,0,0,26,9,17,0,26
63,11/05/2018,Pagi,Merdeka Aceh,0,0,0,0,0,0,0,0,0,0,0,0
64,11/05/2018,Sore,Cikutra,6,42,21,33,0,2,0,104,73,25,0,98
65,11/05/2018,Sore,-,0,0,0,0,0,0,0,0,0,0,0,0
66,11/05/2018,Sore,-,0,0,0,0,0,0,0,0,0,0,0,0
67,12/05/2018,Pagi,Pasir Koja,0,13,0,42,0,0,2,57,54,3,0,57
68,12/05/2018,Pagi,Pahlawan,0,4,3,6,0,0,1,14,10,4,0,14
69,12/05/2018,Pagi,Jamika,0,0,0,22,0,0,0,22,21,1,0,22
70,12/05/2018,Sore,Ujung Berung,0,17,0,21,0,0,0,38,37,1,0,38
71,12/05/2018,Sore,Anggrek,0,4,5,0,0,0,0,9,1,8,0,9
72,12/05/2018,Sore,Otista,0,10,6,2,0,0,0,18,6,12,0,18
73,13/05/2018,Pagi,Cibeureum,0,0,9,20,0,0,0,29,18,11,0,29
74,13/05/2018,Pagi,Lombok,1,22,0,8,0,0,1,32,28,3,0,31
75,13/05/2018,Pagi,Paskal Baru,0,0,3,0,0,0,0,3,0,3,0,3
76,13/05/2018,Sore,Sulanjana,3,0,0,44,0,0,0,47,43,2,0,45
77,13/05/2018,Sore,Paskal IP,1,5,2,0,0,0,0,8,6,2,0,8
78,13/05/2018,Sore,Cihapit,3,4,0,9,0,0,0,16,12,1,0,13
79,14/05/2018,Pagi,Cihampelas,0,0,3,14,0,0,0,17,12,5,0,17
80,14/05/2018,Pagi,Padasuka,1,28,0,6,0,0,0,35,34,1,0,35
81,14/05/2018,Pagi,Samsat,0,0,0,0,0,0,0,0,0,0,0,0
82,14/05/2018,Sore,Cicaheum,0,33,70,0,0,0,7,110,14,96,0,110
83,14/05/2018,Sore,Caringin,0,33,0,52,0,0,0,85,78,7,0,85
84,14/05/2018,Sore,Cikapayang,0,0,4,3,0,0,0,7,2,5,0,7
85,15/05/2018,Pagi,Aceh,0,2,0,2,0,0,0,4,3,1,0,4
86,15/05/2018,Pagi,Gedebgae,0,0,6,2,0,0,0,8,2,6,0,8
87,15/05/2018,Pagi,Tamansari,1,2,0,10,0,0,0,13,9,3,0,12
88,15/05/2018,Sore,Cibaduyut,0,25,16,62,0,0,1,104,74,30,0,104
89,15/05/2018,Sore,Supratman,0,6,3,7,0,0,0,16,11,5,0,16
90,15/05/2018,Sore,Simpang Lima,0,1,0,9,0,0,1,11,8,3,0,11
91,16/05/2018,Pagi,Cipaganti 2,0,0,2,2,0,0,0,4,2,2,0,4
92,16/05/2018,Pagi,Telkom,0,5,10,0,0,0,0,15,3,12,0,15
93,16/05/2018,Pagi,Banda,0,1,0,3,0,0,0,4,4,0,0,4
94,16/05/2018,Sore,Kopo,0,0,0,0,0,0,0,0,0,0,0,0
95,16/05/2018,Sore,Gardujati,0,37,0,1,0,0,0,38,36,1,0,37
96,16/05/2018,Sore,Cipaganti 1,0,0,0,1,0,0,0,1,1,0,0,1
97,17/05/2018,Pagi,M Toha,0,3,0,40,0,0,84,127,125,2,0,127
98,17/05/2018,Pagi,Tamblong,0,0,0,0,0,0,0,0,0,0,0,0
99,17/05/2018,Pagi,Cimuncang,0,0,0,0,0,0,0,0,0,0,0,0
100,17/05/2018,Sore,Pasteur,0,0,0,0,0,0,0,0,0,0,0,0
101,17/05/2018,Sore,A Yani Laswi,0,0,0,0,0,0,0,0,0,0,0,0
102,17/05/2018,Sore,Trunojoyo,0,0,0,0,0,0,0,0,0,0,0,0
103,18/05/2018,Pagi,Buahbatu,0,0,1,1,0,0,0,2,1,1,0,2
104,18/05/2018,Pagi,Gudang Utara,0,10,8,2,0,0,2,22,11,11,0,22
105,18/05/2018,Pagi,Merdeka Aceh,0,1,0,14,0,0,0,15,15,0,0,15
106,18/05/2018,Sore,Batununggal,0,0,0,0,0,0,0,0,0,0,0,0
107,18/05/2018,Sore,Merdeka Juanda,0,0,0,0,0,0,0,0,0,0,0,0
108,18/05/2018,Sore,Cikutra,24,25,15,7,0,0,0,71,47,19,0,66
109,19/05/2018,Pagi,Pasir Koja,2,21,0,60,0,0,0,83,81,1,0,82
110,19/05/2018,Pagi,Pahlawan,2,2,4,9,0,0,0,17,13,4,0,17
111,19/05/2018,Pagi,Jamika,0,0,0,24,0,0,0,24,23,1,0,24
112,19/05/2018,Sore,Ujung Berung,1,13,0,4,0,0,0,18,15,2,0,17
113,19/05/2018,Sore,Anggrek,3,2,0,7,0,0,0,12,9,0,0,9
114,19/05/2018,Sore,Otista,0,4,29,1,0,0,0,34,0,34,0,34
115,20/05/2018,Pagi,Cibeureum,1,0,27,15,0,0,0,43,11,27,0,38
116,20/05/2018,Pagi,Lombok,0,2,0,10,0,0,0,12,8,3,0,11
117,20/05/2018,Pagi,Paskal Baru,0,0,1,2,0,0,0,3,2,1,0,3
118,20/05/2018,Sore,Sulanjana,0,10,0,6,0,0,0,16,13,3,0,16
119,20/05/2018,Sore,Paskal IP CAM,0,0,1,1,0,0,0,2,1,1,0,2
120,20/05/2018,Sore,Cihapit,0,6,0,16,0,0,0,22,17,5,0,22
121,21/05/2018,Pagi,Cihampelas PTZ,0,4,4,14,0,0,0,22,16,6,0,22
122,21/05/2018,Pagi,Padasuka,4,59,0,14,0,2,0,79,66,1,0,67
123,21/05/2018,Pagi,Samsat,0,0,0,0,0,0,0,0,0,0,0,0
124,21/05/2018,Sore,Cicaheum,0,18,64,1,0,0,3,86,9,77,0,86
125,21/05/2018,Sore,Caringin,0,69,0,10,0,0,0,79,75,4,0,79
126,21/05/2018,Sore,Cikapayang,0,14,0,3,0,0,2,19,8,11,0,19
127,22/05/2018,Pagi,Gedebage,2,1,1,1,0,0,0,5,4,1,0,5
128,22/05/2018,Pagi,Tamansari,0,6,0,2,0,0,0,8,8,0,0,8
129,22/05/2018,Pagi,Aceh,0,2,0,0,0,0,0,2,0,2,0,2
130,22/05/2018,Sore,Cibaduyut,1,2,5,14,0,0,3,25,21,4,0,25
131,22/05/2018,Sore,Supratman,0,0,1,9,0,0,0,10,7,3,0,10
132,22/05/2018,Sore,Simpang Lima,0,4,2,2,0,0,0,8,4,3,0,7
133,23/05/2018,Pagi,Cipaganti,0,0,4,0,0,0,0,4,0,4,0,4
134,23/05/2018,Pagi,Telkom,0,19,22,1,0,0,0,42,21,21,0,42
135,23/05/2018,Pagi,Banda,0,0,0,0,0,0,0,0,0,0,0,0
136,23/05/2018,Sore,Kopo,0,41,1,48,0,0,0,90,88,1,0,89
137,23/05/2018,Sore,Gardujati,0,2,2,1,0,0,0,5,3,2,0,5
138,23/05/2018,Sore,Cipaganti,0,0,0,1,0,0,0,1,0,1,0,1
139,24/05/2018,Pagi,Moch Toha,0,16,1,6,0,0,0,23,22,1,0,23
140,24/05/2018,Pagi,Tamblong,0,0,3,2,0,0,0,5,2,3,0,5
141,24/05/2018,Pagi,Cimuncang,5,5,6,8,0,1,17,42,34,6,0,40
142,24/05/2018,Sore,Tol Pasteur,0,0,0,0,0,0,0,0,0,0,0,0
143,24/05/2018,Sore,A Yani Laswi,0,0,0,0,0,0,0,0,0,0,0,0
144,24/05/2018,Sore,Trunojoyo,0,0,0,0,0,0,0,0,0,0,0,0
145,25/05/2018,Pagi,Buah Batu,0,0,1,1,0,0,0,2,1,1,0,2
146,25/05/2018,Pagi,Gudang Utara,0,1,15,1,0,0,0,17,2,15,0,17
147,25/05/2018,Pagi,Merdeka Aceh,0,0,1,5,0,0,0,6,5,1,0,6
148,25/05/2018,Sore,Batununggal,0,0,7,57,0,0,2,66,54,12,0,66
149,25/05/2018,Sore,Merdeka Juanda,0,0,0,0,0,0,0,0,0,0,0,0
150,25/05/2018,Sore,Cikutra,11,14,17,7,0,0,25,74,53,19,0,72
151,26/05/2018,Pagi,Pasir Koja,3,16,1,35,0,1,6,62,47,8,0,55
152,26/05/2018,Pagi,Pahlawan,0,14,3,1,0,0,0,18,14,4,0,18
153,26/05/2018,Pagi,Jamika,0,2,0,11,0,0,0,13,12,1,0,13
154,26/05/2018,Sore,Ujung Berung,1,84,0,10,0,0,7,102,98,3,0,101
155,26/05/2018,Sore,Anggrek,0,5,16,7,0,0,1,29,13,16,0,29
156,26/05/2018,Sore,Otista,0,8,45,2,0,0,0,55,3,52,0,55
157,27/05/2018,Pagi,Cibeureum,2,0,5,12,0,0,0,19,14,5,0,19
158,27/05/2018,Pagi,Lombok,0,0,0,0,0,0,0,0,0,0,0,0
159,27/05/2018,Pagi,Paskal Baru,0,0,0,0,0,0,0,0,0,0,0,0
160,27/05/2018,Sore,Sulanjana,0,26,0,4,0,0,0,30,27,3,0,30
161,27/05/2018,Sore,Paskal IP,2,4,10,5,0,0,0,21,13,8,0,21
162,27/05/2018,Sore,Cihapit,0,6,0,10,0,0,0,16,16,0,0,16
163,28/05/2018,Pagi,Samsat,0,0,0,0,0,0,1,1,2,0,0,2
164,28/05/2018,Pagi,Cihampelas,1,2,0,1,0,0,0,4,3,0,0,3
165,28/05/2018,Pagi,Padasuka,10,39,1,19,0,0,11,80,73,3,0,76
166,28/05/2018,Sore,Cicaheum,0,41,40,33,0,0,0,114,53,56,0,109
167,28/05/2018,Sore,Caringin,17,26,0,105,0,2,0,150,124,10,0,134
168,28/05/2018,Sore,Cikapayang,0,33,0,1,0,0,0,34,14,20,0,34
