nama_kecamatan,iud_sisa_bulan_lalu,kondom_sisa_bulan_lalu,implant_sisa_bulan_lalu,suntikan_sisa_bulan_lalu,pil_sisa_bulan_lalu,iud_diterima_bulan_ini,kondom_diterima_bulan_ini,implant_diterima_bulan_ini,suntikan_diterima_bulan_ini,pil_diterima_bulan_ini,iud_diterima_bulan_ini,kondom_diterima_bulan_ini,implant_diterima_bulan_ini,suntikan_diterima_bulan_ini,pil_diterima_bulan_ini,iud_sisa_akhir_bulan_ini,kondom_sisa_akhir_bulan_ini,implant_sisa_akhir_bulan_ini,suntikan_sisa_akhir_bulan_ini,pil_sisa_akhir_bulan_ini
Sukasari,115,280,57,203,394,0,0,0,260,0,5,25,4,316,62,110,255,53,147,332
Coblong,112,172,18,199,533,0,0,0,320,0,22,4,2,183,18,90,168,16,336,515
Babakan Ciparay,61,190,24,81,189,25,24,0,100,200,6,5,1,55,69,80,209,23,126,320
Bojongloa Kaler,75,33,8,9,97,0,48,0,200,400,3,24,0,201,79,72,57,8,8,418
Andir,123,114,19,33,225,0,49,0,60,0,11,44,2,93,15,112,119,17,0,210
Cicendo,20,295,0,132,252,20,0,0,0,0,14,3,0,44,8,26,292,0,88,244
Sukajadi,88,107,41,161,305,125,24,0,511,100,105,37,19,505,254,108,94,22,167,151
Cidadap,143,129,28,86,524,0,24,0,60,0,8,2,0,19,27,135,151,28,127,497
Bandung Wetan,48,227,57,86,479,45,24,0,100,100,12,23,0,19,8,81,228,57,167,571
Astana Anyar,95,313,16,234,489,128,0,0,400,380,111,52,2,215,52,112,261,14,419,817
Regol,120,223,19,214,374,25,24,0,300,200,19,25,0,121,20,126,222,19,393,554
Batununggal,56,187,19,195,301,50,0,0,180,0,21,27,0,220,32,85,160,19,155,269
Lengkong,114,311,45,270,399,0,0,0,140,100,2,16,0,184,29,112,295,45,226,470
Cibeunying Kidul,29,48,10,70,88,0,24,0,180,300,8,42,1,112,101,21,30,9,138,287
Bandung Kulon,29,120,8,40,381,50,24,0,260,100,3,66,0,171,45,76,78,8,129,436
Kiaracondong,71,134,20,72,111,0,0,0,60,0,16,59,1,101,30,55,75,19,31,81
Bojongloa Kidul,16,25,0,113,88,0,0,0,0,0,4,4,0,5,20,12,21,0,108,68
Cibeunying Kaler,48,14,20,12,23,0,0,0,40,100,0,0,0,0,20,48,14,20,52,103
Sumur Bandung,42,60,0,72,450,0,0,0,0,0,6,2,0,22,5,36,58,0,50,445
Antapani,76,181,11,66,339,0,0,0,140,100,0,13,0,121,69,76,168,11,85,370
Bandung Kidul,118,265,14,41,671,0,0,10,60,0,3,87,0,76,156,115,178,24,25,515
Buahbatu,79,74,24,90,259,0,12,0,200,0,8,22,1,121,42,71,64,23,169,217
Rancasari,13,123,19,0,260,0,0,0,120,100,6,11,0,120,83,7,112,19,0,277
Arcamanik,135,104,8,115,84,0,0,0,40,200,2,0,0,45,110,133,104,8,110,174
Cibiru,101,243,26,122,314,35,0,36,407,202,9,7,1,377,190,127,236,61,152,326
Ujung Berung,0,45,0,14,0,0,0,0,0,0,0,5,0,14,0,0,40,0,0,0
Gedebage,24,112,10,80,253,0,0,0,60,100,13,15,2,72,94,11,97,8,68,259
Panyileukan,39,26,7,160,280,0,0,0,20,100,0,12,0,56,270,39,14,7,124,110
Cinambo,178,193,36,186,341,100,0,0,49,0,79,3,2,50,8,199,190,34,185,333
Mandalajati,104,201,8,81,400,99,165,0,100,234,4,22,0,115,111,199,344,8,66,523
