nama_kecamatan,jumlah_pengguna_IUD,persentase_pengguna_IUD,jumlah_pengguna_MOW,persentase_pengguna_MOW,jumlah_pengguna_MOP,persentase_pengguna_MOP,jumlah_pengguna_kondom,persentase_pengguna_kondom,jumlah_pengguna_implan,persentase_pengguna_implan,jumlah_pengguna_suntikan,persentase_pengguna_suntikan,jumlah_pengguna_pil,persentase_pengguna_pil,jumlah_peserta_kb_aktif,,
Andir,11624,51.95,2882,12.88,21,0.09,241,1.08,313,1.4,5007,22.38,2288,10.23,22376,,
Antapani,3060,37.91,180,2.23,31,0.38,239,2.96,102,1.26,3473,43.03,986,12.22,8071,,
Arcamanik,2331,34.95,258,3.87,14,0.21,156,2.34,267,4,2698,40.45,946,14.18,6670,,
Astana Anyar,2633,35.33,275,3.69,42,0.56,91,1.22,226,3.03,3309,44.4,876,11.76,7452,,
Babakan Ciparay,3582,19.47,252,1.37,33,0.18,102,0.55,270,1.47,11435,62.17,2720,14.79,18394,,
Bandung Kidul,1840,28.26,121,1.86,7,0.11,211,3.24,79,1.21,3050,46.84,1203,18.48,6511,,
Bandung Kulon,5739,47.58,323,2.68,10,0.08,303,2.51,527,4.37,3139,26.02,2022,16.76,12063,,
Bandung Wetan,1758,46.63,458,12.15,73,1.94,88,2.33,128,3.4,793,21.03,472,12.52,3770,,
Batununggal,3924,30.08,278,2.13,19,0.15,215,1.65,117,0.9,6470,49.6,2022,15.5,13045,,
Bojongloa Kaler,5672,40.74,452,3.25,61,0.44,230,1.65,201,1.44,4400,31.6,2907,20.88,13923,,
Bojongloa Kidul,2437,24.5,150,1.51,12,0.12,90,0.9,245,2.46,6191,62.24,822,8.26,9947,,
Buahbatu,3087,32.05,164,1.7,17,0.18,176,1.83,182,1.89,4747,49.28,1259,13.07,9632,,
Cibeunying Kaler,2624,37.49,302,4.31,27,0.39,124,1.77,61,0.87,2549,36.41,1313,18.76,7000,,
Cibeunying Kidul,4410,32.08,1144,8.32,3,0.02,292,2.12,331,2.41,5988,43.56,1577,11.47,13745,,
Cibiru,1920,22.21,173,2,33,0.38,160,1.85,253,2.93,4307,49.83,1797,20.79,8643,,
Cicendo,2816,27.56,536,5.25,5,0.05,235,2.3,219,2.14,4364,42.71,2043,19.99,10218,,
Cidadap,1587,22.24,315,4.41,7,0.1,181,2.54,633,8.87,3409,47.77,1004,14.07,7136,,
Cinambo,998,28.91,68,1.97,9,0.26,61,1.77,58,1.68,1700,49.25,558,16.16,3452,,
Coblong,4596,36.07,1217,9.55,23,0.18,680,5.34,303,2.38,4524,35.5,1400,10.99,12743,,
Gedebage,2790,36.73,575,7.57,102,1.34,197,2.59,144,1.9,2487,32.74,1301,17.13,7596,,
Kiaracondong,4357,29.51,252,1.71,17,0.12,443,3,212,1.44,7026,47.58,2459,16.65,14766,,
Lengkong,2258,42.02,220,4.09,3,0.06,205,3.82,205,3.82,1908,35.51,574,10.68,5373,,
Mandalajati,2102,23.35,302,3.35,13,0.14,208,2.31,183,2.03,4443,49.36,1751,19.45,9002,,
Panyileukan,1746,37.82,154,3.34,3,0.06,224,4.85,133,2.88,1757,38.06,599,12.98,4616,,
Rancasari,2595,37.09,149,2.13,11,0.16,254,3.63,58,0.83,2825,40.38,1104,15.78,6996,,
Regol,4710,50.37,391,4.18,48,0.51,313,3.35,182,1.95,3073,32.87,633,6.77,9350,,
Sukajadi,3474,27.55,1819,14.42,19,0.15,560,4.44,211,1.67,4007,31.77,2521,19.99,12611,,
Sukasari,2179,32.45,193,2.87,14,0.21,128,1.91,118,1.76,2723,40.55,1360,20.25,6715,,
Sumur Bandung,912,36.25,106,4.21,3,0.12,146,5.8,94,3.74,866,34.42,389,15.46,2516,,
Ujung Berung,10490,71.92,132,0.91,58,0.4,258,1.77,376,2.58,1628,11.16,1643,11.26,14585,,
