lokasi,nama_komoditas,2018-03-01,2018-03-02,2018-03-03,2018-03-04,2018-03-05,2018-03-06,2018-03-07,2018-03-08,2018-03-09,2018-03-10,2018-03-11,2018-03-12,2018-03-13,2018-03-14,2018-03-15,2018-03-16,2018-03-17,2018-03-18,2018-03-19,2018-03-20,2018-03-21,2018-03-22,2018-03-23,2018-03-24,2018-03-25,2018-03-26,2018-03-27,2018-03-28,2018-03-29,2018-03-30,2018-03-31
"Pasar Andir","Beras Medium",12500,12500,0,0,12500,11500,11000,11000,11000,0,0,11000,11000,11000,11000,11000,0,0,0,0,11000,0,11000,0,0,11000,0,11000,11000,0,0
"Pasar Andir","Cabe Merah",47000,47000,0,0,47000,47000,35000,35000,35000,0,0,35000,35000,35000,35000,35000,0,0,0,0,35000,0,35000,0,0,35000,0,35000,35000,0,0
"Pasar Andir","Bawang Merah",22000,22000,0,0,22000,22000,22000,22000,22000,0,0,25000,25000,25000,25000,25000,0,0,0,0,30000,0,30000,0,0,30000,0,30000,30000,0,0
"Pasar Andir","Daging Ayam Ras",33000,33000,0,0,33000,33000,33000,33000,33000,0,0,33000,33000,33000,33000,33000,0,0,0,0,33000,0,33000,0,0,36000,0,36000,36000,0,0
"Pasar Andir","Telur Ayam Ras",23000,23000,0,0,23000,23000,2300,2300,2300,0,0,23000,23000,23000,23000,23000,0,0,0,0,23000,0,23000,0,0,23000,0,23000,23000,0,0
"Pasar Andir","Daging Sapi",120000,120000,0,0,120000,120000,120000,120000,120000,0,0,120000,120000,120000,120000,120000,0,0,0,0,120000,0,120000,0,0,120000,0,120000,120000,0,0
"Pasar Andir","Minyak Goreng",14500,14500,0,0,14500,14500,14500,14500,14500,0,0,14500,14500,14500,14500,14500,0,0,0,0,14500,0,14500,0,0,14500,0,14500,14500,0,0
"Pasar Andir","Gula Pasir",12500,12500,0,0,12500,12500,12500,12500,12500,0,0,12500,12500,12500,12500,12500,0,0,0,0,12500,0,12500,0,0,12500,0,12500,12500,0,0
"Pasar Andir",Kentang,16000,16000,0,0,16000,16000,16000,16000,16000,0,0,16000,16000,16000,16000,16000,0,0,0,0,16000,0,16000,0,0,16000,0,16000,16000,0,0
"Pasar Andir",Kedelai,11000,11000,0,0,11000,11000,11000,11000,11000,0,0,11000,11000,11000,11000,11000,0,0,0,0,11000,0,11000,0,0,11000,0,11000,11000,0,0
"Pasar Andir","Tepung Terigu",7500,7500,0,0,7500,7500,7500,7500,7500,0,0,7500,7500,7500,7500,7500,0,0,0,0,7500,0,7500,0,0,7500,0,7500,7500,0,0
"Pasar Andir","Bawang Putih",25000,25000,0,0,25000,25000,25000,25000,25000,0,0,25000,25000,25000,25000,25000,0,0,0,0,25000,0,25000,0,0,25000,0,25000,25000,0,0
"Pasar Andir","Cabe Keriting",38000,38000,0,0,38000,38000,38000,38000,38000,0,0,38000,38000,38000,38000,38000,0,0,0,0,40000,0,40000,0,0,40000,0,40000,40000,0,0
"Pasar Andir","Cabe Rawit",55000,55000,0,0,55000,55000,60000,65000,65000,0,0,70000,70000,70000,70000,70000,0,0,0,0,70000,0,70000,0,0,70000,0,70000,70000,0,0
"Pasar Andir","Kacang Tanah",27000,27000,0,0,27000,27000,27000,27000,27000,0,0,27000,27000,27000,27000,27000,0,0,0,0,27000,0,27000,0,0,27000,0,27000,27000,0,0
"Pasar Andir","Ubi Kayu",3000,3000,0,0,3000,3000,3000,3000,3000,0,0,3000,3000,3000,3000,3000,0,0,0,0,3000,0,3000,0,0,3000,0,3000,3000,0,0
"Pasar Andir","Ubi Jalar",0,0,0,0,0,0,0,0,0,0,0,0,0,0,0,0,0,0,0,0,0,0,0,0,0,0,0,0,0,0,0
"Pasar Andir",Jagung,9000,9000,0,0,9000,9000,9000,9000,9000,0,0,9000,9000,9000,9000,9000,0,0,0,0,9000,0,9000,0,0,9000,0,9000,9000,0,0
"Pasar Andir","Ikan Olahan",70000,70000,0,0,70000,70000,70000,70000,70000,0,0,70000,70000,70000,70000,70000,0,0,0,0,70000,0,70000,0,0,70000,0,70000,70000,0,0
"Pasar Andir","Beras Premium",0,0,0,0,0,0,0,0,0,0,0,0,0,0,0,0,0,0,0,0,0,0,0,0,0,0,0,0,0,0,0
"Pasar Andir","Minyak Goreng Curah",11500,11500,0,0,11500,11500,11500,11500,11500,0,0,11500,11500,11500,11500,11500,0,0,0,0,11500,0,11500,0,0,11500,0,11500,11500,0,0
"Pasar Andir","Daging Ayam Kampung",75000,75000,0,0,75000,75000,75000,75000,75000,0,0,75000,75000,75000,75000,75000,0,0,0,0,75000,0,75000,0,0,75000,0,75000,75000,0,0
"Pasar Andir","Telur Ayam Kampung",45000,45000,0,0,45000,45000,45000,45000,45000,0,0,45000,45000,45000,45000,45000,0,0,0,0,45000,0,45000,0,0,45000,0,45000,45000,0,0
"Pasar Andir","Susu Kental Manis Merk Bendera",9500,9500,0,0,9500,9500,9500,9500,9500,0,0,9500,9500,9500,9500,9500,0,0,0,0,9500,0,9500,0,0,9500,0,9500,9500,0,0
"Pasar Andir","Susu Kental Manis Merk Indomilk",9000,9000,0,0,9000,9000,9000,9000,9000,0,0,9000,9000,9000,9000,9000,0,0,0,0,9000,0,9000,0,0,9000,0,9000,9000,0,0
"Pasar Andir","Garam Beryodium Bata",0,2000,0,0,0,2000,2000,2000,2000,0,0,2000,0,0,2000,2000,0,0,0,0,2000,0,2000,0,0,2000,0,2000,2000,0,0
"Pasar Andir","Garam Beryodium Halus",8000,8000,0,0,8000,8000,8000,8000,8000,0,0,8000,8000,8000,8000,8000,0,0,0,0,8000,0,8000,0,0,8000,0,8000,8000,0,0
"Pasar Andir","Tepung Terigu Cakra Kembar",7500,7500,0,0,7500,7500,7500,7500,7500,0,0,7500,7500,7500,7500,7500,0,0,0,0,7500,0,7500,0,0,7500,0,7500,7500,0,0
"Pasar Andir","Tepung Terigu Kunci",7000,7000,0,0,7000,7000,7000,7000,7000,0,0,7000,7000,7000,7000,7000,0,0,0,0,7000,0,7000,0,0,7000,0,7000,7000,0,0
"Pasar Andir","Mie Instan",2000,2000,0,0,2000,2000,2000,2000,2000,0,0,2000,2000,2000,2000,2000,0,0,0,0,2000,0,2000,0,0,2000,0,2000,2000,0,0
"Pasar Andir","Cabe Rawit Hijau",35000,35000,0,0,35000,35000,35000,35000,35000,0,0,30000,30000,30000,30000,30000,0,0,0,0,30000,0,30000,0,0,30000,0,30000,30000,0,0
"Pasar Andir","Kacang Hijau",20000,20000,0,0,20000,20000,20000,20000,20000,0,0,20000,20000,20000,20000,20000,0,0,0,0,20000,0,20000,0,0,20000,0,20000,20000,0,0
"Pasar Andir","Susu Bubuk Dancow",35000,35000,0,0,35000,35000,35000,35000,35000,0,0,35000,35000,35000,35000,35000,0,0,0,0,35000,0,35000,0,0,35000,0,35000,35000,0,0
"Pasar Andir","Susu Bubuk Indomilk",32000,32000,0,0,32000,32000,32000,32000,32000,0,0,32000,32000,32000,32000,32000,0,0,0,0,32000,0,32000,0,0,32000,0,32000,32000,0,0
"Pasar Andir","Ikan Kembung",35000,35000,0,0,35000,35000,0,35000,0,0,0,35000,35000,35000,35000,35000,0,0,0,0,35000,0,0,0,0,35000,0,35000,35000,0,0
