nama_kecamatan,jumlah_pengguna_IUD,persentase_pengguna_IUD,jumlah_pengguna_MOW,persentase_pengguna_MOW,jumlah_pengguna_MOP,persentase_pengguna_MOP,jumlah_pengguna_kondom,persentase_pengguna_kondom,jumlah_pengguna_implan,persentase_pengguna_implan,jumlah_pengguna_suntikan,persentase_pengguna_suntikan,jumlah_pengguna_pil,persentase_pengguna_pil,jumlah_peserta_kb_aktif
Sukasari,2232,32.54,195,2.84,14,0.2,129,1.88,124,1.81,2789,40.66,1376,20.06,6859
Coblong,0,0,0,0,0,0,0,0,0,0,0,0,0,0,0
Babakan Ciparay,3714,19.82,254,1.36,33,0.18,110,0.59,301,1.61,11577,61.79,2746,14.66,18735
Bojongloa Kaler,5748,40.4,453,3.18,63,0.44,269,1.89,224,1.57,4515,31.73,2956,20.78,14228
Andir,3276,27.78,1025,8.69,21,0.18,284,2.41,237,2.01,5458,46.28,1493,12.66,11794
Cicendo,2841,27.28,547,5.25,5,0.05,240,2.3,230,2.21,4483,43.04,2070,19.87,10416
Sukajadi,3529,27.05,1842,14.12,19,0.15,604,4.63,412,3.16,4059,31.12,2580,19.78,13045
Cidadap,1409,21.78,247,3.82,6,0.09,81,1.25,551,8.52,3201,49.49,973,15.04,6468
Bandung Wetan,1791,45.23,460,11.62,70,1.77,88,2.22,127,3.21,848,21.41,576,14.55,3960
Astana Anyar,2672,40.17,268,4.03,26,0.39,66,0.99,233,3.5,2457,36.94,929,13.97,6651
Regol,4768,50.03,391,4.1,48,0.5,325,3.41,189,1.98,3166,33.22,644,6.76,9531
Batununggal,4085,30.37,278,2.07,19,0.14,233,1.73,134,1,6670,49.59,2032,15.11,13451
Lengkong,2296,42.12,222,4.07,3,0.06,206,3.78,209,3.83,1938,35.55,577,10.59,5451
Cibeunying Kidul,4492,32.42,1144,8.26,6,0.04,300,2.16,331,2.39,6010,43.37,1574,11.36,13857
Bandung Kulon,6249,42,330,2.22,10,0.07,557,3.74,711,4.78,3838,25.79,3185,21.4,14880
Kiaracondong,4539,29.8,257,1.69,17,0.11,363,2.38,233,1.53,7391,48.53,2429,15.95,15229
Bojongloa Kidul,2510,25.01,154,1.53,12,0.12,92,0.92,248,2.47,6191,61.7,827,8.24,10034
Cibeunying Kaler,4248,57.95,359,4.9,27,0.37,134,1.83,104,1.42,1725,23.53,733,10,7330
Sumur Bandung,949,38.01,107,4.29,5,0.2,147,5.89,95,3.8,831,33.28,363,14.54,2497
Antapani,3087,39.13,178,2.26,31,0.39,238,3.02,111,1.41,3327,42.17,918,11.63,7890
Bandung Kidul,1917,27.85,121,1.76,7,0.1,292,4.24,128,1.86,3133,45.52,1285,18.67,6883
Buahbatu,3253,30.9,167,1.59,21,0.2,190,1.81,195,1.85,5415,51.44,1285,12.21,10526
Rancasari,2696,37.5,149,2.07,11,0.15,251,3.49,70,0.97,2906,40.42,1106,15.38,7189
Arcamanik,2358,31.14,237,3.13,12,0.16,355,4.69,193,2.55,3035,40.08,1382,18.25,7572
Cibiru,1983,22.18,173,1.93,33,0.37,177,1.98,277,3.1,4452,49.79,1846,20.65,8941
Ujung Berung,10538,71.62,132,0.9,58,0.39,266,1.81,382,2.6,1679,11.41,1658,11.27,14713
Gedebage,2921,37.13,536,6.81,102,1.3,199,2.53,164,2.08,2634,33.49,1310,16.65,7866
Panyileukan,1865,38.8,157,3.27,2,0.04,231,4.81,145,3.02,1818,37.82,589,12.25,4807
Cinambo,1074,29.94,69,1.92,9,0.25,62,1.73,69,1.92,1749,48.76,555,15.47,3587
Mandalajati,2117,22.9,295,3.19,13,0.14,223,2.41,282,3.05,4556,49.28,1760,19.04,9246