nama_kecamatan,iud_sisa_bulan_lalu,kondom_sisa_bulan_lalu,implant_sisa_bulan_lalu,suntikan_sisa_bulan_lalu,pil_sisa_bulan_lalu,iud_diterima_bulan_ini,kondom_diterima_bulan_ini,implant_diterima_bulan_ini,suntikan_diterima_bulan_ini,pil_keluar_bulan_ini,iud_keluar_bulan_ini,kondom_keluar_bulan_ini,implant_keluar_bulan_ini,suntikan_keluar_bulan_ini,pil_diterima_bulan_ini,iud_sisa_akhir_bulan_ini,kondom_sisa_akhir_bulan_ini,implant_sisa_akhir_bulan_ini,suntikan_sisa_akhir_bulan_ini,pil_sisa_akhir_bulan_ini
Sukasari,19,17,22,427,1038,0,1,0,0,0,1,3,2,197,66,18,15,20,230,972
Coblong,19,90,19,301,894,0,0,0,100,100,2,0,0,35,2,17,90,19,366,992
Babakan Ciparay,55,893,20,733,791,0,12,0,100,0,1,15,1,65,24,54,890,19,768,767
Bojongloa Kaler,0,194,0,224,1022,0,24,0,200,0,0,8,0,110,36,0,210,0,314,986
Andir,93,0,44,111,541,0,0,0,200,200,2,0,1,59,2,91,0,43,252,739
Cicendo,36,37,8,436,720,2,136,0,0,0,5,14,1,52,55,33,159,7,384,665
Sukajadi,8,15,5,121,40,135,72,0,541,500,138,51,5,517,375,5,36,0,145,165
Cidadap,101,110,22,583,1337,0,0,0,0,0,2,17,0,96,72,99,93,22,487,1265
Bandung Wetan,20,16,32,661,1429,10,0,0,0,0,16,1,0,54,3,14,15,32,607,1426
Astana Anyar,0,29,7,883,1601,77,120,2,500,500,77,4,2,245,75,0,145,7,1138,2026
Regol,47,108,16,710,1571,49,0,0,300,300,49,11,0,112,95,47,97,16,898,1776
Batununggal,20,46,5,686,1723,0,24,0,200,200,3,1,0,90,43,17,69,5,796,1880
Lengkong,50,103,49,371,1274,0,72,0,100,0,0,15,0,39,23,50,160,49,432,1251
Cibeunying Kidul,18,14,14,122,1247,0,0,0,0,0,7,2,0,95,7,11,12,14,27,1240
Bandung Kulon,51,40,6,170,1314,0,0,0,0,0,4,29,0,91,58,47,11,6,79,1256
Kiaracondong,0,24,9,415,1052,0,12,0,100,100,0,7,0,84,114,0,29,9,431,1038
Bojongloa Kidul,8,26,8,327,340,0,0,0,0,0,0,1,0,4,17,8,25,8,323,323
Cibeunying Kaler,0,20,0,193,350,0,24,0,100,0,0,10,0,28,0,0,34,0,265,350
Sumur Bandung,0,26,16,495,1416,0,0,0,0,0,0,0,0,60,11,0,26,16,435,1405
Antapani,52,79,2,550,1697,0,60,0,300,300,0,1,0,117,195,52,138,2,733,1802
Bandung Kidul,87,15,47,289,818,0,0,0,0,0,1,2,0,39,19,86,13,47,250,799
Buahbatu,10,11,42,135,816,0,48,0,200,200,2,4,0,138,32,8,55,42,197,984
Rancasari,55,74,16,8,434,0,0,0,0,0,7,1,0,8,53,48,73,16,0,381
Arcamanik,152,0,13,261,975,0,0,0,0,0,10,0,0,59,0,142,0,13,202,975
Cibiru,68,88,28,417,956,0,0,0,195,100,2,4,0,241,297,66,84,28,371,759
Ujung Berung,0,9,1,109,230,0,24,0,100,100,0,2,0,33,31,0,31,1,176,299
Gedebage,13,19,24,407,701,0,0,0,0,0,2,0,0,67,39,11,19,24,340,662
Panyileukan,35,13,7,385,594,0,0,0,0,0,0,1,0,27,1,35,12,7,358,593
Cinambo,30,104,64,313,743,35,0,0,16,0,35,0,3,32,22,30,104,61,297,721
Mandalajati,154,135,0,590,1364,0,24,0,300,300,4,21,0,133,51,150,138,0,757,1613