nama_kecamatan,jumlah_pus,jml_pus_kps_ksi,persentase_pus_kps_ks1,jml_pus_jkn_penerima_bantuan,persentase_pus_jkn_terima_bantuan,jml_pus_jkn_bukan_penerima_bantuan,persentase_pus_jkn_bukan_penerima_bantuan,jml_pus_jkn,persentase_pus_jkn
Sukasari,9070,3489,38.47,0,0,0,0,0,0
Coblong,17131,8123,47.42,113,0.66,174,1.02,287,1.68
Babakan Ciparay,21691,8412,38.78,8233,37.96,13456,62.03,21689,99.99
Bojongloa Kaler,17697,8071,45.61,8662,48.95,9035,51.05,17697,100
Andir,12109,341,2.82,0,0,0,0,0,0
Cicendo,14371,9352,65.08,0,0,0,0,0,0
Sukajadi,17194,14125,82.15,1961,11.41,0,0,1961,11.41
Cidadap,8628,2842,32.94,2842,32.94,5786,67.06,8628,100
Bandung Wetan,4915,3876,78.86,0,0,0,0,0,0
Astana Anyar,10041,3372,33.58,0,0,0,0,0,0
Regol,12725,3666,28.81,3666,28.81,9059,71.19,12725,100
Batununggal,18027,9305,51.62,0,0,0,0,0,0
Lengkong,7475,3136,41.95,395,5.28,7079,94.7,7474,99.99
Cibeunying Kidul,17711,8851,49.97,8905,50.28,7782,43.94,16687,94.22
Bandung Kulon,13643,9185,67.32,4861,35.63,4216,30.9,9077,66.53
Kiaracondong,19317,6578,34.05,0,0,0,0,0,0
Bojongloa Kidul,12716,4927,38.75,2102,16.53,8772,68.98,10874,85.51
Cibeunying Kaler,9838,2899,29.47,1818,18.48,3338,33.93,5156,52.41
Sumur Bandung,3486,872,25.01,0,0,0,0,0,0
Antapani,10845,2247,20.72,1406,12.96,7455,68.74,8861,81.71
Bandung Kidul,8600,2202,25.6,3898,45.33,4612,53.63,8510,98.95
Buahbatu,12996,2596,19.98,0,0,0,0,0,0
Rancasari,10589,3341,31.55,1012,9.56,2329,21.99,3341,31.55
Arcamanik,8989,3267,36.34,0,0,0,0,0,0
Cibiru,11047,4971,45,1923,17.41,2492,22.56,4415,39.97
Ujung Berung,22972,16949,73.78,5473,23.82,6136,26.71,11609,50.54
Gedebage,8825,2922,33.11,530,6.01,2985,33.82,3515,39.83
Panyileukan,5890,1469,24.94,851,14.45,594,10.08,1445,24.53
Cinambo,4648,1498,32.23,777,16.72,1511,32.51,2288,49.23
Mandalajati,11569,4385,37.9,4385,37.9,6566,56.76,10951,94.66
