KODE KEC;NAMA KECAMATAN;KELOMPOK USIA PER 5 TAHUN;;;;;;;;;;;;;;;;
;;0-4;5-9;10-14;15-19;20-24;25-29;30-34;35-39;40-44;45-49;50-54;55-59;60-64;65-69;70-74;75 +;JUMLAH
1;SUKASARI; 4.929 ; 6.347 ; 6.616 ; 4.638 ; 4.752 ; 5.020 ; 5.801 ; 5.862 ; 5.632 ; 5.125 ; 4.027 ; 3.496 ; 2.701 ; 1.927 ; 1.612 ; 1.652 ; 70.137 
2;COBLONG; 7.897 ; 9.658 ; 10.513 ; 9.275 ; 9.314 ; 9.419 ; 11.167 ; 11.313 ; 10.740 ; 9.584 ; 7.619 ; 6.156 ; 4.820 ; 3.175 ; 2.870 ; 4.719 ; 128.239 
3;BABAKAN CIPARAY; 9.826 ; 12.204 ; 13.153 ; 8.054 ; 9.249 ; 9.130 ; 11.075 ; 10.472 ; 8.852 ; 7.546 ; 6.124 ; 5.457 ; 3.930 ; 2.084 ; 1.543 ; 1.188 ; 119.887 
4;BOJONGLOA KALER; 8.603 ; 11.494 ; 11.677 ; 7.139 ; 8.178 ; 8.048 ; 9.936 ; 9.488 ; 8.466 ; 7.304 ; 6.157 ; 5.301 ; 3.803 ; 2.191 ; 1.648 ; 1.456 ; 110.889 
5;ANDIR; 6.670 ; 8.786 ; 9.525 ; 6.821 ; 7.376 ; 6.979 ; 8.703 ; 9.388 ; 8.678 ; 7.798 ; 6.215 ; 5.459 ; 4.036 ; 2.781 ; 2.353 ; 3.240 ; 104.808 
6;CICENDO; 6.304 ; 8.048 ; 8.961 ; 6.253 ; 6.633 ; 6.380 ; 7.811 ; 7.992 ; 7.375 ; 6.719 ; 5.743 ; 4.801 ; 3.570 ; 2.272 ; 1.839 ; 2.432 ; 93.133 
7;SUKAJADI; 7.100 ; 8.800 ; 9.212 ; 6.190 ; 6.434 ; 6.607 ; 8.015 ; 7.755 ; 7.064 ; 6.160 ; 5.204 ; 4.509 ; 3.361 ; 2.083 ; 1.608 ; 1.792 ; 91.894 
8;CIDADAP; 3.775 ; 4.592 ; 4.690 ; 2.854 ; 3.428 ; 3.412 ; 4.119 ; 3.860 ; 3.734 ; 3.328 ; 2.865 ; 2.379 ; 1.708 ; 1.034 ; 893 ; 827 ; 47.498 
9;BANDUNG WETAN; 1.749 ; 2.287 ; 2.519 ; 2.650 ; 2.579 ; 2.666 ; 3.296 ; 3.453 ; 3.158 ; 3.041 ; 2.483 ; 2.196 ; 1.762 ; 1.095 ; 939 ; 2.204 ; 38.077 
10;ASTANA ANYAR; 5.128 ; 6.539 ; 6.772 ; 4.106 ; 4.639 ; 4.661 ; 5.707 ; 5.584 ; 5.101 ; 4.551 ; 4.051 ; 3.601 ; 2.758 ; 1.985 ; 1.342 ; 1.523 ; 68.048 
11;REGOL; 5.141 ; 6.735 ; 7.553 ; 6.700 ; 6.482 ; 6.398 ; 8.165 ; 8.626 ; 7.819 ; 7.105 ; 5.939 ; 4.889 ; 3.997 ; 2.867 ; 2.220 ; 3.291 ; 93.927 
12;BATUNUNGGAL; 8.090 ; 9.892 ; 11.282 ; 7.992 ; 8.375 ; 7.883 ; 9.401 ; 9.721 ; 9.365 ; 8.632 ; 7.040 ; 5.479 ; 4.057 ; 2.493 ; 2.137 ; 2.648 ; 114.487 
13;LENGKONG; 4.385 ; 5.728 ; 6.382 ; 5.837 ; 5.554 ; 5.524 ; 6.433 ; 6.538 ; 6.448 ; 6.436 ; 5.228 ; 4.168 ; 3.148 ; 2.262 ; 1.982 ; 3.153 ; 79.206 
14;CIBEUNYING KIDUL; 7.779 ; 9.614 ; 9.940 ; 6.294 ; 7.051 ; 7.185 ; 8.353 ; 8.757 ; 7.972 ; 7.357 ; 6.010 ; 5.420 ; 3.819 ; 2.148 ; 1.851 ; 2.097 ; 101.647 
15;BANDUNG KULON; 9.478 ; 12.933 ; 13.486 ; 8.103 ; 9.064 ; 9.035 ; 10.772 ; 10.763 ; 9.470 ; 7.802 ; 6.281 ; 5.069 ; 3.419 ; 2.038 ; 1.464 ; 1.325 ; 120.502 
16;KIARACONDONG; 9.048 ; 11.051 ; 11.499 ; 8.996 ; 8.851 ; 8.878 ; 10.408 ; 10.766 ; 10.084 ; 9.039 ; 7.386 ; 6.146 ; 4.493 ; 2.663 ; 2.081 ; 2.389 ; 123.778 
17;BOJONGLOA KIDUL; 6.224 ; 7.920 ; 8.108 ; 5.138 ; 5.690 ; 5.723 ; 7.115 ; 7.128 ; 6.229 ; 5.078 ; 4.164 ; 3.444 ; 2.450 ; 1.542 ; 1.149 ; 1.071 ; 78.173 
18;CIBEUNYING KALER; 4.467 ; 5.762 ; 6.102 ; 4.606 ; 4.704 ; 4.885 ; 5.736 ; 6.077 ; 5.524 ; 5.089 ; 4.137 ; 3.427 ; 2.506 ; 1.553 ; 1.403 ; 1.749 ; 67.727 
19;SUMUR BANDUNG; 2.276 ; 2.856 ; 3.347 ; 3.251 ; 3.047 ; 3.027 ; 3.538 ; 3.571 ; 3.396 ; 3.113 ; 2.717 ; 2.204 ; 1.666 ; 1.069 ; 870 ; 1.458 ; 41.406 
20;ANTAPANI; 5.427 ; 6.038 ; 6.121 ; 4.277 ; 5.152 ; 5.665 ; 6.299 ; 5.521 ; 4.717 ; 4.254 ; 4.439 ; 4.475 ; 3.196 ; 1.490 ; 877 ; 757 ; 68.705 
21;BANDUNG KIDUL; 4.161 ; 5.061 ; 5.596 ; 3.293 ; 3.691 ; 3.512 ; 4.149 ; 4.526 ; 4.079 ; 3.543 ; 3.000 ; 2.314 ; 1.702 ; 1.061 ; 794 ; 691 ; 51.173 
22;BUAH BATU; 7.018 ; 8.501 ; 9.187 ; 7.792 ; 7.529 ; 7.641 ; 8.592 ; 8.665 ; 7.873 ; 7.077 ; 6.277 ; 5.057 ; 3.769 ; 2.312 ; 1.651 ; 1.770 ; 100.711 
23;RANCASARI; 5.673 ; 6.887 ; 7.676 ; 5.994 ; 5.857 ; 6.129 ; 7.128 ; 7.182 ; 6.562 ; 5.717 ; 4.740 ; 3.914 ; 3.308 ; 2.068 ; 1.529 ; 1.586 ; 81.950 
24;ARCAMANIK; 5.215 ; 6.363 ; 6.718 ; 4.503 ; 4.803 ; 4.923 ; 5.595 ; 5.299 ; 4.873 ; 4.510 ; 3.941 ; 3.250 ; 2.356 ; 1.312 ; 872 ; 961 ; 65.494 
25;CIBIRU; 5.164 ; 6.638 ; 7.480 ; 6.865 ; 6.614 ; 6.141 ; 7.204 ; 7.474 ; 7.001 ; 6.100 ; 4.701 ; 3.536 ; 2.523 ; 1.439 ; 1.227 ; 1.507 ; 81.614 
26;UJUNGBERUNG; 6.107 ; 7.665 ; 8.044 ; 5.020 ; 5.369 ; 5.140 ; 6.331 ; 6.386 ; 5.997 ; 5.323 ; 4.162 ; 3.370 ; 2.401 ; 1.335 ; 1.095 ; 1.056 ; 74.801 
27;GEDEBAGE; 2.772 ; 3.741 ; 3.891 ; 2.492 ; 2.389 ; 2.426 ; 2.779 ; 3.311 ; 3.005 ; 2.501 ; 1.936 ; 1.565 ; 1.080 ; 584 ; 470 ; 483 ; 35.425 
28;PANYILEUKAN; 2.483 ; 2.851 ; 3.332 ; 2.643 ; 3.236 ; 2.954 ; 2.754 ; 2.596 ; 2.448 ; 2.698 ; 3.004 ; 2.259 ; 1.213 ; 553 ; 365 ; 389 ; 35.778 
29;CINAMBO; 1.906 ; 2.275 ; 2.307 ; 1.510 ; 1.587 ; 1.663 ; 1.967 ; 2.135 ; 1.884 ; 1.494 ; 1.146 ; 962 ; 627 ; 355 ; 286 ; 281 ; 22.385 
30;MANDALAJATI; 5.127 ; 6.217 ; 6.365 ; 4.768 ; 4.965 ; 4.851 ; 5.908 ; 5.985 ; 5.280 ; 4.728 ; 3.822 ; 3.279 ; 2.379 ; 1.237 ; 1.032 ; 1.185 ; 67.128 
TOTAL JUMLAH;; 169.922 ; 213.483 ; 228.054 ; 164.054 ; 172.592 ; 171.905 ; 204.257 ; 206.194 ; 188.826 ; 168.752 ; 140.558 ; 117.582 ; 86.558 ; 53.008 ; 42.002 ; 50.880 ; 2.378.627 
