lokasi,nama_komoditas,2017-10-01,2017-10-02,2017-10-03,2017-10-04,2017-10-05,2017-10-06,2017-10-07,2017-10-08,2017-10-09,2017-10-10,2017-10-11,2017-10-12,2017-10-13,2017-10-14,2017-10-15,2017-10-16,2017-10-17,2017-10-18,2017-10-19,2017-10-20,2017-10-21,2017-10-22,2017-10-23,2017-10-24,2017-10-25,2017-10-26,2017-10-27,2017-10-28,2017-10-29,2017-10-30,2017-10-31
"Pasar Andir","Beras Medium",0,10000,10000,10000,10000,10000,0,0,10000,10000,10000,10000,10000,0,0,10000,0,0,0,0,0,0,10000,10000,10000,10000,0,0,0,10000,10000
"Pasar Andir","Cabe Merah",0,35000,35000,35000,40000,40000,0,0,35000,35000,35000,35000,35000,0,0,35000,0,0,0,0,0,0,35000,35000,35000,35000,0,0,0,35000,35000
"Pasar Andir","Bawang Merah",0,24000,24000,24000,24000,24000,0,0,24000,24000,24000,24000,24000,0,0,20000,0,0,0,0,0,0,20000,20000,20000,20000,0,0,0,20000,20000
"Pasar Andir","Daging Ayam Ras",0,32000,32000,32000,32000,32000,0,0,30000,30000,30000,30000,30000,0,0,30000,0,0,0,0,0,0,30000,30000,30000,30000,0,0,0,30000,30000
"Pasar Andir","Telur Ayam Ras",0,21000,21000,21000,19600,19600,0,0,20000,20000,20000,20000,20000,0,0,20000,0,0,0,0,0,0,20000,20000,20000,20000,0,0,0,20000,20000
"Pasar Andir","Daging Sapi",0,120000,120000,120000,120000,120000,0,0,120000,120000,120000,120000,120000,0,0,120000,0,0,0,0,0,0,120000,120000,120000,120000,0,0,0,120000,120000
"Pasar Andir","Minyak Goreng",0,14500,14500,14500,14500,14500,0,0,14500,14500,14500,14500,14500,0,0,14500,0,0,0,0,0,0,14500,14500,14500,14500,0,0,0,14500,14500
"Pasar Andir","Gula Pasir",0,15000,15000,15000,15000,15000,0,0,15000,15000,15000,15000,15000,0,0,15000,0,0,0,0,0,0,15000,15000,15000,15000,0,0,0,15000,15000
"Pasar Andir",Kentang,0,13000,13000,13000,13000,13000,0,0,15000,15000,15000,15000,15000,0,0,15000,0,0,0,0,0,0,14000,14000,14000,14000,0,0,0,14000,14000
"Pasar Andir",Kedelai,0,11000,11000,11000,11000,11000,0,0,11000,11000,11000,11000,11000,0,0,11000,0,0,0,0,0,0,11000,11000,11000,11000,0,0,0,11000,11000
"Pasar Andir","Tepung Terigu",0,7500,7500,7500,7500,7500,0,0,7500,7500,7500,7500,7500,0,0,7500,0,0,0,0,0,0,7500,7500,7500,7500,0,0,0,7500,7500
"Pasar Andir","Bawang Putih",0,20000,20000,20000,20000,20000,0,0,20000,20000,20000,20000,20000,0,0,20000,0,0,0,0,0,0,25000,25000,25000,25000,0,0,0,25000,25000
"Pasar Andir","Cabe Keriting",0,25000,25000,25000,30000,30000,0,0,30000,30000,30000,30000,30000,0,0,30000,0,0,0,0,0,0,30000,30000,30000,30000,0,0,0,28000,28000
"Pasar Andir","Cabe Rawit",0,22000,22000,22000,22000,22000,0,0,22000,22000,22000,22000,22000,0,0,20000,0,0,0,0,0,0,20000,20000,20000,20000,0,0,0,20000,20000
"Pasar Andir","Kacang Tanah",0,25000,25000,25000,25000,25000,0,0,25000,25000,25000,25000,25000,0,0,25000,0,0,0,0,0,0,25000,25000,25000,25000,0,0,0,25000,25000
"Pasar Andir","Ubi Kayu",0,3000,3000,3000,3000,3000,0,0,3000,3000,3000,3000,3000,0,0,3000,0,0,0,0,0,0,3000,3000,3000,3000,0,0,0,3000,3000
"Pasar Andir","Ubi Jalar",0,0,0,0,0,0,0,0,0,0,0,0,0,0,0,0,0,0,0,0,0,0,0,0,0,0,0,0,0,0,0
"Pasar Andir",Jagung,0,9000,9000,9000,9000,9000,0,0,9000,9000,9000,9000,9000,0,0,9000,0,0,0,0,0,0,9000,9000,9000,9000,0,0,0,9000,9000
"Pasar Andir","Ikan Olahan",0,70000,70000,70000,70000,70000,0,0,70000,70000,70000,70000,70000,0,0,70000,0,0,0,0,0,0,70000,70000,70000,70000,0,0,0,70000,70000
"Pasar Andir","Beras Premium",0,0,0,0,0,0,0,0,0,0,0,0,0,0,0,0,0,0,0,0,0,0,0,0,0,0,0,0,0,0,0
"Pasar Andir","Minyak Goreng Curah",0,11500,11500,11500,11500,11500,0,0,11500,11500,11500,11500,11500,0,0,11500,0,0,0,0,0,0,11500,11500,11500,11500,0,0,0,11500,11500
"Pasar Andir","Daging Ayam Kampung",0,75000,75000,75000,75000,75000,0,0,75000,75000,75000,75000,75000,0,0,75000,0,0,0,0,0,0,75000,75000,75000,75000,0,0,0,75000,75000
"Pasar Andir","Telur Ayam Kampung",0,40000,40000,40000,40000,40000,0,0,40000,40000,40000,40000,40000,0,0,40000,0,0,0,0,0,0,40000,40000,40000,40000,0,0,0,40000,40000
"Pasar Andir","Susu Kental Manis Merk Bendera",0,9500,9500,9500,9500,9500,0,0,9500,9500,9500,9500,9500,0,0,9500,0,0,0,0,0,0,9500,9500,9500,9500,0,0,0,9500,9500
"Pasar Andir","Susu Kental Manis Merk Indomilk",0,9000,9000,9000,9000,9000,0,0,9000,9000,9000,9000,9000,0,0,9000,0,0,0,0,0,0,9000,9000,9000,9000,0,0,0,9500,9000
"Pasar Andir","Garam Beryodium Bata",0,0,2000,2000,2000,0,0,0,0,0,0,0,0,0,0,0,0,0,0,0,0,0,0,2000,0,0,0,0,0,2000,0
"Pasar Andir","Garam Beryodium Halus",0,8000,8000,8000,8000,8000,0,0,8000,8000,8000,8000,8000,0,0,8000,0,0,0,0,0,0,8000,8000,8000,8000,0,0,0,8000,8000
"Pasar Andir","Tepung Terigu Cakra Kembar",0,7500,7500,7500,7500,7500,0,0,7500,7500,7500,7500,7500,0,0,7500,0,0,0,0,0,0,7500,7500,7500,7500,0,0,0,7500,7500
"Pasar Andir","Tepung Terigu Kunci",0,7000,7000,7000,7000,7000,0,0,7000,7000,7000,7000,7000,0,0,7000,0,0,0,0,0,0,7000,7000,7000,7000,0,0,0,7000,7500
"Pasar Andir","Mie Instan",0,2000,2000,2000,2000,2000,0,0,2000,2000,2000,2000,2000,0,0,2000,0,0,0,0,0,0,2000,2000,2000,2000,0,0,0,2000,2000
"Pasar Andir","Cabe Rawit Hijau",0,20000,20000,20000,25000,25000,0,0,25000,25000,25000,25000,25000,0,0,20000,0,0,0,0,0,0,20000,20000,20000,20000,0,0,0,20000,20000
"Pasar Andir","Kacang Hijau",0,21000,21000,21000,21000,21000,0,0,21000,21000,21000,21000,21000,0,0,20000,0,0,0,0,0,0,20000,20000,20000,20000,0,0,0,20000,20000
"Pasar Andir","Susu Bubuk Dancow",0,35000,35000,35000,35000,35000,0,0,35000,35000,35000,35000,35000,0,0,35000,0,0,0,0,0,0,35000,35000,35000,35000,0,0,0,35000,35000
"Pasar Andir","Susu Bubuk Indomilk",0,32000,32000,32000,32000,32000,0,0,32000,32000,32000,32000,32000,0,0,32000,0,0,0,0,0,0,32000,32000,32000,32000,0,0,0,32000,32000
"Pasar Andir","Ikan Kembung",0,32000,0,0,0,32000,0,0,32000,32000,32000,32000,32000,0,0,32000,0,0,0,0,0,0,32000,0,32000,32000,0,0,0,0,32000
