nama_kecamatan,jumlah_pengguna_IUD,persentase_pengguna_IUD,jumlah_pengguna_MOW,persentase_pengguna_MOW,jumlah_pengguna_MOP,persentase_pengguna_MOP,jumlah_pengguna_kondom,persentase_pengguna_kondom,jumlah_pengguna_implan,persentase_pengguna_implan,jumlah_pengguna_suntikan,persentase_pengguna_suntikan,jumlah_pengguna_pil,persentase_pengguna_pil,jumlah_peserta_kb_aktif
Sukasari,1774,29.48,175,2.91,12,0.2,150,2.49,56,0.93,2777,46.15,1073,17.83,6017
Coblong,4225,35.57,1198,10.09,23,0.19,673,5.67,237,2,4128,34.75,1394,11.74,11878
Babakan Ciparay,3381,19.94,244,1.44,26,0.15,104,0.61,237,1.4,10339,60.98,2623,15.47,16954
Bojongloa Kaler,5501,39.6,446,3.21,56,0.4,225,1.62,189,1.36,4612,33.2,2863,20.61,13892
Andir,2231,22.24,747,7.45,19,0.19,154,1.54,265,2.64,4151,41.39,2463,24.56,10030
Cicendo,2653,27.54,510,5.29,32,0.33,224,2.33,156,1.62,4156,43.14,1902,19.74,9633
Sukajadi,3109,27.53,1976,17.5,37,0.33,518,4.59,134,1.19,3478,30.8,2042,18.08,11294
Cidadap,1290,21.25,223,3.67,7,0.12,44,0.72,498,8.2,3058,50.37,951,15.66,6071
Bandung Wetan,2044,52.78,428,11.05,27,0.7,100,2.58,101,2.61,729,18.82,444,11.46,3873
Astana Anyar,2124,32.02,255,3.84,43,0.65,174,2.62,210,3.17,2878,43.38,950,14.32,6634
Regol,4402,53.5,378,4.59,279,3.39,23,0.28,124,1.51,2493,30.3,529,6.43,8228
Batununggal,3442,30.27,273,2.4,18,0.16,207,1.82,83,0.73,5412,47.6,1935,17.02,11370
Lengkong,4341,40.03,294,2.71,20,0.18,406,3.74,196,1.81,4336,39.99,1251,11.54,10844
Cibeunying Kidul,3833,32.31,1125,9.48,53,0.45,198,1.67,83,0.7,5132,43.26,1439,12.13,11863
Bandung Kulon,6912,55.94,282,2.28,10,0.08,131,1.06,302,2.44,2709,21.93,2009,16.26,12355
Kiaracondong,3215,28.51,219,1.94,20,0.18,284,2.52,128,1.14,5466,48.48,1943,17.23,11275
Bojongloa Kidul,2208,23.2,125,1.31,32,0.34,28,0.29,229,2.41,6097,64.05,800,8.4,9519
Cibeunying Kaler,3030,41.73,225,3.1,34,0.47,105,1.45,193,2.66,2360,32.5,1314,18.1,7261
Sumur Bandung,2790,57.66,156,3.22,2,0.04,23,0.48,16,0.33,1228,25.38,624,12.9,4839
Antapani,2814,39.52,169,2.37,31,0.44,196,2.75,74,1.04,2910,40.87,926,13.01,7120
Bandung Kidul,638,23.02,58,2.09,7,0.25,74,2.67,22,0.79,1432,51.68,540,19.49,2771
Buahbatu,2655,30.65,126,1.45,26,0.3,151,1.74,109,1.26,4335,50.05,1260,14.55,8662
Rancasari,2685,36.82,166,2.28,25,0.34,237,3.25,38,0.52,3162,43.36,980,13.44,7293
Arcamanik,2254,33.24,236,3.48,24,0.35,111,1.64,369,5.44,2982,43.98,805,11.87,6781
Cibiru,1216,18.73,127,1.96,31,0.48,141,2.17,212,3.27,3507,54.03,1257,19.37,6491
Ujung Berung,8160,69.1,126,1.07,58,0.49,246,2.08,323,2.74,1229,10.41,1667,14.12,11809
Gedebage,2146,33.71,813,12.77,124,1.95,259,4.07,150,2.36,2168,34.06,706,11.09,6366
Panyileukan,1454,38.37,131,3.46,4,0.11,173,4.57,70,1.85,1365,36.03,592,15.62,3789
Cinambo,841,27.01,66,2.12,9,0.29,58,1.86,34,1.09,1556,49.97,550,17.66,3114
Mandalajati,1922,23.75,272,3.36,10,0.12,169,2.09,132,1.63,3937,48.66,1649,20.38,8091
