nama_kecamatan,iud_sisa_bulan_lalu,kondom_sisa_bulan_lalu,implant_sisa_bulan_lalu,suntikan_sisa_bulan_lalu,pil_sisa_bulan_lalu,iud_diterima_bulan_ini,kondom_diterima_bulan_ini,implant_diterima_bulan_ini,suntikan_diterima_bulan_ini,pil_keluar_bulan_ini,iud_keluar_bulan_ini,kondom_keluar_bulan_ini,implant_keluar_bulan_ini,suntikan_keluar_bulan_ini,pil_diterima_bulan_ini,iud_sisa_akhir_bulan_ini,kondom_sisa_akhir_bulan_ini,implant_sisa_akhir_bulan_ini,suntikan_sisa_akhir_bulan_ini,pil_sisa_akhir_bulan_ini
Sukasari,125,40,24,583,763,0,0,0,0,0,6,9,3,213,103,119,31,21,370,660
Coblong,136,12,78,329,1724,0,0,0,0,0,14,6,8,109,24,122,6,70,220,1700
Babakan Ciparay,31,284,34,263,545,0,0,0,0,0,8,9,2,121,30,23,275,32,142,515
Bojongloa Kaler,88,120,119,159,348,25,0,100,200,0,42,6,110,215,151,71,114,109,144,197
Andir,24,321,5,338,1744,50,1,10,200,0,29,21,1,69,35,45,301,14,469,1709
Cicendo,50,46,0,285,476,3,2,0,18,4,4,12,0,35,12,49,36,0,268,468
Sukajadi,16,40,0,92,242,150,72,0,358,300,138,54,0,435,425,28,58,0,15,117
Cidadap,77,35,27,432,1420,0,0,0,0,0,16,2,0,87,22,61,33,27,345,1398
Bandung Wetan,99,41,37,350,1265,0,0,0,0,0,9,6,0,50,17,90,35,37,300,1248
Astana Anyar,118,85,24,937,1367,100,0,10,300,0,19,4,7,155,24,199,81,27,1082,1343
Regol,161,54,37,959,1513,0,0,0,0,0,16,6,3,57,11,145,48,34,902,1502
Batununggal,117,71,34,285,1771,0,12,0,100,0,12,15,2,163,16,105,68,32,222,1755
Lengkong,166,417,34,714,1235,1,0,0,0,0,1,8,1,98,22,166,409,33,616,1213
Cibeunying Kidul,95,14,35,472,592,50,0,0,100,0,54,4,17,108,13,91,10,18,464,579
Bandung Kulon,80,40,13,467,1600,0,0,0,100,0,13,16,0,140,14,67,24,13,427,1586
Kiaracondong,48,16,17,290,711,0,0,0,0,0,15,2,2,118,40,33,14,15,172,671
Bojongloa Kidul,8,12,12,471,544,25,0,10,0,0,8,0,1,3,0,25,12,21,468,544
Cibeunying Kaler,50,7,135,541,568,0,0,0,0,0,3,2,0,38,3,47,5,135,503,565
Sumur Bandung,144,47,14,240,952,0,0,0,0,0,4,11,0,75,7,140,36,14,165,945
Antapani,97,105,10,307,587,0,0,0,0,0,41,6,0,36,23,56,99,10,271,564
Bandung Kidul,49,31,20,589,764,0,0,0,0,0,7,3,9,63,69,42,28,11,526,695
Buahbatu,25,38,8,190,695,25,0,10,200,0,1,5,3,81,10,49,33,15,309,685
Rancasari,36,182,12,802,874,0,0,0,0,0,6,20,0,148,82,30,162,12,654,792
Arcamanik,100,35,0,160,292,25,12,20,0,0,5,3,0,93,0,120,44,20,67,292
Cibiru,101,257,54,311,397,2,0,0,0,0,3,12,9,83,57,100,245,45,228,340
Ujung Berung,6,19,12,100,141,50,0,20,0,0,36,7,23,21,26,20,12,9,79,115
Gedebage,60,24,32,416,867,0,0,0,0,0,5,5,1,43,28,55,19,31,373,839
Panyileukan,20,168,21,251,307,0,0,0,0,0,2,2,2,80,4,18,166,19,171,303
Cinambo,95,8,18,583,564,0,0,0,0,0,50,0,0,29,28,45,8,18,554,536
Mandalajati,250,71,37,646,1748,0,0,0,0,0,5,0,0,105,32,245,71,37,541,1716