No,Tgl,Waktu,Simpang,Tidak Menggunakan Helm,Berhenti di Zebra Cross,Berhenti di RHK,Berhenti Melebihi Stopline,Merokok,Kelebihan Muatan,Lainnya,Total Pelanggaran,Roda 2,Roda 4/Lebih,Lainnya,Total Kendaraan
1,08/01/2018,Pagi,Gedebage,0,1,5,8,0,0,0,14,8,6,0,14
2,08/01/2018,Pagi,Taman Sari,0,0,0,0,0,0,0,0,0,0,0,0
3,08/01/2018,Pagi,Aceh,0,3,0,10,0,0,0,13,12,0,0,12
4,08/01/2018,Sore,Cibaduyut,5,12,20,52,0,0,0,89,53,36,0,89
5,08/01/2018,Sore,Supratman,1,19,19,5,0,0,0,44,20,24,0,44
6,08/01/2018,Sore,Simpang Lima,0,2,0,9,0,0,0,11,7,4,0,11
7,08/02/2018,Pagi,Cipaganti 2,0,11,0,6,0,0,0,17,9,8,0,17
8,08/02/2018,Pagi,Telkom,0,0,0,0,0,0,0,0,0,0,0,0
9,08/02/2018,Pagi,Banda,0,0,0,0,0,0,0,0,0,0,0,0
10,08/02/2018,Sore,Kopo,0,9,4,22,0,0,14,49,46,3,0,49
11,08/02/2018,Sore,Gardujati,0,7,1,6,0,0,0,14,10,3,0,13
12,08/02/2018,Sore,Cipaganti 1,0,0,0,5,0,0,0,5,4,1,0,5
13,08/03/2018,Pagi,M Toha,0,0,0,0,0,0,0,0,0,0,0,0
14,08/03/2018,Pagi,Tamblong,0,0,0,0,0,0,0,0,0,0,0,0
15,08/03/2018,Pagi,Cimuncang,1,5,1,1,0,0,0,8,4,3,0,7
16,08/03/2018,Sore,Pasteur,0,2,0,13,0,0,0,15,11,4,0,15
17,08/03/2018,Sore,A Yani Laswi,0,3,7,7,0,0,0,17,8,9,0,17
18,08/03/2018,Sore,Trunojoyo,0,3,5,5,0,0,0,13,7,5,0,12
19,08/04/2018,Pagi,Buah Batu,0,0,0,0,0,0,4,4,4,0,0,4
20,08/04/2018,Pagi,Gudang utara,1,10,16,7,0,0,0,34,16,17,0,33
21,08/04/2018,Pagi,Merdeka Aceh,1,9,0,25,0,0,0,35,35,0,0,35
22,08/04/2018,Sore,Batununggal,0,0,0,0,0,0,0,0,0,0,0,0
23,08/04/2018,Sore,Merdeka juanda,0,5,0,0,0,0,0,5,2,3,0,5
24,08/04/2018,Sore,Cikutra,30,9,4,6,0,0,0,49,45,4,0,49
25,08/05/2018,Pagi,Pasir Koja,44,16,0,35,0,1,0,96,84,2,0,86
26,08/05/2018,Pagi,Pahlawan,6,11,7,8,0,1,1,34,22,11,0,33
27,08/05/2018,Pagi,Jamika,5,27,0,85,0,0,0,117,110,5,0,115
28,08/05/2018,Sore,Ujung Berung,0,0,0,0,0,0,0,0,0,0,0,0
29,08/05/2018,Sore,Anggrek,6,0,0,0,0,0,0,6,0,0,0,0
30,08/05/2018,Sore,Otista,0,0,0,0,0,0,0,0,0,0,0,0
31,08/06/2018,Pagi,Cibeureum,0,0,0,0,0,0,0,0,1,0,0,1
32,08/06/2018,Pagi,Lombok,0,0,0,0,0,0,0,0,0,0,0,0
33,08/06/2018,Pagi,Paskal Baru,0,12,0,11,0,0,0,23,20,1,0,21
34,08/06/2018,Sore,Sulanjana,0,0,0,0,0,0,0,0,0,0,0,0
35,08/06/2018,Sore,Paskal IP,1,1,4,6,0,0,0,12,6,6,0,12
36,08/06/2018,Sore,Cihapit,19,33,0,55,0,2,0,109,99,5,0,104
37,08/07/2018,Pagi,M Toha,0,1,3,2,0,0,0,6,4,1,0,5
38,08/07/2018,Pagi,Tamblong,0,2,0,5,0,0,0,7,5,1,0,6
39,08/07/2018,Pagi,Cimuincang,0,4,0,4,0,0,0,8,7,1,0,8
40,08/07/2018,Sore,Cicaheum,0,25,62,13,0,0,0,100,14,86,0,100
41,08/07/2018,Sore,Caringin,7,60,0,12,0,0,0,79,75,2,0,77
42,08/07/2018,Sore,Cikapayang,0,6,2,7,0,0,0,15,6,9,0,15
43,08/08/2018,Pagi,Gedebage,2,0,2,1,0,0,2,7,5,2,0,7
44,08/08/2018,Pagi,Tamansari,0,10,0,4,0,0,0,14,11,3,0,14
45,08/08/2018,Pagi,Aceh,0,2,1,0,0,0,0,3,2,1,0,3
46,08/08/2018,Sore,Cibaduyut,2,8,1,20,0,1,0,32,27,1,0,28
47,08/08/2018,Sore,Supratman,0,8,5,13,0,0,0,26,18,6,0,24
48,08/08/2018,Sore,S Lima,0,4,2,4,0,0,0,10,4,4,0,8
49,08/09/2018,Pagi,Cipaganti 2,0,0,1,2,0,0,0,3,2,1,0,3
50,08/09/2018,Pagi,Telkom,1,12,19,0,0,0,0,32,11,20,0,31
51,08/09/2018,Pagi,Banda,0,14,0,0,0,0,0,14,13,1,0,14
52,08/09/2018,Sore,Cipaganti ,2,3,3,8,0,0,0,16,11,4,0,15
53,08/09/2018,Sore,Gardujati,0,14,17,11,0,0,0,42,18,21,0,39
54,08/09/2018,Sore,Kopo,0,4,0,4,0,0,0,8,7,1,0,8
55,08/10/2018,Pagi,M Toha,0,2,0,8,0,0,0,10,10,0,0,10
56,08/10/2018,Pagi,Tamblong,0,0,2,0,0,0,0,2,0,2,0,2
57,08/10/2018,Pagi,Cimuncang,1,12,3,14,0,0,12,42,35,7,0,42
58,08/10/2018,Sore,Pasteur,1,6,0,1,0,0,0,8,7,1,0,8
59,08/10/2018,Sore,A Yani Laswi,0,4,4,0,0,0,0,8,4,4,0,8
60,08/10/2018,Sore,Trunojoyo,0,2,5,0,0,0,0,7,1,6,0,7
61,08/11/2018,Pagi,Buahbatu,0,0,2,11,0,0,0,13,11,2,0,13
62,08/11/2018,Pagi,Gudang Utara,0,7,1,18,0,0,0,26,25,1,0,26
63,08/11/2018,Pagi,Merdeka Aceh,0,0,2,11,0,0,0,13,11,2,0,13
64,08/11/2018,Sore,Batununggal,1,0,5,12,0,0,0,18,13,5,0,18
65,08/11/2018,Sore,Merdeka Juanda,0,0,0,2,0,0,0,2,1,1,0,2
66,08/11/2018,Sore,Cikutra,18,38,4,1,0,0,0,61,51,4,0,55
67,08/12/2018,Pagi,Pasir Koja,0,6,0,20,0,0,0,26,25,1,0,26
68,08/12/2018,Pagi,Pahlawan,0,7,4,9,0,0,0,20,15,5,0,20
69,08/12/2018,Pagi,Jamika,0,10,0,25,0,0,1,36,35,1,0,36
70,08/12/2018,Sore,Ujung Berung,3,16,0,5,0,0,0,24,24,0,0,24
71,08/12/2018,Sore,Anggrek,3,9,12,17,0,0,0,41,28,13,0,41
72,08/12/2018,Sore,Otista,0,5,14,4,0,0,0,23,9,14,0,23
73,13/8/2018,Pagi,Cibeureum,0,5,0,3,0,0,0,8,7,0,0,7
74,13/8/2018,Pagi,Lombok,0,0,0,0,0,0,0,0,0,0,0,0
75,13/8/2018,Pagi,Paskal Baru,0,0,0,0,0,0,0,0,0,0,0,0
76,13/8/2018,Sore,Sulanjana,0,0,0,0,0,0,0,0,0,0,0,0
77,13/8/2018,Sore,Paskal IP Cam,1,1,1,0,0,0,4,7,6,1,0,7
78,13/8/2018,Sore,Cihapit,17,25,0,38,0,0,0,80,73,3,0,76
79,14/8/2018,Pagi,Samsat ,0,0,0,0,0,0,0,0,0,0,0,0
80,14/8/2018,Pagi,Padasuka,0,0,0,0,0,0,0,0,0,0,0,0
81,14/8/2018,Pagi,Cihampelaz PTZ,5,41,0,0,0,0,1,47,41,1,0,42
82,14/8/2018,Sore,Cicaheum ,0,13,5,14,0,0,0,32,14,18,0,32
83,14/8/2018,Sore,Caringin,4,64,0,34,0,3,0,105,93,5,0,98
84,14/8/2018,Sore,Cikapayang PTZ,0,3,6,0,0,0,0,9,1,8,0,9
85,15/8/2018,Pagi,Gedebage,2,1,1,0,0,0,0,4,2,2,0,4
86,15/8/2018,Pagi,Tamansari,0,1,0,2,0,0,0,3,3,0,0,3
87,15/8/2018,Pagi,Aceh,0,3,0,1,0,0,0,4,4,0,0,4
88,15/8/2018,Sore,Cibaduyut,3,15,4,30,0,1,0,53,41,9,0,50
89,15/8/2018,Sore,Supratman ,0,4,1,5,0,0,0,10,9,1,0,10
90,15/8/2018,Sore,Simpang Lima,0,2,3,6,0,0,0,11,7,4,0,11
91,16/8/2018,Pagi,Cipaganti,0,0,6,0,0,0,0,6,0,6,0,6
92,16/8/2018,Pagi,Telkom,0,5,4,2,0,0,0,11,7,4,0,11
93,16/8/2018,Pagi,Banda,1,17,0,4,0,0,0,22,15,7,0,22
94,16/8/2018,Sore,Kopo,0,14,0,20,0,0,0,34,32,2,0,34
95,16/8/2018,Sore,Gardujati,0,28,1,16,0,0,0,45,40,5,0,45
96,16/8/2018,Sore,Cipaganti,0,0,7,0,0,0,0,7,0,7,0,7
97,17/8/2018,Pagi,M Toha,0,6,1,8,0,0,0,15,12,3,0,15
98,17/8/2018,Pagi,Tamblong,0,0,1,0,0,0,0,1,0,1,0,1
99,17/8/2018,Pagi,Cimuncang,0,7,0,9,0,0,0,16,13,3,0,16
100,17/8/2018,Sore,Pasteur,0,1,0,5,0,0,0,6,6,0,0,6
101,17/8/2018,Sore,A Yani Laswi,0,1,1,0,0,0,0,2,1,1,0,2
102,17/8/2018,Sore,Trunojoyo,0,2,7,0,0,0,0,9,1,8,0,9
103,18/8/2018,Pagi,Buah Batu,0,6,1,8,0,0,0,15,12,3,0,15
104,18/8/2018,Pagi,Gudang Utara,0,0,1,0,0,0,0,1,0,1,0,1
105,18/8/2018,Pagi,Merdeka Aceh,0,7,0,9,0,0,0,16,13,3,0,16
106,18/8/2018,Sore,Batununggal,0,1,0,5,0,0,0,6,6,0,0,6
107,18/8/2018,Sore,Merdeka Juanda,0,1,1,0,0,0,0,2,1,1,0,2
108,18/8/2018,Sore,Cikutra,0,2,7,0,0,0,0,9,1,8,0,9
109,19/8/2018,Pagi,Pasir Koja,0,13,0,10,0,0,5,28,25,3,0,28
110,19/8/2018,Pagi,Pahlawan ,0,16,0,8,0,0,0,24,24,0,0,24
111,19/8/2018,Pagi,Jamika,0,8,0,14,0,0,0,22,21,1,0,22
112,19/8/2018,Sore,Ujung Berung ,5,27,0,1,0,1,0,34,29,3,0,32
113,19/8/2018,Sore,Anggrek,4,10,6,16,0,0,0,36,26,10,0,36
114,19/8/2018,Sore,Otista Pasar Baru ,0,2,17,5,0,0,0,24,6,18,0,24
115,20/8/2018,Pagi,Cibeureum,0,0,0,8,0,0,0,8,8,0,0,8
116,20/8/2018,Pagi,Lombok,1,4,0,3,0,0,0,8,6,1,0,7
117,20/8/2018,Pagi,Paskal Baru,0,0,0,0,0,0,0,0,0,0,0,0
118,20/8/2018,Sore,Sulanjana,0,0,0,0,0,0,0,0,0,0,0,0
119,20/8/2018,Sore,Paskal IP Cam,0,0,0,0,0,0,0,0,0,0,0,0
120,20/8/2018,Sore,Cihapit,1,3,0,13,0,0,0,17,13,3,0,16
121,21/8/2018,Pagi,Samsat,0,2,0,0,0,0,0,2,2,0,0,2
122,21/8/2018,Pagi,Cihampelas,0,7,1,3,0,0,0,11,9,2,0,11
123,21/8/2018,Pagi,Padasuka,3,62,0,0,0,0,0,65,60,2,0,62
124,21/8/2018,Sore,Cicaheum,0,16,0,6,0,0,0,22,13,8,0,21
125,21/8/2018,Sore,Caringin,5,44,0,70,0,1,0,120,109,5,0,114
126,21/8/2018,Sore,Cikapayang,0,2,10,0,0,0,0,12,1,11,0,12
127,22/8/2018,Pagi,Gedebage,8,1,1,1,0,0,0,11,10,1,0,11
128,22/8/2018,Pagi,Tamansari,0,0,0,0,0,0,0,0,0,0,0,0
129,22/8/2018,Pagi,Aceh,0,1,0,1,0,0,0,2,2,0,0,2
130,22/8/2018,Sore,Cibaduyut,1,12,5,16,0,0,0,34,26,7,0,33
131,22/8/2018,Sore,Simpang Lima,0,2,2,0,0,0,0,4,1,3,0,4
132,22/8/2018,Sore,Supratman,0,0,1,5,0,0,0,6,1,5,0,6
133,23/8/2018,Pagi,Cipaganti 2,0,0,2,4,0,0,0,6,4,2,0,6
134,23/8/2018,Pagi,Telkom,0,3,11,2,0,0,0,16,5,11,0,16
135,23/8/2018,Pagi,Banda,0,5,7,4,0,0,0,16,7,9,0,16
136,23/8/2018,Sore,Kopo,0,0,0,0,0,0,0,0,0,0,0,0
137,23/8/2018,Sore,Gardujati,0,0,0,0,0,0,0,0,0,0,0,0
138,23/8/2018,Sore,Cipaganti 1,0,0,0,0,0,0,0,0,0,0,0,0
139,24/8/2018,Pagi,M Toha,0,0,0,0,0,0,0,0,0,0,0,0
140,24/8/2018,Pagi,Tamblong,0,1,2,1,0,0,0,4,0,2,0,2
141,24/8/2018,Pagi,Cimuncang,0,6,1,8,0,0,0,15,14,1,0,15
142,24/8/2018,Sore,Pasteur,0,23,0,7,0,0,0,30,21,9,0,30
143,24/8/2018,Sore,A Yani Laswi,1,0,5,9,0,0,0,15,9,6,0,15
144,24/8/2018,Sore,Trunojoyo,0,3,14,2,0,0,0,19,5,14,0,19
145,25/8/2018,Pagi,Buah Batu,0,0,1,30,0,0,0,31,26,5,0,31
146,25/8/2018,Pagi,Gudang Utara,0,5,16,7,0,0,0,28,10,17,0,27
147,25/8/2018,Pagi,Merdeka Aceh,0,0,7,3,0,0,0,10,5,5,0,10
148,25/8/2018,Sore,Batununggal,0,4,12,0,0,0,0,16,4,12,0,16
149,25/8/2018,Sore,Merdeka Juanda,0,0,0,2,0,0,0,2,2,0,0,2
150,25/8/2018,Sore,Cikutra,21,15,17,2,0,0,0,55,39,15,0,54
151,26/8/2018,Pagi,Jamika ,9,9,0,3,0,0,0,21,18,0,0,18
152,26/8/2018,Pagi,Pahlawan,0,1,1,0,0,0,0,2,1,1,0,2
153,26/8/2018,Pagi,Pasir Koja,0,3,0,12,0,0,0,15,15,0,0,15
154,26/8/2018,Sore,Ujung Berung,2,8,0,2,0,0,0,12,10,0,0,10
155,26/8/2018,Sore,Anggrek,0,2,2,3,0,0,0,7,4,2,0,6
156,26/8/2018,Sore,Otista,0,0,3,3,0,0,0,6,3,3,0,6
157,27/8/2018,Pagi,Cibeureum,0,0,0,0,0,0,0,0,0,0,0,0
158,27/8/2018,Pagi,Lombok,1,6,0,2,0,0,0,9,7,1,0,8
159,27/8/2018,Pagi,Paskal,0,0,0,0,0,0,0,0,0,0,0,0
160,27/8/2018,Sore,Sulanjana,0,0,0,0,0,0,0,0,0,0,0,0
161,27/8/2018,Sore,Paskal IP,0,0,10,4,0,0,1,15,5,10,0,15
162,27/8/2018,Sore,Cihapit,0,8,0,21,0,0,0,29,23,5,0,28
163,28/8/2018,Pagi,Samsat,0,1,4,3,0,0,1,9,5,4,0,9
164,28/8/2018,Pagi,Cihampelas,0,3,0,15,0,0,0,18,15,3,0,18
165,28/8/2018,Pagi,Padasuka,0,7,0,6,0,0,0,13,10,3,0,13
166,28/8/2018,Sore,Cicaheum,0,14,6,12,0,0,0,32,11,21,0,32
167,28/8/2018,Sore,Caringin,7,41,0,114,0,0,0,162,153,2,0,155
168,28/8/2018,Sore,Cikapayang,0,1,10,1,0,0,0,12,0,12,0,12
