nama_sekolah,jarak_0_1,persen_jarak_0_1,jarak_1_2,persen_jarak_1_2,jarak_2_3,persen_jarak_2_3,jarak_3_4,persen_jarak_3_4,jarak_4_keatas,persen_jarak_4_keatas,total_pendaftar
SMP Negeri 1,6,8.22,26,35.62,10,13.70,9,12.33,22,30.14,73
SMP Negeri 2,11,30.56,1,2.78,5,13.89,2,5.56,17,47.22,36
SMP Negeri 3,30,24.79,36,29.75,21,17.36,16,13.22,18,14.88,121
SMP Negeri 4,71,46.10,35,22.73,17,11.04,10,6.49,21,13.64,154
SMP Negeri 5,9,12.33,10,13.70,5,6.85,6,8.22,43,58.90,73
SMP Negeri 6,47,9.14,122,23.74,125,24.32,130,25.29,90,17.51,514
SMP Negeri 7,27,9.64,72,25.71,32,11.43,26,9.29,123,43.93,280
SMP Negeri 8,30,17.75,69,40.83,49,28.99,8,4.73,13,7.69,169
SMP Negeri 9,34,13.49,85,33.73,37,14.68,44,17.46,52,20.63,252
SMP Negeri 10,78,18.93,175,42.48,67,16.26,43,10.44,49,11.89,412
SMP Negeri 11,68,24.64,73,26.45,54,19.57,35,12.68,46,16.67,276
SMP Negeri 12,16,14.81,36,33.33,37,34.26,7,6.48,12,11.11,108
SMP Negeri 13,23,17.04,40,29.63,18,13.33,11,8.15,43,31.85,135
SMP Negeri 14,22,16.30,35,25.93,34,25.19,14,10.37,30,22.22,135
SMP Negeri 15,32,13.22,104,42.98,48,19.83,14,5.79,44,18.18,242
SMP Negeri 16,63,20.72,127,41.78,77,25.33,15,4.93,22,7.24,304
SMP Negeri 17,37,10.72,72,20.87,85,24.64,56,16.23,95,27.54,345
SMP Negeri 18,56,16.05,83,23.78,91,26.07,46,13.18,73,20.92,349
SMP Negeri 19,104,29.13,158,44.26,53,14.85,17,4.76,25,7.00,357
SMP Negeri 20,188,35.95,154,29.45,126,24.09,16,3.06,39,7.46,523
SMP Negeri 21,182,24.83,273,37.24,166,22.65,57,7.78,55,7.50,733
SMP Negeri 22,81,20.40,141,35.52,95,23.93,35,8.82,45,11.34,397
SMP Negeri 23,72,15.75,136,29.76,74,16.19,66,14.44,109,23.85,457
SMP Negeri 24,125,36.13,170,49.13,28,8.09,4,1.16,19,5.49,346
SMP Negeri 25,51,19.25,86,32.45,65,24.53,27,10.19,36,13.58,265
SMP Negeri 26,32,13.85,118,51.08,50,21.65,15,6.49,16,6.93,231
SMP Negeri 27,108,27.14,171,42.96,83,20.85,25,6.28,11,2.76,398
SMP Negeri 28,75,30.12,55,22.09,17,6.83,15,6.02,87,34.94,249
SMP Negeri 29,68,14.05,186,38.43,155,32.02,51,10.54,24,4.96,484
SMP Negeri 30,31,15.98,71,36.60,37,19.07,15,7.73,40,20.62,194
SMP Negeri 31,79,19.32,158,38.63,66,16.14,38,9.29,68,16.63,409
SMP Negeri 32,167,27.38,171,28.03,148,24.26,79,12.95,45,7.38,610
SMP Negeri 33,154,44.64,135,39.13,17,4.93,16,4.64,23,6.67,345
SMP Negeri 34,25,13.30,55,29.26,25,13.30,23,12.23,60,31.91,188
SMP Negeri 35,46,15.86,132,45.52,102,35.17,3,1.03,7,2.41,290
SMP Negeri 36,42,19.53,73,33.95,69,32.09,22,10.23,9,4.19,215
SMP Negeri 37,165,43.19,167,43.72,35,9.16,6,1.57,9,2.36,382
SMP Negeri 38,34,17.00,91,45.50,61,30.50,9,4.50,5,2.50,200
SMP Negeri 39,58,17.79,167,51.23,83,25.46,8,2.45,10,3.07,326
SMP Negeri 40,64,8.51,145,19.28,266,35.37,118,15.69,159,21.14,752
SMP Negeri 41,63,18.10,106,30.46,94,27.01,48,13.79,37,10.63,348
SMP Negeri 42,125,18.66,289,43.13,144,21.49,49,7.31,63,9.40,670
SMP Negeri 43,106,19.85,153,28.65,105,19.66,84,15.73,86,16.10,534
SMP Negeri 44,72,13.93,240,46.42,71,13.73,33,6.38,101,19.54,517
SMP Negeri 45,146,38.62,148,39.15,58,15.34,12,3.17,14,3.70,378
SMP Negeri 46,6,3.08,54,27.69,76,38.97,29,14.87,30,15.38,195
SMP Negeri 47,28,19.58,47,32.87,27,18.88,26,18.18,15,10.49,143
SMP Negeri 48,57,12.47,174,38.07,144,31.51,56,12.25,26,5.69,457
SMP Negeri 49,111,20.40,193,35.48,94,17.28,91,16.73,55,10.11,544
SMP Negeri 50,88,19.78,185,41.57,86,19.33,53,11.91,33,7.42,445
SMP Negeri 51,32,10.49,93,30.49,83,27.21,35,11.48,62,20.33,305
SMP Negeri 52,9,6.82,41,31.06,58,43.94,17,12.88,7,5.30,132
SMP Negeri 53,59,24.38,110,45.45,60,24.79,5,2.07,8,3.31,242
SMP Negeri 54,0,0.00,1,50.00,0,0.00,1,50.00,0,0.00,2
SMP Negeri 55,0,0.00,0,0.00,0,0.00,3,100.00,0,0.00,3
SMP Negeri 56,2,10.53,15,78.95,1,5.26,1,5.26,0,0.00,19
SMP Negeri 57,0,0.00,0,0.00,1,50.00,0,0.00,1,50.00,2
MTsN Negeri 1,56,27.72,73,36.14,34,16.83,16,7.92,23,11.39,202
MTsN Negeri 2,58,19.40,106,35.45,63,21.07,31,10.37,41,13.71,299
