lokasi,nama_komoditas,2018-08-01,2018-08-02,2018-08-03,2018-08-04,2018-08-05,2018-08-06,2018-08-07,2018-08-08,2018-08-09,2018-08-10,2018-08-11,2018-08-12,2018-08-13,2018-08-14,2018-08-15,2018-08-16,2018-08-17,2018-08-18,2018-08-19,2018-08-20,2018-08-21,2018-08-22,2018-08-23,2018-08-24,2018-08-25,2018-08-26,2018-08-27,2018-08-28,2018-08-29,2018-08-30,2018-08-31
"Pasar Kosambi","Beras Medium",10500,10500,10500,0,0,10500,10500,0,10500,10500,0,0,10500,0,10500,0,0,0,0,10500,10500,0,0,10500,0,0,0,0,0,0,10500
"Pasar Kosambi","Cabe Merah",60000,60000,60000,0,0,60000,65000,0,55000,55000,0,0,55000,0,55000,0,0,0,0,43000,40000,0,0,40000,0,0,0,0,0,0,33000
"Pasar Kosambi","Bawang Merah",30000,30000,30000,0,0,30000,30000,0,30000,30000,0,0,30000,0,30000,0,0,0,0,30000,28000,0,0,28000,0,0,0,0,0,0,28000
"Pasar Kosambi","Daging Ayam Ras",40000,40000,40000,0,0,40000,40000,0,36000,36000,0,0,37000,0,37000,0,0,0,0,37000,37000,0,0,37000,0,0,0,0,0,0,32000
"Pasar Kosambi","Telur Ayam Ras",25000,25000,25000,0,0,25000,25000,0,24000,24000,0,0,24000,0,24000,0,0,0,0,24000,24000,0,0,24000,0,0,0,0,0,0,24000
"Pasar Kosambi","Daging Sapi",120000,120000,120000,0,0,120000,120000,0,120000,120000,0,0,120000,0,120000,0,0,0,0,120000,120000,0,0,120000,0,0,0,0,0,0,120000
"Pasar Kosambi","Minyak Goreng",15000,15000,15000,0,0,15000,15000,0,15000,15000,0,0,15000,0,15000,0,0,0,0,15000,15000,0,0,15000,0,0,0,0,0,0,15000
"Pasar Kosambi","Gula Pasir",12500,12500,12500,0,0,12500,12500,0,12500,12500,0,0,12500,0,12500,0,0,0,0,12500,12500,0,0,12500,0,0,0,0,0,0,12500
"Pasar Kosambi",Kentang,16000,16000,16000,0,0,16000,16000,0,16000,16000,0,0,16000,0,16000,0,0,0,0,16000,16000,0,0,16000,0,0,0,0,0,0,16000
"Pasar Kosambi",Kedelai,10000,10000,10000,0,0,10000,10000,0,10000,10000,0,0,10000,0,10000,0,0,0,0,10000,10000,0,0,10000,0,0,0,0,0,0,10000
"Pasar Kosambi","Tepung Terigu",7500,7500,7500,0,0,7500,7500,0,7500,7500,0,0,7500,0,7500,0,0,0,0,7500,7500,0,0,7500,0,0,0,0,0,0,7500
"Pasar Kosambi","Bawang Putih",28000,28000,28000,0,0,28000,28000,0,28000,28000,0,0,28000,0,28000,0,0,0,0,28000,28000,0,0,28000,0,0,0,0,0,0,28000
"Pasar Kosambi","Cabe Keriting",40000,40000,40000,0,0,40000,40000,0,40000,40000,0,0,40000,0,40000,0,0,0,0,40000,40000,0,0,40000,0,0,0,0,0,0,40000
"Pasar Kosambi","Cabe Rawit",55000,55000,55000,0,0,55000,55000,0,55000,55000,0,0,55000,0,55000,0,0,0,0,55000,50000,0,0,50000,0,0,0,0,0,0,40000
"Pasar Kosambi","Kacang Tanah",24000,24000,24000,0,0,24000,24000,0,24000,24000,0,0,24000,0,24000,0,0,0,0,24000,24000,0,0,24000,0,0,0,0,0,0,24000
"Pasar Kosambi","Ubi Kayu",4000,4000,4000,0,0,4000,4000,0,4000,4000,0,0,4000,0,4000,0,0,0,0,4000,4000,0,0,4000,0,0,0,0,0,0,4000
"Pasar Kosambi","Ubi Jalar",0,0,0,0,0,0,0,0,0,0,0,0,0,0,0,0,0,0,0,0,0,0,0,0,0,0,0,0,0,0,0
"Pasar Kosambi",Jagung,10000,10000,10000,0,0,10000,10000,0,10000,10000,0,0,10000,0,10000,0,0,0,0,10000,10000,0,0,10000,0,0,0,0,0,0,10000
"Pasar Kosambi","Ikan Olahan",80000,80000,80000,0,0,80000,80000,0,80000,80000,0,0,80000,0,80000,0,0,0,0,80000,80000,0,0,80000,0,0,0,0,0,0,80000
"Pasar Kosambi","Beras Premium",0,0,0,0,0,0,0,0,0,0,0,0,0,0,0,0,0,0,0,0,0,0,0,0,0,0,0,0,0,0,0
"Pasar Kosambi","Minyak Goreng Curah",12000,12000,12000,0,0,12000,12000,0,12000,12000,0,0,12000,0,12000,0,0,0,0,12000,12000,0,0,12000,0,0,0,0,0,0,12000
"Pasar Kosambi","Daging Ayam Kampung",75000,75000,75000,0,0,75000,75000,0,75000,75000,0,0,75000,0,75000,0,0,0,0,75000,75000,0,0,75000,0,0,0,0,0,0,75000
"Pasar Kosambi","Telur Ayam Kampung",45000,45000,45000,0,0,45000,45000,0,45000,45000,0,0,45000,0,45000,0,0,0,0,45000,45000,0,0,45000,0,0,0,0,0,0,45000
"Pasar Kosambi","Susu Kental Manis Merk Bendera",10000,10000,10000,0,0,10000,10000,0,10000,10000,0,0,10000,0,10000,0,0,0,0,10000,10000,0,0,10000,0,0,0,0,0,0,10000
"Pasar Kosambi","Susu Kental Manis Merk Indomilk",9500,9500,9500,0,0,9500,9500,0,9500,9500,0,0,9500,0,9500,0,0,0,0,9500,9500,0,0,9500,0,0,0,0,0,0,9500
"Pasar Kosambi","Garam Beryodium Bata",2500,2500,2500,0,0,2500,2500,0,2500,2500,0,0,2500,0,2500,0,0,0,0,2500,2500,0,0,2500,0,0,0,0,0,0,2500
"Pasar Kosambi","Garam Beryodium Halus",12000,12000,12000,0,0,12000,12000,0,12000,12000,0,0,12000,0,12000,0,0,0,0,12000,12000,0,0,12000,0,0,0,0,0,0,12000
"Pasar Kosambi","Tepung Terigu Cakra Kembar",7500,7500,7500,0,0,7500,7500,0,7500,7500,0,0,7500,0,7500,0,0,0,0,7500,7500,0,0,7500,0,0,0,0,0,0,7500
"Pasar Kosambi","Tepung Terigu Kunci",7000,7000,7000,0,0,7000,7000,0,7000,7000,0,0,7000,0,7000,0,0,0,0,7000,7000,0,0,7000,0,0,0,0,0,0,7000
"Pasar Kosambi","Mie Instan",2300,2300,2300,0,0,2300,2300,0,2300,2300,0,0,2300,0,2300,0,0,0,0,2300,2300,0,0,2300,0,0,0,0,0,0,2300
"Pasar Kosambi","Cabe Rawit Hijau",45000,45000,45000,0,0,45000,45000,0,45000,45000,0,0,45000,0,45000,0,0,0,0,45000,40000,0,0,40000,0,0,0,0,0,0,28000
"Pasar Kosambi","Kacang Hijau",20000,20000,20000,0,0,20000,20000,0,20000,20000,0,0,20000,0,20000,0,0,0,0,20000,20000,0,0,20000,0,0,0,0,0,0,20000
"Pasar Kosambi","Susu Bubuk Dancow",34500,34500,34500,0,0,34500,34500,0,34500,34500,0,0,34500,0,34500,0,0,0,0,34500,34500,0,0,34500,0,0,0,0,0,0,34500
"Pasar Kosambi","Susu Bubuk Indomilk",30000,30000,30000,0,0,30000,30000,0,30000,30000,0,0,30000,0,30000,0,0,0,0,30000,30000,0,0,30000,0,0,0,0,0,0,30000
"Pasar Kosambi","Ikan Kembung",45000,45000,45000,0,0,45000,45000,0,45000,45000,0,0,45000,0,45000,0,0,0,0,45000,45000,0,0,45000,0,0,0,0,0,0,45000
