No,Tgl,Waktu,Simpang,Tidak Menggunakan Helm,Berhenti di Zebra Cross,Berhenti di RHK,Berhenti Melebihi Stopline,Merokok,Kelebihan Muatan,Lainnya,Total Pelanggaran,Roda 2,Roda 4/Lebih,Lainnya,Total Kendaraan
1,11/01/2017,Pagi,Cibaduyut,6,6,12,12,0,0,8,44,28,16,0,44
2,11/01/2017,Pagi,Merdeka Aceh,0,20,0,14,0,0,2,36,20,16,0,36
3,11/01/2017,Sore,Cikapayang,0,0,0,0,0,0,0,0,0,0,0,0
4,11/01/2017,Sore,Anggrek,0,0,0,0,0,0,0,0,0,0,0,0
5,11/01/2017,Sore,Paskal IP,0,0,0,0,0,0,0,0,0,0,0,0
6,11/02/2017,Pagi,Caringin,0,38,0,0,0,0,2,40,32,8,0,40
7,11/02/2017,Pagi,Sulanjana,0,10,0,4,0,0,6,20,15,4,0,19
8,11/02/2017,Sore,Pahlawan,5,4,3,1,0,0,4,17,13,4,0,17
9,11/02/2017,Sore,Cipaganti 2,0,0,10,0,0,0,0,10,0,10,0,10
10,11/02/2017,Sore,Taman sari,0,0,0,2,0,0,0,2,2,0,0,2
11,11/03/2017,Pagi,KOPO,0,31,1,76,0,0,0,108,101,6,1,108
12,11/03/2017,Pagi,LOMBOK,0,2,0,3,0,0,0,5,3,1,0,4
13,11/03/2017,Sore,CIKUTRA,50,31,17,8,0,2,2,110,75,21,0,96
14,11/03/2017,Sore,CIHAMPELAS PTZ,0,0,1,0,0,0,0,1,0,1,0,1
15,11/03/2017,Sore,PASIR KALIKI,0,1,6,0,0,0,0,7,0,7,0,7
16,11/04/2017,Pagi,CIBEUREUM,0,8,6,6,0,0,0,20,14,6,0,20
17,11/04/2017,Pagi,A. YANI LASWI,0,0,0,1,0,0,0,1,1,0,0,1
18,11/04/2017,Pagi,TELKOM,0,2,7,0,0,0,0,9,1,8,0,9
19,11/04/2017,Pagi,TAMBLONG,0,0,2,1,0,0,0,3,1,2,0,3
20,11/04/2017,Sore,CIMUNCANG,19,18,6,16,1,0,1,61,48,7,0,55
21,11/04/2017,Sore,SP CIPAGANTI 1,0,1,0,1,0,0,0,2,1,1,0,2
22,11/04/2017,Sore,GUDANG UTARA,1,4,22,2,0,0,0,29,4,23,0,27
23,11/04/2017,Sore,A YANI SUPRATMAN,0,0,3,2,0,0,0,5,2,3,0,5
24,11/05/2017,Pagi,MOH. TOHA,0,8,0,8,0,0,105,121,120,1,0,121
25,11/05/2017,Pagi,OTISTA,1,1,12,3,0,0,0,17,3,12,0,15
26,11/05/2017,Sore,PADASUKA,0,41,0,13,0,0,0,54,48,5,0,53
27,11/05/2017,Sore,BANDA,0,2,0,6,0,0,0,8,6,2,0,8
28,11/05/2017,Sore,SIMPANG LIMA,0,3,0,7,0,0,0,10,8,1,0,9
29,11/06/2017,Pagi,Tol Pasteur,0,6,0,2,0,0,0,8,7,1,0,8
30,11/06/2017,Pagi,Pasir Koja,5,11,0,3,2,0,10,31,26,0,0,26
31,11/06/2017,Sore,Gardujati,0,8,2,7,0,0,0,17,14,3,0,17
32,11/06/2017,Sore,Cihampelas Timur,0,0,11,0,0,0,0,11,0,11,0,11
33,11/06/2017,Sore,Cihapit,1,19,0,13,0,0,0,33,25,8,0,33
34,11/07/2017,Pagi,Jamika,0,0,0,19,0,0,0,19,18,1,0,19
35,11/07/2017,Pagi,Cihampelas PTZ,0,1,5,3,0,0,0,9,3,6,0,9
36,11/07/2017,Sore,Aceh Pramuka,0,3,0,2,0,0,0,5,3,2,0,5
37,11/07/2017,Sore,Trunojoyo,0,1,10,2,0,0,0,13,3,10,0,13
38,11/07/2017,Sore,Merdeka Juanda,0,6,0,5,0,0,0,11,9,2,0,11
39,11/08/2017,Pagi,Cibaduyut,0,2,13,11,0,0,1,27,14,13,0,27
40,11/08/2017,Pagi,Merdeka Aceh,0,0,0,6,0,0,0,6,5,1,0,6
41,11/08/2017,Sore,Cikapayang,0,0,3,0,0,0,12,15,12,3,0,15
42,11/08/2017,Sore,Anggrek,0,9,1,0,0,0,1,11,10,1,0,11
43,11/08/2017,Sore,Pascal IP Cam,0,0,0,0,0,0,0,0,0,0,0,0
44,11/09/2017,Pagi,CARINGIN,0,56,0,0,0,0,0,56,53,3,0,56
45,11/09/2017,Pagi,SULANJANA,1,20,0,6,0,0,0,27,23,5,0,28
46,11/09/2017,Sore,PAHLAWAN,1,2,13,3,0,0,0,19,6,13,0,19
47,11/09/2017,Sore,CIPAGANTI 2,0,1,6,0,0,0,0,7,0,5,0,5
48,11/09/2017,Sore,TAMASARI,0,0,0,7,0,0,0,7,6,1,0,7
49,11/10/2017,Pagi,Kopo,0,17,8,99,0,0,0,124,116,8,0,124
50,11/10/2017,Pagi,Lombok,0,10,0,2,0,0,0,12,10,1,0,11
51,11/10/2017,Sore,Cihampelas,0,1,7,0,0,0,0,8,1,7,0,8
52,11/10/2017,Sore,Pasir Kaliki,1,1,10,3,0,0,0,15,5,10,0,15
53,11/10/2017,Sore,Tamblong,0,1,9,0,0,0,0,10,0,10,0,10
54,11/11/2017,Pagi,Cibeureum,0,0,2,7,0,0,0,9,7,2,0,9
55,11/11/2017,Pagi,A Yani Laswi,0,0,0,1,0,0,0,1,1,0,0,1
56,11/11/2017,Pagi,Telkom,0,0,0,0,0,0,0,0,0,0,0,0
57,11/11/2017,Pagi,Tamblong,0,0,0,0,0,0,0,0,0,0,0,0
58,11/11/2017,Sore,Cimuncang,0,6,0,5,0,0,0,11,8,1,0,9
59,11/11/2017,Sore,Cipaganti 1,0,3,0,9,0,0,0,12,11,1,0,12
60,11/11/2017,Sore,Gudang Utara,1,9,15,8,0,0,0,33,8,16,0,24
61,11/11/2017,Sore,A Yani Supratman,0,2,4,3,0,0,0,9,1,6,0,7
62,11/12/2017,Pagi,Moch Toha,0,1,0,0,0,0,70,71,71,0,0,71
63,11/12/2017,Pagi,Otista,1,2,6,2,0,0,0,11,4,0,0,4
64,11/12/2017,Sore,Padasuka,7,49,0,20,1,3,0,80,65,4,0,69
65,11/12/2017,Sore,Banda,0,3,0,7,0,0,0,10,3,7,0,10
66,11/12/2017,Sore,Simpang Lima,0,1,1,2,0,0,0,4,3,1,0,4
67,13/11/2017,Pagi,PASIR KOJA,5,34,0,7,0,0,1,47,43,4,0,47
68,13/11/2017,Pagi,PASTEUR,1,5,0,5,0,0,1,12,9,3,0,12
69,13/11/2017,Sore,Gardujati,0,1,9,2,0,0,0,12,3,9,0,12
70,13/11/2017,Sore,Cihapit,2,5,0,5,0,1,1,14,10,2,0,12
71,13/11/2017,Sore,Cihampelas Timur,0,0,1,1,0,0,0,2,1,1,0,2
72,14/11/2017,Pagi,CIHAMPELAS BARAT,0,0,5,1,0,0,0,6,1,5,0,6
73,14/11/2017,Pagi,JAMIKA,1,2,4,27,0,0,1,35,30,5,0,35
74,14/11/2017,Sore,Aceh Pramuka,0,1,0,3,0,0,0,4,3,1,0,4
75,14/11/2017,Sore,Merdeka Djuanda,0,0,0,12,0,0,0,12,9,3,0,12
76,14/11/2017,Sore,Trunojoyo,0,1,6,0,0,0,0,7,1,6,0,7
77,15/11/2017,Pagi,Cibaduyut,0,1,0,2,0,0,32,35,30,2,2,34
78,15/11/2017,Pagi,Merdeka Aceh,0,1,0,0,0,0,0,1,1,0,0,1
79,15/11/2017,Sore,Anggrek,0,26,1,1,0,0,16,44,32,12,0,44
80,15/11/2017,Sore,Cikapayang,0,1,2,1,0,0,1,5,2,3,0,5
81,15/11/2017,Sore,Paskal,0,0,5,2,0,0,0,7,2,5,0,7
82,16/11/2017,Pagi,CARINGIN,4,147,8,8,0,1,0,168,146,14,0,160
83,16/11/2017,Pagi,SULANJANA,1,22,0,7,1,0,0,31,26,4,0,30
84,16/11/2017,Sore,PAHLAWAN,0,0,17,12,0,0,1,30,13,17,0,30
85,16/11/2017,Sore,CIPAGANTI 2,1,1,7,4,0,0,0,13,6,7,0,13
86,16/11/2017,Sore,TAMANSARI ,0,0,0,7,0,0,0,7,6,1,0,7
87,17/11/2017,Pagi,kopo,0,0,0,6,0,0,0,6,5,1,0,6
88,17/11/2017,Pagi,Lombok,0,0,0,1,0,0,0,1,1,0,0,1
89,17/11/2017,Sore,Cihampelas,0,1,5,0,0,0,0,6,1,5,0,6
90,17/11/2017,Sore,Cikutra,4,19,17,7,0,1,0,48,25,18,0,43
91,17/11/2017,Sore,Pasir Kaliki,0,0,14,4,0,0,0,18,4,14,0,18
92,18/11/2017,Pagi,Cibeureum,0,0,4,4,0,0,0,8,3,5,0,8
93,18/11/2017,Pagi,A Yani Laswi,0,0,0,0,0,0,0,0,0,0,0,0
94,18/11/2017,Pagi,Telkom,0,0,0,0,0,0,0,0,0,0,0,0
95,18/11/2017,Pagi,Tamblong,0,0,0,0,0,0,0,0,0,0,0,0
96,18/11/2017,Sore,Cimuncang ,4,8,0,10,0,0,0,22,19,1,0,20
97,18/11/2017,Sore,Cipaganti 1,0,0,0,3,0,0,0,3,3,0,0,3
98,18/11/2017,Sore,Gudang Utara ,1,10,14,5,0,0,0,30,9,18,0,27
99,18/11/2017,Sore,A. Yani Supratman,0,0,4,4,0,0,0,8,4,4,0,8
100,19/11/2017,Pagi,Moh Toha,0,0,0,0,0,0,0,0,0,0,0,0
101,19/11/2017,Pagi,Otista,0,0,0,0,0,0,0,0,0,0,0,0
102,19/11/2017,Sore,Padasuka,7,34,0,2,0,0,1,44,40,1,0,41
103,19/11/2017,Sore,Banda,0,1,0,3,0,0,0,4,2,2,0,4
104,19/11/2017,Sore,Simpang Lima,0,0,1,1,0,0,0,2,1,1,0,2
105,20/11/2017,Pagi,Pasir Koja,4,27,0,18,0,0,1,50,48,1,0,49
106,20/11/2017,Pagi,Tol Pasteur,0,1,0,6,0,0,0,7,6,1,0,7
107,20/11/2017,Sore,Gardujati,0,3,5,2,0,0,0,10,5,5,0,10
108,20/11/2017,Sore,Cihampelas Timur,0,0,1,0,0,0,0,1,1,0,0,1
109,20/11/2017,Sore,Cihapit,1,8,0,11,0,0,0,20,16,3,0,19
110,21/11/2017,Pagi,Cihampelas,0,0,1,0,0,0,0,1,0,1,0,1
111,21/11/2017,Pagi,Jamika,1,2,0,8,0,0,1,12,12,0,0,12
112,21/11/2017,Sore,Aceh,1,7,0,6,0,0,0,14,8,6,0,14
113,21/11/2017,Sore,Merdeka Juanda,0,6,0,7,0,0,0,13,9,4,0,13
114,21/11/2017,Sore,Trunojoyo,0,0,15,6,0,0,0,21,6,15,0,21
115,22/11/2017,Pagi,Cibaduyut,2,0,1,0,1,1,24,29,24,1,0,25
116,22/11/2017,Pagi,Merdeka - Aceh,0,1,3,13,0,0,0,17,14,3,0,17
117,22/11/2017,Sore,Anggrek,0,30,2,16,0,0,10,58,51,7,0,58
118,22/11/2017,Sore,Cikapayang,0,3,4,8,0,0,0,15,9,6,0,15
119,22/11/2017,Sore,Paskal ,1,0,2,2,0,0,1,6,4,2,0,6
120,23/11/2017,Pagi,Caringin,9,91,0,13,0,2,9,124,114,5,0,119
121,23/11/2017,Pagi,Sulanjana,0,3,0,12,0,0,0,15,10,5,0,15
122,23/11/2017,Sore,Pahlawan,3,20,6,16,0,0,0,45,32,10,0,42
123,23/11/2017,Sore,Cipaganti 2,1,0,10,1,0,0,0,12,2,10,0,12
124,23/11/2017,Sore,Tamansari,0,0,0,3,0,0,0,3,3,0,0,3
125,24/11/2017,Pagi,Kopo,0,120,0,0,0,0,0,120,115,5,0,120
126,24/11/2017,Pagi,Lombok,0,3,0,5,0,0,0,8,6,2,0,8
127,24/11/2017,Sore,Cikutra,12,42,16,8,0,0,3,81,58,19,0,77
128,24/11/2017,Sore,Cihampelas PTZ,0,0,3,2,0,0,0,5,2,3,0,5
129,24/11/2017,Sore,Pasir Kaliki,1,0,6,1,0,0,0,8,2,6,0,8
130,25/11/2017,Pagi,Cibeureum,0,0,0,0,0,0,0,0,0,0,0,0
131,25/11/2017,Pagi,A Yani Laswi,0,0,0,0,0,0,0,0,0,0,0,0
132,25/11/2017,Pagi,Telkom,2,2,7,1,1,0,0,13,3,10,0,13
133,25/11/2017,Pagi,Tamblong,0,0,0,0,0,0,0,0,0,0,0,0
134,25/11/2017,Sore,Cimuncang,0,0,0,0,0,0,0,0,0,0,0,0
135,25/11/2017,Sore,Cipaganti 1,0,0,0,0,0,0,0,0,0,0,0,0
136,25/11/2017,Sore,Gudang Utara,0,0,0,0,0,0,0,0,0,0,0,0
137,25/11/2017,Sore,A Yani Supratman,0,0,0,0,0,0,0,0,0,0,0,0
138,26/11/2017,Pagi,Moch Toha,0,24,0,13,0,0,18,55,55,0,0,55
139,26/11/2017,Pagi,Otista,0,0,0,0,0,0,0,0,0,0,0,0
140,26/11/2017,Sore,Banda,0,1,0,1,0,0,0,2,0,1,0,1
141,26/11/2017,Sore,Padasuka,7,63,0,0,0,0,0,70,63,0,0,63
142,26/11/2017,Sore,Simpang Lima,0,0,0,0,0,0,0,0,0,0,0,0
143,27/11/2017,Pagi,Tol Pasteur,0,16,0,8,0,0,0,24,19,5,0,24
144,27/11/2017,Pagi,Pasir Koja,0,0,0,0,0,0,0,0,0,0,0,0
145,27/11/2017,Sore,Gardujati,24,0,0,0,0,0,0,0,0,0,0,0
146,27/11/2017,Sore,Cihampelas,0,0,4,0,0,0,0,4,0,4,0,4
147,27/11/2017,Sore,Cihapit,9,17,0,16,0,0,5,47,34,8,0,42
148,28/11/2017,Pagi,Cihampelas Timur,0,0,1,0,0,0,0,1,0,1,0,1
149,28/11/2018,Pagi,Jamika,2,11,1,22,0,0,0,36,31,5,0,36
150,28/11/2018,Sore,Aceh,0,3,0,0,0,0,0,3,1,2,0,3
151,28/11/2018,Sore,Trunojoyo,0,7,9,4,0,0,0,20,9,11,0,20
152,28/11/2018,Sore,Merdeka Juanda,0,2,0,2,0,0,1,5,2,3,0,5
153,29/11/2018,Pagi,Cimuncang,2,7,5,6,0,0,0,20,14,5,1,20
154,29/11/2018,Pagi,Cipaganti 1,0,1,0,1,0,0,0,2,1,1,0,2
155,29/11/2018,Sore,Batununggal,0,1,0,13,0,0,1,15,10,3,0,13
156,29/11/2018,Sore,Buah Batu,0,41,0,1,0,0,0,42,42,0,0,42
157,29/11/2018,Sore,Ujung Berung,3,9,0,2,0,0,0,14,10,2,0,12
158,30/11/2017,Pagi,Buah Batu,0,0,0,3,0,0,0,3,3,0,0,3
159,30/11/2017,Pagi,Ujung berung,0,3,0,6,0,0,0,9,8,1,0,9
160,30/11/2017,Sore,Batununggal,0,0,0,40,0,0,7,47,43,3,0,46
161,30/11/2017,Sore,Gedebagae,1,5,0,0,0,0,0,6,5,0,0,5
162,30/11/2017,Sore,Samsat,0,4,0,4,0,0,32,40,40,0,0,40
