lokasi,nama_komoditas,2016-03-04,2016-03-11,2016-03-18,2016-03-25,2016-03-01,2016-03-02,2016-03-03,2016-03-07,2016-03-08,2016-03-10,2016-03-14,2016-03-15,2016-03-16,2016-03-17,2016-03-20,2016-03-21,2016-03-22,2016-03-23,2016-03-24,2016-03-28,2016-03-29,2016-03-30,2016-03-31,2016-03-05,2016-03-06,2016-03-09
Pasar Sederhana,Beras Medium,10500,11000,0,0,10500,10500,10500,11000,11000,0,0,0,11000,11000,0,11000,11000,11000,11000,11000,11000,0,0,0,0,0
Pasar Sederhana,Cabe Merah,80000,70000,0,0,70000,80000,55000,60000,80000,70000,0,0,80000,80000,0,80000,80000,80000,80000,80000,55000,0,55000,80000,80000,80000
Pasar Sederhana,Bawang Merah,44000,48000,0,0,48000,44000,40000,48000,48000,48000,0,0,48000,48000,0,44000,44000,44000,44000,44000,44000,0,44000,48000,48000,44000
Pasar Sederhana,Daging Ayam Ras,30000,28000,0,0,30000,30000,30000,28000,28000,28000,0,0,35000,35000,0,30000,30000,30000,30000,30000,30000,0,30000,0,0,0
Pasar Sederhana,Telur Ayam Ras,19000,20000,0,0,20000,19000,23000,0,19000,20000,0,0,19000,19000,0,19000,19000,19000,19000,19000,19000,0,19000,19000,19000,19000
Pasar Sederhana,Daging Sapi,115000,115000,0,0,115000,115000,115000,115000,115000,115000,0,0,115000,115000,0,115000,120000,120000,120000,120000,0,0,120000,0,0,0
Pasar Sederhana,Minyak Goreng,14500,14500,0,0,14500,14500,14500,14500,14500,14500,0,0,14500,14500,0,14500,14500,14500,14500,14500,0,0,14500,14500,14500,14500
Pasar Sederhana,Gula Pasir,13000,13000,0,0,13000,13000,13500,13000,13000,13000,0,0,13000,13000,0,13000,0,13000,13000,13000,13000,0,13000,13000,13000,13000
Pasar Sederhana,Kentang,12000,12000,0,0,12000,12000,12000,12000,12000,12000,0,0,12000,12000,0,12000,12000,12000,12000,12000,12000,0,12000,12000,12000,12000
Pasar Sederhana,Kedelai,12000,12000,0,0,12000,12000,12000,12000,12000,12000,0,0,12000,12000,0,0,12000,12000,12000,12000,12000,0,12000,12000,12000,12000
Pasar Sederhana,Tepung Terigu,7500,8000,0,0,7500,7500,7500,8000,8000,8000,0,0,8000,8000,0,8000,8000,8000,8000,8000,8000,0,8000,0,0,0
Pasar Sederhana,Bawang Putih,40000,32000,0,0,32000,40000,30000,32000,35000,32000,0,0,35000,35000,0,40000,40000,40000,40000,40000,40000,0,40000,35000,35000,40000
Pasar Sederhana,Cabe Keriting,50000,50000,0,0,50000,50000,50000,50000,50000,50000,0,0,0,0,0,50000,50000,50000,50000,50000,50000,0,50000,50000,50000,50000
Pasar Sederhana,Cabe Rawit,60000,50000,0,0,50000,60000,40000,50000,50000,50000,0,0,50000,50000,0,60000,60000,60000,60000,0,60000,0,60000,50000,50000,60000
Pasar Sederhana,Kacang Tanah,26000,26000,0,0,26000,26000,26000,26000,26000,26000,0,0,26000,26000,0,26000,26000,26000,26000,26000,0,0,26000,26000,26000,26000
Pasar Sederhana,Ubi Kayu,4000,4000,0,0,4000,4000,4000,4000,4000,4000,0,0,4000,4000,0,4000,4000,4000,4000,4000,4000,0,4000,4000,4000,4000
Pasar Sederhana,Ubi Jalar,0,0,0,0,0,0,0,0,0,0,0,0,0,0,0,0,0,0,0,0,0,0,0,0,0,0
Pasar Sederhana,Jagung,7000,7000,0,0,7000,7000,7000,7000,7000,7000,0,0,7000,7000,0,7000,7000,7000,7000,0,7000,0,7000,7000,7000,7000
Pasar Sederhana,Ikan Olahan,70000,70000,0,0,70000,70000,70000,70000,70000,70000,0,0,70000,70000,0,70000,70000,70000,70000,70000,70000,0,70000,70000,70000,70000
Pasar Sederhana,Beras Premium,0,0,0,0,0,0,0,0,0,0,0,0,0,0,0,0,0,0,0,0,0,0,0,0,0,0
Pasar Sederhana,Minyak Goreng Curah,10000,10000,0,0,10000,10000,11000,10000,10000,10000,0,0,10000,10000,0,10000,10000,10000,10000,10000,10000,0,10000,10000,10000,10000
Pasar Sederhana,Daging Ayam Kampung,60000,60000,0,0,60000,60000,60000,60000,60000,60000,0,0,60000,60000,0,60000,0,60000,60000,60000,60000,0,60000,0,0,0
Pasar Sederhana,Telur Ayam Kampung,44000,44000,0,0,44000,44000,44000,44000,44000,44000,0,0,44000,44000,0,44000,44000,44000,44000,44000,44000,0,0,44000,44000,44000
Pasar Sederhana,Susu Kental Manis Merk Bendera,10000,0,0,0,10000,10000,10000,10000,10000,0,0,0,10000,10000,0,10000,10000,0,10000,10000,10000,0,10000,10000,10000,10000
Pasar Sederhana,Susu Kental Manis Merk Indomilk,9500,9500,0,0,9500,9500,9500,9500,9500,9500,0,0,0,9500,0,9500,9500,9500,9500,9500,9500,0,9500,0,0,0
Pasar Sederhana,Garam Beryodium Bata,1500,1500,0,0,1500,1500,1500,1500,1500,1500,0,0,1500,1500,0,1500,1500,1500,1500,1500,0,0,1500,1500,1500,1500
Pasar Sederhana,Garam Beryodium Halus,6000,6000,0,0,6000,6000,6000,6000,6000,6000,0,0,0,6000,0,6000,0,6000,6000,6000,6000,0,6000,6000,6000,6000
Pasar Sederhana,Tepung Terigu Cakra Kembar,8500,8500,0,0,8500,8500,8500,8500,8500,8500,0,0,8500,8500,0,8500,8500,8500,8000,8500,8500,0,8500,8500,8500,8500
Pasar Sederhana,Tepung Terigu Kunci,7500,7500,0,0,7500,7500,7500,7500,7500,7500,0,0,7500,7500,0,7500,7500,7500,7500,7500,7500,0,7500,7500,7500,7500
Pasar Sederhana,Mie Instan,2000,2000,0,0,2000,2000,2000,2000,2000,2000,0,0,2000,2000,0,2000,2000,2000,2000,0,2000,0,0,2000,2000,2000
Pasar Sederhana,Cabe Rawit Hijau,50000,30000,0,0,30000,50000,40000,30000,50000,30000,0,0,50000,50000,0,50000,50000,50000,50000,50000,50000,0,50000,50000,50000,50000
Pasar Sederhana,Kacang Hijau,22000,22000,0,0,22000,22000,22000,22000,22000,22000,0,0,22000,22000,0,22000,22000,22000,22000,22000,22000,0,22000,22000,22000,22000
Pasar Sederhana,Susu Bubuk Dancow,38300,38300,0,0,38300,38300,38300,38300,38300,38300,0,0,38300,38300,0,38300,38300,38300,38300,38300,38300,0,38300,38300,38300,38300
Pasar Sederhana,Susu Bubuk Indomilk,36500,36500,0,0,36500,36500,36500,36500,0,0,0,0,36500,36500,0,36500,36500,36500,36500,36500,0,0,36500,0,0,0
Pasar Sederhana,Ikan Kembung,32000,36000,0,0,36000,32000,32000,36000,36000,36000,0,0,36000,36000,0,32000,32000,32000,32000,32000,32000,0,32000,36000,36000,32000
