lokasi,nama_komoditas,2016-04-01,2016-04-08,2016-04-15,2016-04-22,2016-04-29,2016-04-04,2016-04-05,2016-04-06,2016-04-07,2016-04-11,2016-04-12,2016-04-13,2016-04-14,2016-04-18,2016-04-19,2016-04-20,2016-04-21,2016-04-25,2016-04-26,2016-04-27,2016-04-28,2016-04-02
Pasar Kiaracondong,Beras Medium,10000,10000,10000,10000,10000,10000,10000,10000,10000,10000,10000,10000,10000,10000,10000,10000,10000,10000,10000,10000,10000,0
Pasar Kiaracondong,Cabe Merah,40000,40000,24000,30000,0,35000,40000,40000,40000,24000,24000,24000,24000,30000,30000,30000,30000,25000,25000,25000,20000,24000
Pasar Kiaracondong,Bawang Merah,55000,45000,36000,36000,0,45000,45000,45000,45000,36000,36000,36000,36000,36000,36000,36000,36000,0,0,0,38000,36000
Pasar Kiaracondong,Daging Ayam Ras,30000,30000,30000,30000,30000,30000,30000,30000,30000,30000,30000,30000,30000,30000,30000,30000,30000,30000,30000,30000,30000,0
Pasar Kiaracondong,Telur Ayam Ras,18500,18000,20000,20000,19000,18000,18000,65000,18000,20000,20000,20000,20000,20000,20000,20000,20000,18500,18500,18500,19000,20000
Pasar Kiaracondong,Daging Sapi,120000,120000,120000,120000,120000,120000,120000,120000,120000,120000,120000,120000,120000,120000,120000,120000,120000,120000,120000,120000,120000,0
Pasar Kiaracondong,Minyak Goreng,13000,13000,13000,15000,15000,13000,13000,13000,13000,13000,13000,13000,13000,15000,15000,15000,15000,14000,14000,15000,15000,13000
Pasar Kiaracondong,Gula Pasir,11000,11000,13000,13000,13000,11000,11000,11000,11000,13000,13000,13000,13000,13000,13000,13000,13000,13000,13000,13000,13000,13000
Pasar Kiaracondong,Kentang,9000,12000,8000,8000,0,12000,12000,12000,12000,8000,8000,8000,8000,8000,8000,8000,8000,9000,9000,9000,9000,8000
Pasar Kiaracondong,Kedelai,10000,10000,10000,10000,0,10000,10000,10000,10000,10000,10000,10000,10000,10000,0,10000,10000,11000,11000,11000,11000,10000
Pasar Kiaracondong,Tepung Terigu,7000,7000,7000,7000,0,7000,7000,7000,7000,7000,7000,7000,7000,7000,7000,7000,7000,7000,7000,7000,7000,0
Pasar Kiaracondong,Bawang Putih,40000,35000,36000,40000,0,35000,35000,35000,35000,36000,36000,36000,36000,40000,40000,40000,0,35000,35000,35000,32000,36000
Pasar Kiaracondong,Cabe Keriting,40000,35000,24000,24000,0,35000,35000,35000,35000,24000,24000,24000,24000,24000,24000,24000,24000,24000,24000,24000,24000,24000
Pasar Kiaracondong,Cabe Rawit,45000,60000,40000,30000,0,52500,60000,60000,60000,24000,40000,40000,40000,30000,30000,30000,30000,20000,20000,20000,25000,40000
Pasar Kiaracondong,Kacang Tanah,24000,24000,24000,25000,0,24000,24000,24000,24000,24000,24000,24000,24000,25000,25000,25000,25000,0,24000,24000,24000,24000
Pasar Kiaracondong,Ubi Kayu,5000,5000,5000,5000,0,5000,5000,5000,5000,5000,5000,5000,5000,5000,5000,5000,5000,5000,5000,5000,5000,5000
Pasar Kiaracondong,Ubi Jalar,0,0,0,0,0,0,0,0,0,0,0,0,0,0,0,0,0,0,0,0,0,0
Pasar Kiaracondong,Jagung,8000,8000,8000,9000,0,8000,8000,8000,8000,8000,8000,8000,8000,9000,9000,9000,9000,9000,9000,9000,9000,8000
Pasar Kiaracondong,Ikan Olahan,60000,60000,60000,60000,0,60000,60000,60000,60000,60000,60000,60000,60000,60000,60000,60000,60000,60000,60000,60000,60000,60000
Pasar Kiaracondong,Beras Premium,0,0,0,0,0,0,0,0,0,0,0,0,0,0,0,0,0,0,0,0,0,0
Pasar Kiaracondong,Minyak Goreng Curah,11000,11000,11500,12000,12000,11000,11000,11000,11000,11500,11500,11500,11500,12000,12000,12000,12000,12000,12000,12000,12000,11500
Pasar Kiaracondong,Daging Ayam Kampung,65000,65,65000,65000,65000,65000,65000,65000,65000,65000,65000,65000,45000,65000,65000,65000,65000,65000,65000,65000,65000,0
Pasar Kiaracondong,Telur Ayam Kampung,45000,45000,65000,45000,45000,45000,45000,18000,45000,45000,45000,45000,45000,45000,45000,45000,45000,45000,45000,65000,45000,45000
Pasar Kiaracondong,Susu Kental Manis Merk Bendera,11000,11000,11000,11000,11000,11000,11000,11000,11000,11000,11000,11000,11000,11000,11000,11000,11000,11000,11000,11000,11000,11000
Pasar Kiaracondong,Susu Kental Manis Merk Indomilk,10000,10000,10000,10000,10000,10000,10000,10000,10000,10000,10000,10000,10000,10000,10000,10000,10000,10000,10000,10000,10000,0
Pasar Kiaracondong,Garam Beryodium Bata,1000,1000,1000,1000,0,1000,1000,1000,1000,1000,1000,1000,1000,1000,1000,1000,1000,1000,1000,1000,1000,1000
Pasar Kiaracondong,Garam Beryodium Halus,6000,6000,6000,6000,0,6000,6000,6000,6000,6000,6000,6000,6000,6000,6000,6000,6000,6000,6000,6000,6000,6000
Pasar Kiaracondong,Tepung Terigu Cakra Kembar,8000,8000,8000,8000,0,8000,8000,8000,8000,8000,8000,8000,8000,8000,8000,8000,8000,8000,8000,8000,8000,8000
Pasar Kiaracondong,Tepung Terigu Kunci,7500,7500,7500,7500,0,7500,7500,7500,7500,7500,7500,7500,7500,7500,7500,7500,7500,7500,7500,7500,7500,7500
Pasar Kiaracondong,Mie Instan,2500,2500,2500,2500,0,2500,2500,2500,2500,2500,2500,2500,2500,2500,2500,2500,2500,2500,2500,2500,2500,2500
Pasar Kiaracondong,Cabe Rawit Hijau,45000,45000,24000,25000,0,45000,45000,45000,45000,24000,24000,24000,24000,25000,25000,25000,25000,25000,25000,25000,20000,24000
Pasar Kiaracondong,Kacang Hijau,22000,22000,23000,23000,0,22000,22000,22000,22000,23000,23000,23000,23000,23000,23000,23000,23000,35000,35000,23000,23000,23000
Pasar Kiaracondong,Susu Bubuk Dancow,38300,38300,38300,38300,0,38300,38300,38300,38300,38300,38300,38300,38300,38300,38300,0,38300,38300,38300,38300,38300,38300
Pasar Kiaracondong,Susu Bubuk Indomilk,34950,34950,34950,34950,0,34950,34950,34950,34950,34950,34950,34950,34950,34950,34950,34950,34950,0,0,0,34950,0
Pasar Kiaracondong,Ikan Kembung,35000,35000,35000,35000,0,35000,35000,35000,35000,35000,35000,35000,35000,35000,35000,35000,35000,35000,35000,35000,35000,35000
