lokasi,nama_komoditas,2016-04-01,2016-04-08,2016-04-15,2016-04-22,2016-04-29,2016-04-04,2016-04-05,2016-04-06,2016-04-07,2016-04-11,2016-04-12,2016-04-13,2016-04-14,2016-04-18,2016-04-19,2016-04-20,2016-04-21,2016-04-25,2016-04-26,2016-04-27,2016-04-28,2016-04-02
Pasar Kosambi,Beras Medium,10000,10000,10000,10000,0,10000,10000,10000,10000,10000,10000,10000,10000,10000,10000,10000,10000,10000,10000,10000,10000,0
Pasar Kosambi,Cabe Merah,40000,45000,35000,30000,0,35000,40000,45000,45000,35000,35000,35000,35000,30000,30000,30000,30000,20000,20000,20000,20000,35000
Pasar Kosambi,Bawang Merah,55000,50000,40000,40000,0,45000,45000,50000,50000,40000,40000,40000,40000,40000,40000,0,40000,40000,40000,40000,40000,40000
Pasar Kosambi,Daging Ayam Ras,30000,30000,33000,32000,0,30000,30000,30000,30000,30000,33000,33000,33000,32000,32000,32000,32000,30000,30000,30000,30000,0
Pasar Kosambi,Telur Ayam Ras,18500,19000,20500,20000,0,18000,18000,19000,19000,20000,20500,20500,20500,20000,20000,20000,20000,20000,20000,20000,20000,20500
Pasar Kosambi,Daging Sapi,120000,120000,120000,120000,0,120000,120000,120000,120000,120000,120000,120000,120000,120000,120000,120000,120000,120000,120000,120000,120000,0
Pasar Kosambi,Minyak Goreng,13000,14000,14000,14000,0,13000,13000,14000,14000,14000,14000,14000,14000,14000,14000,14000,14000,14000,14000,14000,14000,14000
Pasar Kosambi,Gula Pasir,11000,13000,13000,13000,0,11000,11000,13000,13000,13000,13000,13000,13000,13000,13000,13000,13000,13000,13000,13000,13000,13000
Pasar Kosambi,Kentang,9000,12000,12000,12000,0,12000,12000,12000,12000,12000,12000,12000,12000,12000,12000,12000,12000,12000,12000,12000,12000,12000
Pasar Kosambi,Kedelai,10000,11000,11000,11000,0,10000,10000,10000,11000,11000,11000,11000,11000,11000,11000,11000,11000,11000,11000,11000,11000,11000
Pasar Kosambi,Tepung Terigu,7000,7500,7500,7500,0,7000,7000,7000,7500,7500,7500,7500,7500,7500,7500,7500,7500,7500,7500,7500,7500,0
Pasar Kosambi,Bawang Putih,40000,48000,40000,40000,0,35000,35000,48000,48000,40000,40000,40000,40000,40000,40000,40000,40000,40000,40000,40000,40000,40000
Pasar Kosambi,Cabe Keriting,40000,45000,35000,25000,0,35000,35000,45000,45000,35000,35000,35000,35000,25000,25000,25000,25000,20000,20000,20000,20000,35000
Pasar Kosambi,Cabe Rawit,45000,60000,35000,40000,0,45000,60000,60000,60000,35000,50000,35000,50000,40000,40000,40000,40000,25000,25000,25000,25000,50000
Pasar Kosambi,Kacang Tanah,24000,27000,27000,27000,0,24000,24000,27000,27000,27000,27000,27000,27000,27000,27000,27000,27000,27000,27000,27000,27000,27000
Pasar Kosambi,Ubi Kayu,5000,4000,4000,4000,0,5000,5000,4000,4000,4000,4000,4000,4000,4000,4000,4000,4000,4000,4000,4000,4000,4000
Pasar Kosambi,Ubi Jalar,0,0,0,0,0,0,0,0,0,0,0,0,0,0,0,0,0,0,0,0,0,0
Pasar Kosambi,Jagung,8000,7000,7000,10000,0,8000,8000,7000,7000,7000,7000,7000,7000,10000,10000,10000,10000,10000,10000,10000,10000,7000
Pasar Kosambi,Ikan Olahan,60000,70000,70000,70000,0,60000,60000,70000,70000,70000,70000,70000,70000,70000,70000,70000,70000,70000,70000,70000,70000,70000
Pasar Kosambi,Beras Premium,0,0,0,0,0,0,0,0,0,0,0,0,0,0,0,0,0,0,0,0,0,0
Pasar Kosambi,Minyak Goreng Curah,11000,11000,12000,12000,0,11000,11000,11000,11000,11000,12000,12000,12000,12000,12000,12000,12000,12000,12000,12000,12000,12000
Pasar Kosambi,Daging Ayam Kampung,65000,65000,65000,65000,0,65000,65000,65000,65000,65000,65000,65000,65000,65000,65000,65000,65000,0,65000,65000,65000,0
Pasar Kosambi,Telur Ayam Kampung,45000,40000,40000,40000,0,45000,45000,40000,40000,40000,40000,40000,40000,40000,40000,40000,40000,40000,40000,40000,40000,40000
Pasar Kosambi,Susu Kental Manis Merk Bendera,11000,10000,10000,10000,0,11000,11000,10000,10000,10000,10000,10000,10000,10000,10000,10000,10000,10000,10000,10000,10000,10000
Pasar Kosambi,Susu Kental Manis Merk Indomilk,10000,9500,9500,9500,0,10000,10000,9500,9500,9500,9500,9500,9500,9500,9500,9500,9500,9500,9500,9500,9500,0
Pasar Kosambi,Garam Beryodium Bata,1000,1500,1500,1500,0,1000,1000,1500,1500,1500,1500,1500,1500,1500,1500,1500,1500,1500,1500,1500,1500,1500
Pasar Kosambi,Garam Beryodium Halus,6000,6000,6000,60000,0,6000,6000,6000,6000,6000,6000,6000,6000,6000,6000,6000,6000,6000,6000,6000,6000,6000
Pasar Kosambi,Tepung Terigu Cakra Kembar,8000,7500,7500,7500,0,8000,8000,7500,7500,7500,7500,7500,7500,7500,7500,7500,7500,7500,7500,7500,7500,7500
Pasar Kosambi,Tepung Terigu Kunci,7500,7000,7000,7000,0,7500,7500,7000,7000,7000,7000,7000,7000,7000,7000,7000,7000,7000,7000,7000,7000,7000
Pasar Kosambi,Mie Instan,2500,2100,2100,2100,0,2500,2500,2100,2100,2100,2100,2100,2100,2100,2100,2100,2100,2100,2100,2100,2100,2100
Pasar Kosambi,Cabe Rawit Hijau,45000,40000,35000,20000,0,45000,45000,40000,40000,35000,30000,35000,30000,20000,20000,20000,20000,20000,20000,20000,20000,30000
Pasar Kosambi,Kacang Hijau,22000,20000,20000,20000,0,22000,22000,20000,20000,20000,20000,20000,20000,20000,20000,20000,20000,20000,20000,20000,20000,20000
Pasar Kosambi,Susu Bubuk Dancow,38300,34500,34500,34500,0,38300,38300,38300,34500,34500,34500,34500,34500,34500,34500,34500,34500,34500,34500,34500,34500,34500
Pasar Kosambi,Susu Bubuk Indomilk,34950,30000,30000,30000,0,34950,34950,30000,30000,30000,30000,30000,30000,30000,30000,30000,30000,30000,30000,30000,30000,0
Pasar Kosambi,Ikan Kembung,35000,30000,30000,30000,0,35000,35000,30000,30000,30000,30000,30000,30000,30000,30000,30000,30000,30000,30000,30000,30000,30000
