lokasi,nama_komoditas,2017-08-01,2017-08-02,2017-08-03,2017-08-04,2017-08-05,2017-08-06,2017-08-07,2017-08-08,2017-08-09,2017-08-10,2017-08-11,2017-08-12,2017-08-13,2017-08-14,2017-08-15,2017-08-16,2017-08-17,2017-08-18,2017-08-19,2017-08-20,2017-08-21,2017-08-22,2017-08-23,2017-08-24,2017-08-25,2017-08-26,2017-08-27,2017-08-28,2017-08-29,2017-08-30,2017-08-31
"Pasar Baru","Beras Medium",10000,10000,0,10000,0,0,0,0,10000,10000,10000,0,0,10000,10000,10000,0,10000,0,0,10000,10000,0,10000,10000,0,0,10000,10000,10000,10000
"Pasar Baru","Cabe Merah",30000,30000,0,30000,0,0,0,0,30000,30000,30000,0,0,30000,30000,30000,0,30000,0,0,30000,30000,0,30000,30000,0,0,30000,30000,30000,30000
"Pasar Baru","Bawang Merah",35000,35000,0,35000,0,0,0,0,35000,35000,35000,0,0,35000,35000,35000,0,35000,0,0,30000,30000,0,30000,30000,0,0,30000,30000,30000,40000
"Pasar Baru","Daging Ayam Ras",35000,35000,0,35000,0,0,0,0,33000,33000,33000,0,0,33000,33000,33000,0,33000,0,0,33000,33000,0,33000,33000,0,0,33000,33000,33000,34000
"Pasar Baru","Telur Ayam Ras",23000,23000,0,23000,0,0,0,0,23000,23000,23000,0,0,23000,21500,21500,0,21500,0,0,21500,21500,0,21500,21500,0,0,21500,21500,21500,21000
"Pasar Baru","Daging Sapi",0,120000,0,120000,0,0,0,0,120000,120000,120000,0,0,120000,120000,120000,0,120000,0,0,120000,0,0,120000,120000,0,0,120000,120000,120000,120000
"Pasar Baru","Minyak Goreng",15000,15000,0,15000,0,0,0,0,15000,15000,15000,0,0,15000,15000,15000,0,15000,0,0,15000,15000,0,15000,15000,0,0,15000,15000,15000,15000
"Pasar Baru","Gula Pasir",14000,14000,0,14000,0,0,0,0,14000,14000,14000,0,0,14000,14000,14000,0,14000,0,0,14000,14000,0,14000,14000,0,0,14000,14000,14000,12000
"Pasar Baru",Kentang,18000,18000,0,18000,0,0,0,0,16000,16000,16000,0,0,16000,16000,16000,0,16000,0,0,16000,16000,0,16000,16000,0,0,16000,16000,16000,20000
"Pasar Baru",Kedelai,11000,11000,0,11000,0,0,0,0,11000,11000,11000,0,0,11000,11000,11000,0,11000,0,0,11000,11000,0,11000,11000,0,0,11000,11000,11000,11000
"Pasar Baru","Tepung Terigu",7500,7500,0,7500,0,0,0,0,7500,7500,7500,0,0,7500,7500,7500,0,7500,0,0,7500,7500,0,7500,7500,0,0,7500,7500,7500,7500
"Pasar Baru","Bawang Putih",35000,35000,0,35000,0,0,0,0,35000,35000,35000,0,0,35000,35000,35000,0,35000,0,0,35000,35000,0,35000,35000,0,0,35000,35000,35000,35000
"Pasar Baru","Cabe Keriting",30000,30000,0,30000,0,0,0,0,30000,30000,30000,0,0,30000,30000,30000,0,30000,0,0,30000,30000,0,30000,30000,0,0,30000,30000,30000,30000
"Pasar Baru","Cabe Rawit",40000,40000,0,40000,0,0,0,0,40000,40000,40000,0,0,40000,40000,40000,0,40000,0,0,30000,30000,0,30000,30000,0,0,30000,30000,30000,40000
"Pasar Baru","Kacang Tanah",28000,28000,0,28000,0,0,0,0,28000,28000,28000,0,0,28000,28000,28000,0,28000,0,0,28000,28000,0,28000,28000,0,0,28000,28000,28000,28000
"Pasar Baru","Ubi Kayu",3000,3000,0,3000,0,0,0,0,3000,3000,3000,0,0,3000,3000,3000,0,3000,0,0,3000,3000,0,3000,3000,0,0,3000,3000,3000,3000
"Pasar Baru","Ubi Jalar",0,0,0,0,0,0,0,0,0,0,0,0,0,0,0,0,0,0,0,0,0,0,0,0,0,0,0,0,0,0,0
"Pasar Baru",Jagung,10000,10000,0,10000,0,0,0,0,10000,10000,10000,0,0,10000,10000,10000,0,10000,0,0,10000,10000,0,10000,10000,0,0,10000,10000,10000,10000
"Pasar Baru","Ikan Olahan",70000,0,0,70000,0,0,0,0,70000,70000,70000,0,0,70000,70000,70000,0,70000,0,0,70000,70000,0,70000,70000,0,0,70000,70000,70000,70000
"Pasar Baru","Beras Premium",0,0,0,0,0,0,0,0,0,0,0,0,0,0,0,0,0,0,0,0,0,0,0,0,0,0,0,0,0,0,0
"Pasar Baru","Minyak Goreng Curah",12000,12000,0,12000,0,0,0,0,12000,12000,12000,0,0,12000,12000,12000,0,12000,0,0,12000,12000,0,12000,12000,0,0,12000,12000,12000,12000
"Pasar Baru","Daging Ayam Kampung",75000,75000,0,75000,0,0,0,0,75000,75000,75000,0,0,75000,75000,75000,0,75000,0,0,75000,75000,0,75000,75000,0,0,75000,75000,75000,75000
"Pasar Baru","Telur Ayam Kampung",45000,45000,0,45000,0,0,0,0,45000,45000,45000,0,0,45000,45000,45000,0,45000,0,0,45000,45000,0,45000,45000,0,0,45000,45000,45000,45000
"Pasar Baru","Susu Kental Manis Merk Bendera",11000,11000,0,11000,0,0,0,0,11000,11000,11000,0,0,11000,11000,11000,0,11000,0,0,11000,11000,0,11000,11000,0,0,11000,11000,11000,11000
"Pasar Baru","Susu Kental Manis Merk Indomilk",9500,9500,0,9500,0,0,0,0,9500,9500,9500,0,0,9500,9500,9500,0,9500,0,0,9500,9500,0,9500,9500,0,0,9500,9500,9500,9500
"Pasar Baru","Garam Beryodium Bata",3000,3000,0,3000,0,0,0,0,3000,3000,3000,0,0,3000,3000,3000,0,3000,0,0,3000,3000,0,3000,3000,0,0,3000,3000,3000,3000
"Pasar Baru","Garam Beryodium Halus",12000,12000,0,12000,0,0,0,0,12000,12000,12000,0,0,12000,12000,12000,0,12000,0,0,12000,12000,0,12000,12000,0,0,12000,12000,12000,12000
"Pasar Baru","Tepung Terigu Cakra Kembar",8000,8000,0,0,0,0,0,0,0,8000,0,0,0,0,0,0,0,0,0,0,0,8000,0,0,0,0,0,0,0,0,0
"Pasar Baru","Tepung Terigu Kunci",7500,7500,0,7500,0,0,0,0,7500,7500,7500,0,0,7500,7500,7500,0,7500,0,0,7500,7500,0,7500,7500,0,0,7500,7500,7500,7500
"Pasar Baru","Mie Instan",2500,2500,0,2500,0,0,0,0,2500,2500,2500,0,0,2500,2500,2500,0,2500,0,0,2500,2500,0,2500,2500,0,0,2500,2500,2500,2500
"Pasar Baru","Cabe Rawit Hijau",30000,30000,0,30000,0,0,0,0,30000,30000,30000,0,0,30000,30000,30000,0,30000,0,0,30000,30000,0,30000,30000,0,0,30000,30000,30000,30000
"Pasar Baru","Kacang Hijau",22000,22000,0,22000,0,0,0,0,22000,22000,22000,0,0,22000,22000,22000,0,22000,0,0,22000,22000,0,22000,22000,0,0,22000,22000,22000,22000
"Pasar Baru","Susu Bubuk Dancow",36000,36000,0,36000,0,0,0,0,36000,36000,36000,0,0,36000,36000,36000,0,36000,0,0,36000,36000,0,36000,36000,0,0,36000,36000,36000,36000
"Pasar Baru","Susu Bubuk Indomilk",33500,33500,0,33500,0,0,0,0,33500,33500,33500,0,0,33500,33500,33500,0,33500,0,0,33500,33500,0,33500,33500,0,0,33500,33500,33500,33500
"Pasar Baru","Ikan Kembung",35000,35000,0,35000,0,0,0,0,35000,35000,35000,0,0,35000,35000,35000,0,35000,0,0,35000,35000,0,35000,35000,0,0,35000,35000,35000,35000
