NAMA_KEC,DESA_KEL,0Thn_P,1Thn_P,2Thn_P,3Thn_P,4Thn_P,5Thn_P,6Thn_P,7Thn_P,8Thn_P,9Thn_P,10Thn_P,11Thn_P,12Thn_P,13Thn_P,14Thn_P,15Thn_P,16Thn_P,17Thn_P,18Thn_P,19Thn_P,20Thn_P,21Thn_P,22Thn_P,23Thn_P,24Thn_P,25Thn_P,26Thn_P,27Thn_P,28Thn_P,29Thn_P,30Thn_P,31Thn_P,32Thn_P,33Thn_P,34Thn_P,35Thn_P,36Thn_P,37Thn_P,38Thn_P,39Thn_P,40Thn_P,41Thn_P,42Thn_P,43Thn_P,44Thn_P,45Thn_P,46Thn_P,47Thn_P,48Thn_P,49Thn_P,50Thn_P,51Thn_P,52Thn_P,53Thn_P,54Thn_P,55Thn_P,56Thn_P,57Thn_P,58Thn_P,59Thn_P,60Thn_P,61Thn_P,62Thn_P,63Thn_P,64Thn_P,65Thn_P,66Thn_P,67Thn_P,68Thn_P,69Thn_P,70Thn_P,71Thn_P,72Thn_P,73Thn_P,74Thn_P,75Thn_P,76Thn_P,77Thn_P,78Thn_P,79Thn_P,80Thn_P,81Thn_P,82Thn_P,83Thn_P,84Thn_P,85Thn_P,86Thn_P,87Thn_P,88Thn_P,89Thn_P,90Thn_P,91Thn_P,92Thn_P,93Thn_P,94Thn_P,95Thn_P,96Thn_P,97Thn_P,98Thn_P,99Thn_P,100Thn_P,>100Thn_P,JML_DUK
SUKASARI,SUKARASA,0,39,105,76,91,78,103,101,93,91,107,102,94,97,109,97,100,99,74,95,85,97,91,106,93,97,79,91,101,93,90,94,88,106,120,114,110,116,84,99,91,109,126,95,86,85,89,87,86,86,67,74,70,77,70,82,49,63,71,49,46,52,39,52,49,51,27,46,42,40,27,25,28,26,18,14,20,13,14,8,7,11,7,8,5,9,5,7,6,3,3,2,4,0,2,1,2,0,0,0,0,0,"6,036"
SUKASARI,GEGERKALONG,0,97,144,118,154,143,162,189,159,164,160,197,153,191,183,194,166,161,147,155,164,140,166,161,142,157,129,166,153,152,161,155,180,170,169,203,188,168,205,179,188,176,207,165,186,167,184,174,170,155,147,138,167,122,110,111,108,123,127,95,103,105,84,97,76,73,83,86,68,56,54,58,64,57,52,70,40,44,30,30,24,34,23,25,21,18,15,25,13,7,6,2,4,2,2,0,0,0,0,0,0,1,"10,917"
SUKASARI,ISOLA,0,67,93,95,98,100,100,101,96,109,106,98,81,110,115,110,78,104,96,93,90,89,101,107,98,90,107,88,87,92,101,94,106,98,109,119,119,111,98,98,109,103,107,103,114,107,80,92,93,78,77,76,87,69,67,91,53,75,71,70,61,56,57,45,40,47,32,41,26,20,19,16,31,18,18,29,15,21,9,13,7,14,10,4,8,4,0,5,4,4,2,3,1,1,0,1,1,0,0,0,0,0,"6,257"
SUKASARI,SARIJADI,0,140,209,178,169,175,213,185,211,187,208,185,194,212,178,183,158,143,158,179,190,169,188,191,194,199,172,191,200,220,205,178,191,224,210,222,239,222,224,221,194,222,203,230,209,203,204,196,212,173,184,167,185,143,167,140,123,144,137,113,114,126,115,106,114,116,90,89,101,85,74,52,79,55,72,80,40,44,37,25,17,20,19,15,18,16,5,12,7,6,4,3,3,0,4,0,0,1,1,0,0,1,"12,830"
COBLONG,CIPAGANTI,0,46,80,69,88,97,77,92,92,91,85,92,84,86,99,105,93,106,68,69,81,91,94,84,80,97,84,93,99,85,88,85,83,90,105,101,97,111,107,92,102,99,105,103,96,86,75,86,111,81,77,77,79,63,83,74,51,63,58,44,43,57,56,52,54,44,28,38,28,32,33,23,29,18,17,23,17,18,14,19,11,10,10,8,11,12,6,7,1,1,2,1,4,3,0,2,0,0,0,0,0,1,"5,812"
COBLONG,LEBAKGEDE,0,56,76,74,65,61,80,92,86,78,71,74,69,78,87,64,71,71,65,67,70,74,79,77,73,81,74,77,84,85,86,87,73,77,87,92,93,95,83,108,86,98,76,66,74,72,75,82,84,68,75,50,63,72,69,70,58,62,58,52,54,51,58,35,39,51,25,43,40,28,23,28,21,24,22,30,14,25,28,13,14,7,17,10,10,6,5,2,5,2,3,5,3,0,1,0,0,0,0,2,0,0,"5,194"
COBLONG,SADANGSERANG,0,130,176,167,204,198,225,205,184,207,218,182,229,235,214,214,225,222,163,223,213,206,170,188,220,203,206,198,201,189,218,208,225,200,247,260,219,221,230,230,211,209,203,199,221,230,192,183,216,193,172,166,198,142,159,166,121,135,105,137,112,109,112,103,99,91,44,68,61,47,52,30,71,46,53,64,31,40,50,25,24,25,31,7,6,13,7,16,14,4,6,5,2,2,1,2,0,2,0,0,0,1,"13,107"
COBLONG,DAGO,0,172,213,237,248,237,237,295,250,247,234,252,267,256,269,260,269,238,208,245,217,232,259,276,267,238,240,243,267,218,226,260,245,274,269,313,280,282,275,237,236,214,266,220,241,280,208,250,253,186,191,181,227,186,183,187,155,169,151,174,142,135,144,115,130,123,74,75,71,74,66,55,77,51,58,54,43,54,52,26,32,26,23,33,18,16,11,21,4,6,5,1,3,1,5,2,1,1,1,1,1,2,"15,743"
COBLONG,SEKELOA,0,117,201,190,212,212,203,199,213,234,203,222,209,197,219,202,202,191,193,200,195,168,198,161,214,220,208,215,213,205,196,227,232,237,222,255,240,232,202,187,210,212,206,198,187,213,180,207,180,188,180,154,152,153,148,134,111,123,128,115,116,104,91,119,114,91,73,71,79,54,65,39,96,41,53,89,34,40,37,26,23,22,23,29,10,13,2,11,6,6,3,4,4,2,4,1,1,0,0,0,0,2,"13,023"
COBLONG,LEBAK SILIWANGI,0,18,18,20,23,26,26,26,25,22,32,20,26,22,30,27,39,26,31,32,36,28,36,35,30,31,29,28,22,39,21,33,35,31,24,39,32,29,33,37,25,33,28,28,29,37,35,27,31,25,22,27,40,25,28,13,27,17,27,19,19,18,18,9,20,14,14,16,12,10,8,9,7,12,4,12,5,5,8,5,5,2,10,0,4,4,4,5,7,1,0,1,4,1,1,0,0,0,1,0,0,0,"1,935"
BABAKAN CIPARAY,BABAKAN CIPARAY,0,148,230,236,241,252,248,261,236,258,229,270,269,266,290,257,247,270,247,286,265,260,252,257,256,268,240,275,233,233,261,230,304,287,258,335,245,278,251,233,236,257,264,226,227,217,171,217,185,199,161,159,160,160,133,131,124,150,127,120,113,105,92,93,89,107,42,75,46,38,33,28,58,32,27,35,24,28,16,17,6,13,9,8,11,7,3,6,1,1,5,0,1,0,1,0,1,0,0,1,0,0,"14,758"
BABAKAN CIPARAY,BABAKAN,0,128,240,236,246,252,263,230,242,226,255,238,264,258,258,262,254,260,231,227,225,243,265,260,253,257,247,210,236,226,240,221,247,266,260,259,254,253,269,233,225,235,216,202,187,198,163,182,190,150,143,137,167,170,131,131,110,152,139,128,87,112,100,92,91,92,45,61,47,43,33,39,37,30,43,27,16,29,20,15,8,6,16,15,5,5,3,7,3,4,0,1,2,0,1,0,0,1,0,0,0,1,"13,987"
BABAKAN CIPARAY,SUKAHAJI,0,133,208,215,227,215,255,244,265,273,250,255,226,248,291,249,234,275,225,210,227,239,241,243,224,221,187,212,225,214,196,241,251,223,287,250,229,281,230,206,208,216,237,210,200,226,178,184,192,169,131,161,185,147,162,158,126,145,120,141,124,113,99,98,92,75,67,62,49,67,46,41,64,42,34,61,15,29,23,20,14,18,13,5,7,12,5,6,5,5,6,2,2,3,1,0,2,1,1,0,0,0,"13,950"
BABAKAN CIPARAY,MARGAHAYU UTARA,0,112,158,167,157,196,170,179,186,160,170,168,178,173,173,199,179,164,142,160,155,151,149,169,188,165,174,173,169,157,163,195,176,201,200,221,197,176,210,196,194,183,183,145,161,141,118,148,138,143,114,106,123,108,90,98,80,102,106,100,108,82,92,63,70,64,42,55,44,37,31,21,45,14,17,27,18,19,9,12,5,7,8,7,5,4,3,6,2,0,1,0,4,1,1,0,1,1,0,0,0,0,"10,283"
BABAKAN CIPARAY,MARGASUKA,0,42,86,89,91,98,90,102,82,90,103,111,80,94,101,94,101,103,78,100,102,74,107,76,103,85,80,107,89,100,109,105,105,103,96,110,110,99,94,100,87,84,89,67,104,81,66,93,77,51,68,55,83,45,53,50,38,60,52,46,41,44,38,33,29,19,24,32,24,13,13,13,20,15,7,14,5,12,13,8,6,7,5,1,2,2,1,2,0,1,0,0,2,2,0,0,0,0,0,0,0,1,"5,487"
BABAKAN CIPARAY,CIRANGRANG,0,51,85,80,97,78,87,97,66,74,87,87,96,102,96,82,109,91,73,93,70,92,94,86,87,106,105,84,94,86,82,84,92,102,96,110,92,104,95,81,94,82,88,81,50,74,53,67,78,63,59,55,69,44,55,61,48,59,60,37,39,44,46,38,35,39,23,20,19,16,21,10,19,7,13,14,12,6,4,5,7,3,4,6,2,1,4,4,1,1,2,0,0,1,0,0,0,0,0,0,0,0,"5,216"
BOJONGLOA KALER,KOPO,0,166,212,220,232,248,227,279,263,247,256,248,284,290,270,265,225,264,191,206,227,276,235,230,252,231,258,243,239,213,241,244,270,274,287,286,231,281,265,244,226,224,232,210,205,218,183,213,201,197,169,147,184,138,153,159,129,142,130,124,103,99,104,97,86,97,58,67,48,51,36,40,63,49,39,39,21,26,29,25,24,24,13,16,14,12,6,5,4,2,1,2,1,0,0,1,0,1,0,0,0,0,"14,507"
BOJONGLOA KALER,BABAKAN TAROGONG,0,146,203,217,228,241,230,264,237,245,242,237,227,237,256,261,232,265,190,237,214,222,236,219,216,225,246,245,205,206,234,216,215,277,244,281,255,245,241,223,195,213,225,193,214,207,187,183,194,150,184,156,178,159,133,151,133,181,140,120,115,108,108,101,97,89,59,65,63,35,28,49,55,26,35,48,24,33,26,15,12,15,21,18,13,8,4,9,2,3,2,1,1,2,0,0,2,1,0,0,0,1,"13,850"
BOJONGLOA KALER,JAMIKA,0,139,198,230,198,234,226,219,208,237,206,235,193,228,251,235,262,245,188,204,217,206,205,225,212,225,207,211,210,178,198,221,224,244,209,275,254,231,244,218,206,199,211,182,211,236,171,179,193,199,167,150,164,144,156,151,122,146,139,112,128,113,138,116,88,101,77,71,69,73,62,51,54,43,51,53,35,42,44,22,20,28,29,18,10,8,10,13,3,8,5,5,3,2,1,1,1,1,0,0,0,1,"13,586"
BOJONGLOA KALER,BABAKAN ASIH,0,84,107,116,127,119,119,154,126,143,137,149,121,131,148,150,153,157,88,125,118,136,136,127,124,131,126,125,124,126,109,124,133,122,148,165,159,140,148,123,111,132,124,115,123,128,120,103,123,119,108,92,103,95,86,91,67,95,90,78,62,67,71,64,44,51,18,46,52,31,27,25,40,38,32,30,14,16,14,17,16,17,16,6,6,3,1,4,1,1,2,3,2,0,3,1,0,1,0,0,0,0,"8,043"
BOJONGLOA KALER,SUKA ASIH,0,98,149,153,119,149,139,168,157,167,154,159,152,142,182,156,137,170,153,148,156,173,168,149,140,173,161,144,143,127,149,148,165,176,169,165,167,165,159,150,140,150,139,137,138,161,123,111,121,105,102,116,135,102,94,121,90,94,96,82,88,76,59,64,59,67,41,51,38,25,25,27,43,23,26,30,17,19,15,8,4,16,8,12,11,2,3,6,0,1,1,1,0,2,0,3,1,0,0,0,0,0,"9,228"
ANDIR,MALEBER,0,104,132,151,144,144,152,151,150,153,152,171,156,145,162,178,180,161,142,167,155,149,167,117,131,140,150,140,137,146,152,149,166,186,171,172,197,167,186,181,169,188,170,165,177,186,160,156,171,134,110,123,132,126,111,96,78,100,112,95,93,83,84,73,82,72,54,74,61,51,46,48,52,40,37,41,29,36,27,20,21,13,13,7,9,13,9,7,2,6,3,2,4,1,0,0,1,0,1,0,0,0,"10,028"
ANDIR,DUNGUS CARIANG,0,84,111,140,135,125,181,162,179,138,135,158,133,151,157,162,159,174,117,140,150,164,158,137,157,129,137,137,155,128,153,167,151,151,170,156,182,165,158,163,170,158,179,170,168,147,136,150,137,157,126,121,139,92,100,111,82,110,103,96,85,88,80,83,55,65,46,57,60,41,45,19,41,32,38,51,30,29,17,24,18,16,26,8,15,7,10,11,2,5,4,3,3,5,6,0,1,0,0,0,1,1,"9,589"
ANDIR,CIROYOM,0,104,159,160,154,178,144,174,189,145,155,156,162,175,163,167,134,168,150,147,155,146,160,160,168,159,148,163,151,135,150,171,137,160,169,194,179,175,176,141,141,159,138,131,114,137,108,136,138,112,120,129,112,119,100,105,73,86,102,88,82,79,76,72,76,66,47,51,43,38,34,32,59,37,35,37,25,32,26,13,10,15,18,8,9,16,7,11,5,4,8,2,3,1,2,3,0,0,1,1,0,0,"9,613"
ANDIR,KEBON JERUK,0,52,55,77,77,76,87,75,74,84,87,81,73,94,94,108,82,97,93,109,98,107,121,91,104,103,92,109,85,96,112,104,100,150,121,147,123,145,140,146,144,133,138,131,107,133,139,129,148,116,125,105,132,89,109,98,86,91,72,63,78,65,60,75,65,69,47,59,48,42,33,39,43,45,38,44,23,25,27,20,21,14,20,19,13,14,9,8,11,5,8,2,6,0,2,3,1,0,0,2,0,3,"7,263"
ANDIR,GARUDA,0,54,70,69,64,58,76,94,68,80,77,86,92,85,79,78,85,83,73,82,74,86,86,77,85,89,75,79,78,75,72,75,75,96,75,79,101,96,90,103,77,104,81,81,87,89,61,88,95,98,78,63,66,71,50,63,42,58,69,55,49,45,43,56,30,30,34,29,30,28,30,22,34,20,20,39,12,19,13,15,14,14,15,8,5,3,2,4,1,3,3,3,1,0,1,1,0,0,0,0,0,1,"5,272"
ANDIR,CAMPAKA,0,98,127,145,119,151,129,148,127,169,170,127,160,133,151,155,153,148,138,141,138,133,166,123,129,141,121,143,133,136,126,131,150,143,151,145,173,152,143,144,151,167,160,149,130,159,127,108,161,119,104,100,124,102,96,99,79,72,97,78,64,80,40,59,55,62,35,49,30,23,33,26,45,26,23,29,12,14,15,12,10,15,9,12,5,6,2,4,2,2,2,1,1,0,0,0,0,0,0,0,0,0,"8,695"
CICENDO,HUSEN SASTRANEGARA,0,72,109,119,103,111,129,135,118,116,143,135,114,117,138,122,130,142,111,140,129,127,136,138,112,131,95,129,116,134,110,105,128,121,140,143,118,151,138,141,104,109,125,102,124,144,86,120,113,102,115,107,115,107,80,86,67,85,81,69,67,52,56,54,41,55,29,30,30,36,32,25,28,27,23,30,18,27,13,17,8,19,13,5,15,7,3,9,6,2,2,2,5,0,2,0,0,0,0,0,0,1,"7,676"
CICENDO,ARJUNA,0,50,81,74,74,97,86,78,72,75,86,85,103,108,91,87,88,114,90,102,97,95,117,108,108,103,99,108,99,105,103,98,114,99,115,136,116,129,120,108,107,106,97,104,113,80,112,105,105,95,102,109,116,86,97,89,65,83,74,81,76,77,52,83,67,55,51,46,49,49,39,30,48,31,26,39,43,40,30,26,26,21,28,24,16,15,9,18,8,10,4,7,8,7,2,1,2,3,1,4,0,0,"6,915"
CICENDO,PAJAJARAN,0,136,179,192,203,207,189,232,198,197,203,201,237,214,221,219,205,220,192,188,174,201,202,196,199,185,182,187,183,155,167,166,215,217,218,238,244,217,226,237,198,224,174,197,177,210,150,188,163,170,161,155,162,139,119,129,126,140,101,119,103,92,86,82,78,84,54,60,43,49,46,34,44,35,41,30,17,33,20,21,21,14,16,10,10,8,4,2,3,2,3,3,0,2,2,0,0,0,0,0,0,0,"12,196"
CICENDO,PASIR KALIKI,0,43,54,48,61,51,50,51,66,74,55,38,63,65,64,46,67,63,55,60,70,49,67,61,61,61,67,56,77,58,62,64,67,81,80,65,83,80,76,72,66,82,63,74,66,66,62,76,82,69,64,70,71,56,54,59,50,40,59,59,45,60,42,48,33,47,29,35,34,36,31,27,22,23,33,24,16,29,21,23,14,19,8,14,12,7,9,11,8,2,7,5,4,2,3,1,0,2,0,2,0,1,"4,508"
CICENDO,PAMOYANAN,0,26,39,58,44,56,42,57,57,40,44,55,50,51,39,59,55,76,45,47,52,60,61,50,63,58,51,53,52,56,67,70,66,57,55,76,77,49,78,80,64,76,68,58,50,62,62,51,58,54,49,44,61,47,55,60,46,50,57,58,43,66,36,39,37,52,37,22,37,34,28,22,32,29,24,19,25,32,27,12,16,10,13,9,10,9,7,8,3,5,2,6,1,4,0,1,1,0,0,0,0,1,"4,060"
CICENDO,SUKARAJA,0,121,173,159,177,163,174,170,161,184,188,173,186,171,206,190,180,181,169,178,208,191,194,175,183,200,184,169,180,158,147,182,159,188,217,201,197,171,181,173,198,190,213,173,192,186,171,178,169,163,145,124,151,115,142,115,94,131,111,106,87,82,83,58,73,69,54,59,46,36,45,36,58,29,27,45,9,24,17,12,14,11,4,7,5,8,5,5,4,0,3,3,1,1,0,1,0,0,0,0,0,0,"11,050"
SUKAJADI,PASTEUR,0,85,115,112,100,130,133,155,140,118,126,134,114,147,138,169,151,167,122,148,136,130,133,130,137,162,140,137,133,141,123,114,134,136,136,155,140,148,132,133,139,156,133,151,118,144,126,142,135,127,142,117,136,105,94,106,87,103,109,84,97,84,88,74,79,80,45,53,46,55,43,35,55,42,37,52,24,34,37,15,27,22,23,18,11,15,9,17,10,9,4,10,2,1,3,1,2,2,0,0,0,1,"8,950"
SUKAJADI,CIPEDES,0,138,202,210,215,241,224,256,240,231,265,241,209,277,253,255,262,240,219,227,239,222,202,210,229,228,206,248,223,208,229,214,240,258,264,262,245,234,233,223,235,222,219,239,211,237,177,211,204,184,170,180,201,161,151,161,124,149,127,135,119,122,107,99,103,97,76,59,62,53,42,48,64,35,44,34,26,28,21,25,16,15,21,16,16,19,3,14,3,4,5,4,2,3,0,2,0,0,0,2,0,0,"14,129"
SUKAJADI,SUKAWARNA,0,63,100,107,92,106,112,121,93,112,122,118,95,100,128,108,102,110,93,108,103,122,113,97,103,104,128,117,101,112,113,110,117,106,127,127,121,110,116,99,102,115,117,104,109,97,103,86,99,69,77,86,105,81,75,86,61,79,77,62,58,52,49,67,51,49,25,50,41,30,30,27,41,21,21,33,10,14,13,13,12,17,7,7,9,2,2,6,4,4,2,1,4,1,3,2,1,1,0,1,0,0,"6,807"
SUKAJADI,SUKAGALIH,0,95,131,122,121,159,136,144,130,146,160,121,128,134,137,143,146,138,136,102,121,127,142,131,152,185,132,126,158,150,139,142,182,156,164,168,134,159,151,129,157,135,143,135,128,126,124,114,114,119,101,82,112,81,95,89,68,99,94,73,69,70,61,73,66,66,53,62,51,46,41,31,35,31,26,35,15,26,16,23,5,13,18,7,7,7,4,13,5,4,1,3,1,0,2,1,1,1,0,0,0,0,"8,655"
SUKAJADI,SUKABUNGAH,0,102,129,149,158,162,154,180,164,194,165,161,174,175,183,210,173,180,142,181,152,168,179,180,157,169,160,166,170,148,144,171,165,177,162,186,185,179,177,169,151,176,170,171,159,160,161,146,164,134,115,142,166,110,125,106,109,115,116,100,98,104,74,99,84,81,59,71,49,47,48,29,58,36,34,51,26,33,30,26,18,19,21,12,10,12,8,10,3,3,4,2,8,4,1,1,0,1,0,1,0,0,"10,571"
CIDADAP,HEGARMANAH,0,75,146,149,154,153,127,157,185,132,141,143,138,151,170,141,160,171,133,159,123,138,174,158,179,137,145,154,155,160,151,145,164,164,173,202,190,179,178,137,168,150,159,148,152,177,140,142,167,116,138,129,138,127,126,132,105,122,109,90,103,77,84,86,56,78,57,58,65,47,38,33,49,28,27,53,22,36,27,32,18,10,17,12,13,10,12,7,13,5,9,4,3,3,0,1,3,1,0,0,0,0,"9,923"
CIDADAP,CIUMBULEUIT,0,122,171,185,170,172,195,183,189,183,207,177,159,172,181,192,199,202,189,147,160,174,179,172,168,198,178,172,161,164,152,162,171,188,183,182,185,179,183,159,165,157,150,168,161,175,131,163,133,139,147,113,134,112,120,106,95,114,105,97,107,82,73,64,67,73,30,61,43,44,23,22,51,35,41,44,30,19,18,13,19,11,9,11,2,8,8,5,2,2,6,2,2,1,3,1,1,0,0,0,0,0,"10,583"
CIDADAP,LEDENG,0,46,81,65,83,71,87,84,89,90,80,75,82,84,85,72,85,78,72,67,83,66,88,87,67,76,67,69,68,91,77,92,86,67,116,89,90,99,81,101,73,77,83,59,73,73,86,67,77,77,66,63,52,66,66,67,37,60,46,44,41,41,45,31,32,41,23,33,24,25,24,15,23,21,13,24,15,11,16,17,6,10,5,4,3,4,8,5,2,3,3,1,1,1,2,1,1,0,0,0,0,0,"5,023"
BANDUNG WETAN,CIHAPIT,0,12,26,23,17,20,20,20,24,16,23,24,23,18,35,22,33,24,27,19,22,28,23,36,39,21,36,24,31,28,39,39,41,33,34,38,30,38,30,37,45,32,45,29,33,31,32,35,52,23,28,28,29,22,40,45,43,35,39,30,43,26,39,35,26,33,20,27,20,22,19,11,19,14,18,19,17,11,10,11,10,12,15,8,11,11,9,6,0,6,10,8,7,2,1,0,3,4,0,1,1,0,"2,334"
BANDUNG WETAN,TAMANSARI,0,88,141,130,150,143,153,186,180,174,174,163,176,174,186,188,180,183,161,187,175,184,197,187,178,139,174,198,160,172,161,192,190,202,195,226,161,214,179,213,169,197,181,212,167,175,169,207,182,180,148,153,138,168,139,104,104,113,127,116,112,103,93,94,85,83,64,57,54,52,51,35,51,39,31,62,41,45,30,37,37,27,23,26,14,18,6,23,5,9,4,7,7,0,3,1,5,2,1,1,0,2,"11,403"
BANDUNG WETAN,CITARUM,0,3,18,11,11,6,8,16,8,16,15,15,11,12,14,15,24,16,18,15,14,20,26,19,27,17,17,20,13,19,24,21,25,27,22,19,37,31,39,36,36,26,29,33,33,29,30,43,43,33,22,29,22,27,23,24,34,28,27,18,34,24,22,17,15,21,15,18,12,14,12,13,6,4,9,11,13,14,3,9,5,8,8,5,4,4,7,6,6,6,3,2,4,0,2,3,0,2,0,0,0,0,"1,675"
ASTANA ANYAR,KARASAK,0,59,101,84,115,97,117,96,101,104,112,123,99,114,105,100,109,129,73,100,92,113,93,112,113,112,89,96,73,82,95,106,102,114,111,146,138,118,108,98,114,131,107,125,109,115,80,77,112,98,93,76,94,82,77,62,58,86,56,64,81,66,57,56,56,61,40,67,36,41,37,33,33,22,28,30,19,30,16,15,16,14,14,12,4,6,3,3,1,2,0,3,1,4,1,0,0,0,2,0,0,0,"6,775"
ASTANA ANYAR,NYENGSERET,0,51,85,71,110,94,92,102,99,98,86,93,115,103,104,106,84,104,91,72,80,96,91,98,92,100,90,101,87,86,99,94,89,101,93,104,115,105,105,104,85,86,100,99,78,106,78,79,73,72,84,64,66,95,71,67,73,55,76,54,61,55,51,51,52,52,31,26,34,30,19,27,27,18,17,22,17,25,19,16,17,15,17,3,7,9,3,8,0,6,3,4,1,0,1,1,0,0,0,1,0,0,"5,997"
ASTANA ANYAR,KARANGANYAR,0,27,21,34,47,37,48,42,42,45,34,36,39,39,48,40,52,49,38,41,43,54,38,40,38,43,49,44,40,49,52,51,64,47,50,60,48,65,54,37,51,49,46,45,53,48,52,52,48,53,46,58,54,32,36,40,30,48,36,52,51,47,43,53,34,30,41,32,37,35,32,25,26,20,23,22,19,20,16,16,13,21,13,11,9,5,11,13,3,5,3,5,1,5,1,1,1,1,1,0,0,2,"3,401"
ASTANA ANYAR,PANJUNAN,0,34,44,44,56,57,69,76,80,51,65,53,55,59,80,69,57,65,49,64,71,61,62,56,61,64,57,59,55,56,52,67,61,58,77,76,54,67,81,48,63,60,53,64,49,57,42,65,49,39,35,47,43,49,44,47,34,58,57,35,30,30,32,27,30,18,18,23,16,23,20,26,16,8,16,23,11,20,8,8,16,9,4,8,5,5,5,6,0,4,0,0,1,2,1,1,0,0,0,0,0,0,"3,830"
ASTANA ANYAR,CIBADAK,0,47,75,79,77,92,98,101,100,84,99,94,96,85,98,107,82,116,64,89,90,117,98,89,104,84,107,100,75,104,94,98,94,100,107,110,117,128,103,103,111,104,98,106,95,88,91,79,87,103,84,106,99,93,81,95,76,78,66,69,74,84,72,71,68,64,61,62,64,38,42,39,48,33,29,31,27,34,26,29,27,17,17,12,10,18,11,8,10,6,5,1,1,2,1,2,1,0,2,0,0,0,"6,661"
ASTANA ANYAR,PELINDUNG HEWAN,0,106,148,132,177,162,164,161,175,189,140,178,177,168,173,186,159,163,178,164,181,132,170,159,176,168,155,150,147,152,167,165,165,188,168,189,168,181,173,142,184,155,149,146,154,145,155,132,134,121,147,108,137,125,106,100,97,99,121,91,90,68,63,73,63,60,39,66,46,41,26,35,43,35,35,33,27,26,18,23,14,14,16,8,12,8,6,7,1,4,1,3,2,2,1,0,0,1,1,0,0,1,"10,014"
REGOL,CIGERELENG,0,62,84,60,87,78,67,66,94,70,77,83,80,76,70,99,82,100,88,78,75,88,87,85,91,94,96,74,73,115,91,92,77,85,85,107,112,98,96,88,91,92,102,81,89,89,84,94,78,85,82,71,91,87,74,74,73,77,56,60,81,65,72,53,68,67,48,55,50,46,49,31,38,36,22,33,18,19,20,16,14,17,14,9,10,10,2,5,4,4,1,2,2,3,1,0,0,0,0,2,0,0,"5,927"
REGOL,ANCOL,0,49,80,86,79,69,93,94,71,68,82,82,84,78,88,85,79,115,73,80,86,94,85,96,88,84,93,79,72,83,97,84,87,97,99,112,112,93,106,102,100,83,96,95,78,101,90,87,89,63,108,68,81,62,77,77,65,68,64,69,47,61,48,57,53,55,41,39,42,36,38,36,34,32,35,33,22,23,16,12,13,12,20,7,9,3,6,4,7,2,2,0,0,3,2,1,0,0,1,0,1,0,"5,858"
REGOL,PUNGKUR,0,28,36,46,40,55,50,42,45,51,57,47,52,63,54,61,73,56,50,61,71,55,65,62,81,55,90,55,71,63,69,65,79,87,75,69,87,85,88,108,91,77,110,100,86,68,70,79,68,64,65,61,76,67,66,56,55,59,57,40,35,58,36,44,30,35,30,38,25,25,32,22,22,14,21,27,18,21,19,15,6,10,9,9,6,10,2,6,3,2,6,0,2,2,0,0,1,1,0,0,0,0,"4,504"
REGOL,BALONGGEDE,0,28,41,49,56,59,68,52,44,54,54,64,53,72,71,64,49,56,43,54,69,68,58,51,58,60,67,65,72,61,53,79,81,76,84,68,71,83,80,64,85,74,71,62,65,55,51,70,53,57,50,55,47,60,51,54,48,48,50,33,54,34,52,57,41,41,29,34,32,30,30,26,30,14,19,16,20,19,20,12,14,11,9,7,2,6,3,11,2,4,2,4,4,1,2,1,1,3,1,0,0,1,"4,237"
REGOL,CISEUREUH,0,73,103,143,123,126,119,175,107,154,147,124,143,152,133,147,161,147,124,126,145,124,167,132,119,135,112,114,135,112,128,136,115,145,154,166,143,167,139,165,146,129,124,153,122,130,102,123,119,102,104,92,105,81,96,89,66,77,66,76,77,57,64,51,65,43,40,45,32,35,22,17,34,19,23,26,16,23,25,10,13,8,18,11,9,3,3,6,4,2,4,6,0,0,0,0,0,0,0,0,0,0,"8,193"
REGOL,CIATEUL,0,24,45,58,37,37,57,50,48,52,62,67,45,51,58,66,54,68,49,62,63,75,61,54,63,67,61,56,55,51,46,64,61,67,64,54,75,79,79,68,71,61,56,72,67,65,60,76,53,72,66,59,46,57,38,66,40,30,45,43,32,34,35,30,35,29,31,34,20,24,22,27,31,22,24,22,19,16,15,20,17,21,11,6,9,5,5,9,5,3,4,2,6,1,0,2,0,0,1,0,1,3,"4,029"
REGOL,PASIRLUYU,0,98,118,135,124,132,123,122,140,144,123,156,122,127,163,158,136,136,121,131,146,139,137,124,123,139,119,108,119,113,111,115,129,148,148,176,166,129,141,155,118,135,122,109,120,134,115,111,122,82,87,88,99,91,74,96,60,84,81,62,76,55,43,58,48,56,34,48,35,32,37,25,30,16,19,32,14,12,13,13,11,9,5,4,8,2,3,2,2,3,0,0,2,1,0,1,0,1,0,0,0,0,"7,934"
BATUNUNGGAL,GUMURUH,0,79,129,147,141,123,126,136,127,153,158,132,130,155,160,165,171,149,149,145,126,156,166,174,147,154,134,143,117,126,130,136,134,164,153,194,158,173,168,171,155,160,156,143,157,141,127,153,138,132,124,114,114,114,100,105,71,99,86,87,83,74,61,83,78,70,60,59,52,28,45,41,53,44,34,38,24,36,29,18,22,19,16,10,6,10,8,9,2,3,4,0,3,1,1,0,1,0,0,1,0,0,"9,301"
BATUNUNGGAL,MALEER,0,74,127,117,117,109,132,143,129,109,128,123,136,141,136,123,145,122,130,146,142,116,156,152,122,139,129,114,138,114,110,109,135,148,135,151,134,149,139,132,111,118,126,134,124,134,119,127,128,113,117,98,127,92,109,101,88,96,70,85,72,68,74,60,52,51,23,51,35,29,33,19,34,29,27,41,17,28,14,11,13,13,15,12,10,10,1,7,4,2,5,1,4,1,0,0,0,0,0,0,0,0,"8,134"
BATUNUNGGAL,CIBANGKONG,0,65,126,147,128,141,135,147,135,148,150,142,120,157,158,152,150,144,133,152,129,135,154,152,141,142,147,140,130,135,137,126,135,142,161,178,149,133,128,135,154,155,138,168,124,183,127,141,126,135,123,104,129,122,148,122,82,106,75,79,74,75,81,55,65,63,50,58,34,32,38,22,43,34,39,39,25,33,30,19,16,13,12,9,10,9,2,6,12,6,2,2,2,0,1,0,1,0,0,0,0,0,"9,012"
BATUNUNGGAL,KACAPIRING,0,21,54,70,76,64,66,63,71,78,70,67,67,86,75,70,64,79,64,66,59,70,66,90,55,61,67,76,69,56,62,56,67,65,68,67,77,68,79,66,73,84,79,81,71,86,63,69,77,81,82,56,69,44,56,69,52,50,45,47,41,41,34,38,39,34,27,33,24,18,18,24,26,17,24,29,8,18,18,16,9,12,8,16,7,6,3,12,3,3,4,0,1,3,0,0,1,1,0,0,0,0,"4,565"
BATUNUNGGAL,KEBONWARU,0,54,89,104,108,92,106,99,108,117,115,96,95,104,128,148,124,134,116,116,115,127,146,115,121,116,83,111,113,96,95,108,85,111,132,141,116,105,103,119,131,125,133,130,115,107,120,119,111,100,100,105,107,95,81,94,55,69,70,83,59,62,54,45,40,53,28,47,32,27,24,26,37,27,20,24,10,26,21,15,13,10,7,9,4,6,7,8,1,4,2,3,2,0,2,0,0,1,0,0,0,0,"7,117"
BATUNUNGGAL,KEBONGEDANG,0,38,71,68,66,64,78,74,81,81,84,82,93,77,72,71,70,71,70,100,76,78,71,77,68,74,60,65,71,67,52,59,76,80,75,101,89,84,83,78,75,81,82,84,89,76,66,66,70,68,61,65,68,53,62,64,37,44,45,47,52,37,46,32,35,39,21,23,16,13,17,20,23,17,26,24,11,22,13,12,14,8,5,11,4,6,3,1,2,1,2,0,2,0,2,0,0,0,0,0,0,0,"4,758"
BATUNUNGGAL,SAMOJA,0,43,101,85,102,86,110,115,94,85,111,113,132,100,135,96,108,109,109,116,92,109,127,110,93,93,102,93,81,92,90,104,102,115,106,117,102,97,106,100,108,80,109,114,94,123,82,88,91,94,102,91,83,78,63,69,65,67,60,54,48,61,55,47,33,44,25,28,26,23,18,16,33,22,21,30,16,23,15,12,13,13,11,8,3,6,3,6,3,1,2,1,0,2,1,0,0,2,0,0,0,0,"6,367"
BATUNUNGGAL,BINONG,0,84,105,146,108,154,143,142,143,135,153,137,149,134,161,169,165,157,132,151,138,135,159,146,142,130,142,144,136,119,133,124,147,146,126,159,138,160,137,157,149,179,150,137,132,156,120,135,144,114,133,107,120,81,106,96,71,85,78,72,66,65,59,78,79,47,35,57,39,25,25,17,47,29,34,20,21,23,13,13,13,10,13,4,6,6,5,3,1,0,1,2,0,0,1,0,0,1,0,0,0,0,"8,709"
LENGKONG,CIJAGRA,0,55,76,84,77,74,82,86,84,100,93,81,84,102,92,100,98,85,82,97,95,102,104,83,97,93,79,81,84,91,95,75,97,116,101,111,93,100,112,101,102,94,117,106,103,117,106,75,120,96,64,74,84,68,66,82,60,63,73,67,46,53,56,51,49,41,30,42,34,41,34,30,38,30,25,30,21,23,29,21,13,15,16,14,13,5,9,6,4,1,5,1,4,2,1,1,2,0,0,0,0,0,"6,115"
LENGKONG,LINGKAR SELATAN,0,38,68,47,76,79,75,73,60,64,66,90,103,87,103,95,95,82,95,79,87,85,93,67,111,97,68,82,79,71,84,76,80,69,88,91,91,104,83,89,91,93,91,91,96,104,107,96,113,103,111,69,93,63,65,63,44,52,34,38,25,31,33,32,35,36,25,20,22,29,19,18,37,21,18,21,12,16,14,15,7,11,8,8,9,8,5,10,4,7,5,3,5,1,2,1,1,1,0,0,0,0,"5,362"
LENGKONG,BURANGRANG,0,59,70,62,60,65,75,75,64,81,73,75,75,82,86,80,85,83,71,54,77,70,85,79,70,82,68,79,68,73,83,63,74,99,87,86,69,75,104,78,91,80,92,59,79,73,70,80,81,54,61,69,78,72,46,70,57,81,51,55,40,39,40,44,35,35,42,47,35,30,27,21,25,24,28,30,23,25,29,14,12,22,17,16,6,7,5,14,7,4,6,0,0,2,1,1,1,0,3,0,1,0,"5,101"
LENGKONG,PALEDANG,0,25,41,40,54,50,38,37,43,39,42,39,36,46,44,48,45,42,36,45,53,42,59,45,39,50,52,54,45,53,40,44,48,50,64,55,58,53,53,48,39,50,52,49,48,52,36,34,49,53,53,44,50,49,44,42,37,47,33,38,39,41,35,31,41,38,14,20,35,17,19,22,18,17,17,16,15,13,9,13,7,7,13,6,10,6,6,4,4,3,4,2,0,1,1,1,0,0,1,1,0,0,"3,241"
LENGKONG,TURANGGA,0,61,87,101,92,68,97,90,91,101,124,106,84,103,122,124,117,154,94,110,108,104,108,110,96,99,101,99,97,102,108,85,85,89,98,137,117,104,124,108,102,107,133,119,92,154,136,142,118,124,101,120,109,89,98,92,68,77,89,81,77,58,76,70,69,72,61,42,63,49,49,54,53,66,54,58,32,27,38,28,30,37,28,16,27,17,15,14,13,5,8,0,3,6,1,0,0,0,0,0,0,0,"7,472"
LENGKONG,MALABAR,0,32,51,54,61,63,49,62,54,55,46,48,59,60,51,66,68,70,50,66,71,78,61,63,62,60,46,63,62,71,72,57,56,78,82,86,59,78,68,59,62,66,61,53,65,61,43,59,66,49,67,61,67,50,56,47,47,49,58,48,45,49,39,45,51,35,31,28,19,30,24,26,19,22,22,15,18,20,19,26,8,13,16,12,6,11,8,6,7,5,3,2,1,4,2,1,1,0,1,0,0,1,"4,223"
LENGKONG,CIKAWAO,0,37,61,67,66,56,72,74,88,62,62,71,67,68,63,79,75,65,54,59,56,77,63,61,70,61,61,68,64,65,58,67,73,82,58,71,57,67,82,72,65,74,83,51,60,75,51,66,72,57,49,61,53,65,50,56,44,52,54,55,40,39,42,40,30,24,26,26,21,18,29,20,32,19,14,16,17,20,16,7,6,7,8,6,10,9,5,10,4,2,2,3,0,3,0,0,0,0,1,0,1,1,"4,346"
CIBEUNYING KIDUL,PADASUKA,0,81,112,106,127,123,128,136,145,136,126,131,138,130,148,151,157,148,108,155,124,147,145,129,143,131,123,135,126,109,117,115,122,134,147,145,140,148,157,130,136,121,133,123,133,157,115,126,123,130,105,87,131,104,97,92,82,96,93,81,88,76,69,61,59,64,37,52,26,34,39,23,52,22,24,36,18,17,24,16,28,16,12,13,6,8,4,10,1,8,1,1,1,1,2,1,0,1,1,2,0,0,"8,372"
CIBEUNYING KIDUL,CIKUTRA,0,97,158,151,167,191,185,183,194,188,170,199,185,183,205,198,180,173,151,149,170,176,173,169,156,183,137,166,151,174,152,168,174,161,170,210,191,199,185,182,184,204,180,184,170,176,136,167,163,160,155,133,141,125,98,122,104,119,133,133,119,82,79,96,72,85,64,86,63,54,47,40,62,52,56,69,35,61,25,30,29,27,17,16,6,13,10,15,6,6,4,4,4,4,4,1,0,1,0,1,0,0,"11,186"
CIBEUNYING KIDUL,CICADAS,0,76,122,116,113,120,124,118,114,151,127,138,123,138,129,155,140,140,115,145,133,124,148,135,117,135,127,111,128,114,105,122,115,119,123,150,161,132,151,144,129,138,123,125,145,121,114,118,122,113,115,88,113,80,76,86,70,82,77,67,66,41,53,62,51,39,27,41,38,23,35,24,39,24,23,43,22,23,27,19,10,16,22,7,10,9,7,11,4,2,4,5,0,2,1,2,0,0,0,0,0,0,"7,932"
CIBEUNYING KIDUL,SUKAMAJU,0,47,66,69,82,70,73,81,83,107,74,103,74,84,88,96,68,92,72,84,79,83,82,81,80,90,79,91,85,75,77,88,74,83,84,96,69,97,81,92,82,73,94,82,82,99,88,71,90,91,69,89,93,89,69,78,60,69,60,63,74,50,59,41,50,45,23,33,23,26,24,23,31,22,24,35,15,27,12,20,17,15,15,11,7,7,12,11,4,4,1,1,3,2,1,3,0,0,1,0,0,0,"5,542"
CIBEUNYING KIDUL,SUKAPADA,0,93,173,173,180,161,166,168,187,159,166,176,157,175,178,176,192,198,160,156,175,168,183,173,176,193,169,178,182,173,158,173,176,172,178,204,182,186,166,154,160,161,156,156,148,166,147,160,167,147,145,130,149,126,124,130,114,120,134,106,108,91,78,75,69,73,27,51,28,27,24,21,56,32,20,43,14,27,14,11,8,7,9,10,6,8,8,9,2,5,3,0,0,0,1,0,0,0,0,0,0,1,"10,525"
CIBEUNYING KIDUL,PASIRLAYUNG,0,94,161,174,158,167,198,183,170,170,158,154,182,161,198,186,161,160,172,146,156,160,171,139,157,179,178,169,151,150,156,186,161,174,207,228,202,195,196,172,166,162,144,139,149,152,143,154,151,151,140,116,144,124,127,130,108,125,109,129,128,95,112,77,86,68,61,55,49,31,36,29,33,32,26,39,17,29,29,13,11,10,28,18,6,3,9,8,4,3,1,1,1,3,1,0,0,0,0,0,0,1,"10,556"
BANDUNG KULON,CIJERAH,0,86,137,184,179,174,196,196,193,201,194,213,209,185,233,203,223,217,169,172,167,203,176,186,182,194,184,176,173,182,171,187,188,233,199,247,216,227,228,226,194,225,211,192,206,200,175,209,163,171,134,129,141,108,118,106,79,122,133,91,85,86,88,83,83,80,41,48,39,54,42,38,49,28,30,52,15,22,21,13,21,17,14,8,10,5,4,10,4,1,2,2,0,1,0,0,0,0,1,0,0,0,"11,713"
BANDUNG KULON,CIBUNTU,0,84,143,136,137,134,139,154,176,137,175,161,169,163,165,176,163,151,138,143,129,162,159,138,154,153,147,134,144,117,129,131,146,174,165,166,175,171,169,137,131,131,138,162,151,135,119,126,121,104,102,95,109,110,72,97,81,86,71,81,71,55,71,52,55,58,37,35,29,34,23,28,39,27,28,27,6,18,16,14,12,14,14,5,6,7,1,3,2,1,0,1,2,1,2,2,0,1,0,1,0,0,"8,864"
BANDUNG KULON,WARUNG MUNCANG,0,103,151,178,178,177,174,186,169,194,193,189,187,175,234,218,175,210,166,175,159,182,185,197,154,166,143,165,156,150,144,152,188,194,186,226,185,164,193,172,169,168,171,147,151,149,121,138,144,109,112,101,120,101,107,114,70,110,94,71,86,66,63,57,57,57,28,49,46,41,29,27,42,27,20,32,10,31,21,11,10,15,14,11,8,9,3,5,2,3,5,1,0,0,2,0,0,0,0,2,0,3,"10,253"
BANDUNG KULON,CARINGIN,0,37,66,74,71,75,82,68,81,77,69,94,82,68,89,89,73,82,78,76,76,71,77,61,76,70,69,78,80,86,68,85,93,92,95,98,77,92,84,80,69,79,68,74,51,78,63,50,59,56,59,40,55,41,40,47,42,53,59,42,43,39,41,34,33,21,22,26,25,14,18,12,17,9,12,17,4,13,6,5,7,9,6,10,5,3,4,3,2,0,2,1,0,0,0,0,0,0,0,0,0,0,"4,627"
BANDUNG KULON,CIGONDEWAH KALER,0,96,153,148,156,171,180,197,164,182,181,178,202,161,208,209,177,187,191,184,171,153,169,166,166,156,144,175,165,170,150,159,181,187,201,173,167,169,159,177,163,180,172,142,149,149,95,134,118,83,103,64,87,71,55,51,35,95,41,45,36,34,41,36,31,19,22,37,24,18,17,14,30,11,14,13,3,13,9,14,4,5,10,3,1,0,4,1,0,2,0,0,1,0,2,0,1,0,0,0,1,1,"9,187"
BANDUNG KULON,GEMPOLSARI,0,100,149,175,132,139,157,159,179,165,166,193,165,167,170,182,181,179,167,179,186,163,159,170,187,198,176,173,177,163,162,180,176,190,167,194,180,176,186,173,168,158,181,147,143,176,141,158,148,140,148,145,156,158,144,138,104,121,103,82,84,90,65,64,52,42,32,47,33,20,29,28,24,12,23,28,7,25,13,14,11,7,15,5,6,6,2,7,2,0,1,1,1,4,0,1,0,0,0,0,0,1,"10,301"
BANDUNG KULON,CIGONDEWAH RAHAYU,0,45,81,72,91,80,94,96,86,93,94,85,83,88,110,93,102,108,90,92,86,95,108,100,86,105,69,99,107,86,72,79,97,85,103,114,68,105,100,83,60,81,70,77,59,72,69,71,95,64,44,54,68,68,54,47,31,34,40,32,30,13,31,34,17,14,7,19,24,10,7,10,25,13,8,6,6,5,10,4,0,4,7,5,2,1,4,2,2,0,0,1,0,1,0,0,0,0,0,1,0,0,"5,043"
BANDUNG KULON,CIGONDEWAH KIDUL,0,42,65,68,72,63,70,77,69,90,73,64,70,63,75,80,87,96,75,91,75,81,78,76,84,86,64,75,67,69,59,69,71,73,70,88,68,79,75,70,89,59,74,65,61,71,54,64,67,49,59,39,49,59,41,33,26,36,30,18,31,21,25,23,17,21,14,16,24,12,10,9,21,15,5,9,8,11,9,9,4,1,8,4,3,1,1,1,1,1,2,2,1,0,0,0,0,1,0,0,0,0,"4,251"
KIARACONDONG,SUKAPURA,0,122,203,198,188,203,174,213,196,213,207,176,173,201,201,220,192,223,203,186,207,248,206,227,204,194,198,195,196,183,189,166,191,215,214,222,194,219,200,209,199,193,206,196,208,211,192,168,221,186,191,163,174,157,157,146,118,141,124,140,100,95,87,76,82,75,59,73,44,46,46,34,56,29,30,31,21,32,16,22,11,13,15,5,6,7,8,7,3,3,5,2,2,2,1,1,0,0,0,0,0,0,"12,405"
KIARACONDONG,KEBON JAYANTI,0,62,86,107,85,91,103,107,98,84,133,116,116,104,112,127,101,111,93,103,125,111,101,104,77,89,102,87,88,83,87,98,82,88,90,97,93,97,125,123,101,93,96,110,102,100,89,99,89,100,106,77,90,85,75,77,51,61,72,52,68,52,46,61,38,45,30,39,19,30,29,29,27,28,27,38,18,28,22,20,11,9,12,11,2,4,5,4,3,1,1,2,2,0,0,0,0,0,0,0,0,1,"6,373"
KIARACONDONG,BABAKAN SURABAYA,0,113,148,138,147,133,164,156,162,175,152,154,167,165,166,164,164,168,147,148,178,155,186,181,151,172,146,166,129,139,129,137,135,152,158,171,166,166,163,146,151,173,163,154,117,141,121,139,154,148,145,113,133,108,86,101,83,95,89,80,82,71,78,72,61,52,43,57,45,42,30,31,33,14,14,32,10,16,16,12,13,12,8,5,4,6,4,1,2,4,1,1,0,0,2,1,0,0,0,0,0,0,"9,426"
KIARACONDONG,CICAHEUM,0,80,128,127,135,127,139,120,117,135,135,140,132,131,141,146,150,125,136,128,142,145,154,118,144,144,122,111,140,119,104,132,127,137,147,167,131,140,147,110,145,136,116,115,126,130,127,124,137,123,95,121,120,93,116,93,74,77,99,87,79,59,68,64,61,60,36,32,31,37,23,23,40,29,15,32,13,20,13,16,6,8,8,7,6,2,1,8,0,2,4,2,0,0,0,0,0,1,0,0,0,0,"8,213"
KIARACONDONG,BABAKANSARI,0,186,291,262,311,269,288,310,310,311,309,313,280,286,294,317,301,317,282,282,286,305,294,295,275,275,259,263,280,271,282,287,303,294,326,383,347,327,339,322,290,271,303,301,288,286,260,271,286,236,215,214,236,234,205,201,180,209,203,188,186,151,136,132,147,134,107,92,74,62,49,55,69,42,48,66,27,44,41,27,27,18,11,13,13,8,4,11,6,1,5,2,1,1,0,0,0,1,0,0,0,0,"18,220"
KIARACONDONG,KEBON KANGKUNG,0,61,109,86,78,92,86,110,107,96,89,100,76,116,90,108,109,91,86,106,101,94,114,104,95,83,94,85,80,95,96,102,84,92,86,122,104,114,98,109,116,104,103,103,85,101,89,102,82,101,110,86,78,77,66,67,65,83,59,54,48,47,58,46,56,50,35,49,36,26,18,13,32,29,16,32,11,25,17,11,7,11,15,8,6,2,1,4,2,3,1,2,0,2,1,1,0,0,0,1,0,0,"6,201"
BOJONGLOA KIDUL,SITUSAEUR,0,99,172,144,155,147,162,184,174,169,200,183,145,180,176,162,176,168,161,200,143,171,156,156,171,188,158,177,161,157,172,147,181,179,191,200,180,189,183,168,179,149,172,185,128,158,124,157,154,164,146,128,143,133,110,116,97,97,106,100,101,86,93,82,84,74,44,68,49,57,41,47,49,42,26,49,14,30,32,24,10,18,16,7,13,9,5,9,5,8,5,4,3,3,0,0,0,0,0,0,0,0,"10,538"
BOJONGLOA KIDUL,KEBON LEGA,0,115,168,193,190,179,169,219,180,184,202,165,196,188,200,227,180,212,152,185,181,174,187,182,205,192,188,195,169,182,184,190,201,186,241,265,220,203,207,216,187,195,172,184,147,181,135,169,160,131,146,124,137,153,121,110,102,135,108,115,104,103,78,97,82,77,53,65,56,44,47,39,46,35,37,46,24,32,29,20,10,21,18,19,3,16,10,9,1,4,3,2,2,2,0,1,0,1,0,1,1,1,"11,623"
BOJONGLOA KIDUL,CIBADUYUT,0,73,115,86,105,125,103,118,99,110,86,92,105,105,132,105,106,110,95,124,90,100,101,97,105,119,88,92,92,93,107,105,114,127,110,118,103,103,114,98,89,106,94,81,81,93,70,85,71,69,61,53,71,59,56,58,41,41,48,46,38,35,25,22,25,28,16,23,15,16,9,10,18,4,9,11,5,9,5,4,4,5,3,2,0,1,0,3,1,1,2,0,0,0,0,0,0,0,0,0,1,1,"5,794"
BOJONGLOA KIDUL,MEKARWANGI,0,46,72,70,92,90,90,62,90,100,85,103,85,101,94,100,94,103,64,75,63,70,87,88,82,70,64,66,61,86,85,78,68,109,103,113,92,83,101,82,89,87,89,59,71,96,72,70,64,58,48,50,48,72,51,46,41,46,47,39,38,23,25,28,21,19,20,18,18,15,12,9,11,9,15,14,11,10,6,6,2,5,6,3,3,4,2,3,1,0,0,2,0,0,1,0,0,0,0,0,0,0,"4,870"
BOJONGLOA KIDUL,CIBADUYUT KIDUL,0,35,71,90,73,88,74,95,72,94,75,82,76,94,85,73,70,92,66,69,67,68,93,76,69,78,88,65,63,71,73,61,74,77,94,84,67,96,75,67,73,69,77,60,78,79,46,57,49,44,55,35,46,39,42,47,29,36,32,33,35,27,36,23,16,24,17,15,14,11,6,8,15,10,10,10,3,6,6,2,4,5,2,4,1,2,4,1,0,3,0,1,0,0,1,0,0,0,1,0,0,1,"4,330"
BOJONGLOA KIDUL,CIBADUYUT WETAN,0,30,60,65,51,61,57,67,70,73,70,66,59,62,72,77,69,65,57,68,73,60,53,61,56,52,50,44,52,51,58,51,71,88,65,72,59,72,78,59,75,68,68,59,68,75,62,62,49,52,45,37,26,36,22,32,20,28,31,21,28,15,20,27,20,11,13,16,19,12,16,9,10,13,9,4,7,3,12,5,5,2,5,4,1,2,1,3,1,0,2,2,0,0,0,1,0,0,0,0,0,0,"3,658"
CIBEUNYING KALER,CIHAUR GEULIS,0,40,58,85,93,80,87,81,86,88,111,93,104,102,114,99,116,122,87,100,94,85,91,85,97,83,73,98,81,74,74,84,82,107,84,103,100,99,88,116,101,89,107,99,110,128,106,116,110,109,113,80,96,90,74,73,60,64,67,58,67,50,49,54,48,43,38,37,26,26,36,28,38,32,26,41,17,21,20,15,13,15,17,10,6,15,6,7,4,7,4,4,2,0,2,1,0,0,0,1,1,0,"6,221"
CIBEUNYING KALER,SUKALUYU,0,67,100,98,114,111,117,114,127,114,117,106,122,136,121,139,134,130,98,122,125,124,123,121,114,130,109,120,115,136,126,116,116,128,136,119,108,146,122,139,127,116,126,121,116,125,125,142,119,132,133,105,123,97,88,80,89,81,91,90,67,70,53,60,63,45,47,62,33,45,41,36,52,34,37,35,20,41,28,20,26,25,20,9,14,10,5,9,4,2,3,4,0,1,2,0,1,0,1,1,1,0,"7,913"
CIBEUNYING KALER,NEGLASARI,0,40,58,71,82,75,84,85,82,75,76,87,69,67,81,88,64,80,62,79,63,62,58,67,64,93,67,67,77,73,62,65,71,67,70,89,87,88,85,80,72,68,83,62,76,65,60,87,75,61,70,62,59,51,52,56,53,52,43,47,39,30,43,46,28,32,26,29,20,28,25,15,25,21,19,26,9,20,10,12,7,9,10,6,6,6,4,1,1,1,3,1,0,0,0,0,1,2,0,0,0,1,"4,676"
CIBEUNYING KALER,CIGADUNG,0,151,255,221,238,225,276,243,259,243,243,232,233,233,239,225,267,259,258,224,246,253,246,268,258,242,227,285,260,250,215,246,239,251,271,286,278,281,233,240,252,246,210,228,240,210,198,186,204,171,162,205,204,179,190,157,144,168,182,128,132,128,128,134,102,107,75,78,54,56,43,36,51,43,52,66,32,46,31,23,21,19,20,8,9,18,9,8,5,3,2,2,2,3,0,3,0,0,0,0,0,0,"15,012"
SUMUR BANDUNG,BRAGA,0,33,28,27,35,37,42,42,42,46,51,43,31,33,39,56,40,46,31,36,34,39,41,48,50,42,44,30,39,43,47,46,43,53,54,41,49,42,60,45,50,37,53,44,43,36,41,54,49,32,31,39,46,34,35,41,20,40,24,36,34,34,39,38,43,28,34,19,27,14,16,16,21,8,16,16,11,14,10,10,13,10,7,5,2,5,7,3,2,1,3,2,1,3,0,1,0,0,1,0,1,0,"2,928"
SUMUR BANDUNG,MERDEKA,0,34,70,68,64,63,72,67,54,58,69,53,75,69,69,107,91,82,77,84,75,74,76,70,71,86,81,66,74,85,72,74,80,82,71,69,62,65,61,73,75,74,61,77,91,93,77,68,74,74,70,55,81,67,52,56,37,49,41,37,35,43,32,25,24,33,15,21,26,22,19,14,17,34,19,18,12,7,11,12,11,12,8,7,5,7,5,9,4,5,1,2,3,6,1,2,2,1,0,0,0,2,"4,634"
SUMUR BANDUNG,KEBON PISANG,0,62,77,72,70,97,77,83,98,99,93,82,106,113,94,108,118,121,94,97,103,86,95,84,83,80,81,85,90,78,70,78,92,98,101,113,98,90,95,117,87,80,105,80,94,105,86,95,84,81,83,78,100,66,69,74,63,63,65,73,61,59,51,41,42,47,35,28,34,27,22,28,28,15,24,34,26,18,22,19,13,16,13,9,10,6,8,8,2,0,5,5,1,3,1,2,1,1,0,1,0,0,"5,975"
SUMUR BANDUNG,BABAKAN CIAMIS,0,40,64,57,54,55,69,53,59,66,51,53,66,63,74,69,77,64,65,76,60,55,72,51,62,50,59,59,64,62,52,67,68,53,65,72,67,80,65,58,62,65,73,61,60,59,66,67,67,68,45,49,68,52,60,52,32,45,38,35,32,33,51,32,29,29,19,17,21,22,12,14,25,9,19,16,7,16,19,13,18,10,9,8,4,6,4,6,2,2,2,1,1,3,1,0,1,0,0,0,0,0,"4,053"
ANTAPANI,ANTAPANI KULON,0,55,86,73,72,70,87,67,90,83,81,90,81,87,76,87,87,62,88,83,63,76,97,83,84,102,87,100,93,82,71,85,94,91,87,90,100,98,86,84,79,78,79,58,88,65,73,61,100,61,73,62,52,76,54,80,63,60,65,58,61,51,53,45,36,27,22,20,22,17,9,14,15,8,14,11,8,8,2,4,7,2,10,3,2,0,2,4,0,1,0,0,0,2,0,0,1,0,0,0,0,0,"5,124"
ANTAPANI,ANTAPANI WETAN,0,84,124,160,144,148,127,145,141,156,153,140,137,156,143,156,141,158,127,123,153,118,174,131,134,147,162,129,150,138,139,134,151,161,177,157,166,162,140,133,141,140,134,140,132,123,121,131,107,99,123,103,115,116,100,122,102,101,98,95,81,78,56,48,47,55,39,38,30,23,22,20,19,12,13,15,8,10,16,14,7,3,4,6,2,6,5,8,0,2,0,1,2,1,1,1,0,1,0,0,0,0,"8,656"
ANTAPANI,ANTAPANI TENGAH,0,143,168,166,170,169,173,179,185,156,146,118,162,146,142,136,163,157,155,158,153,154,173,161,171,196,199,172,218,188,194,206,202,197,236,236,213,192,219,185,137,154,166,146,141,141,115,130,114,108,131,119,142,115,178,197,182,185,170,170,135,134,105,107,114,75,55,67,54,38,24,24,33,19,26,32,11,22,14,11,11,10,9,5,11,12,4,6,1,2,2,4,1,0,0,2,0,2,0,0,0,0,"10,980"
ANTAPANI,ANTAPANI KIDUL,0,117,191,183,165,176,176,146,193,177,166,151,148,169,173,165,180,164,161,178,184,186,225,202,235,201,206,209,231,218,216,198,176,192,208,218,196,196,211,189,184,164,172,158,154,153,143,172,174,153,146,156,179,193,189,200,180,192,169,161,154,130,103,127,101,93,82,61,62,45,33,18,56,45,33,34,13,24,14,12,12,15,18,9,8,11,5,8,3,1,3,1,4,1,1,2,0,0,0,0,0,0,"12,010"
BANDUNG KIDUL,BATUNUNGGAL,0,101,137,138,134,148,128,153,126,141,140,150,145,152,147,139,162,134,138,152,138,150,152,147,124,127,140,127,122,144,148,130,128,143,148,191,143,171,153,157,154,149,138,124,143,147,145,153,122,119,127,110,141,104,97,88,93,94,91,80,72,64,72,82,78,72,54,49,65,34,49,36,52,31,37,36,30,22,27,16,14,17,15,8,8,10,3,8,2,3,2,0,4,2,1,2,1,2,0,0,0,0,"9,047"
BANDUNG KIDUL,WATES,0,46,60,80,75,60,72,72,75,53,72,45,89,69,66,78,71,63,56,66,74,67,69,72,62,68,55,64,46,61,70,65,66,74,76,89,70,86,71,81,78,77,79,54,80,59,51,62,63,43,55,49,52,45,44,45,25,37,29,35,29,37,30,22,22,16,12,12,10,10,19,7,14,10,10,7,2,10,6,6,5,5,2,3,2,1,1,1,0,1,1,0,0,1,1,0,1,0,0,0,0,0,"4,032"
BANDUNG KIDUL,MENGGER,0,41,77,69,71,82,81,86,73,91,88,101,90,99,86,88,88,89,85,72,81,96,78,81,81,76,92,92,86,83,68,75,89,100,80,97,81,87,85,83,92,68,96,85,80,69,68,72,77,84,65,65,70,66,72,51,37,46,52,38,33,33,36,28,24,26,9,21,17,15,14,15,20,9,15,19,18,10,6,9,4,4,4,6,5,2,5,5,0,0,1,1,0,1,0,1,1,0,0,0,0,0,"5,018"
BANDUNG KIDUL,KUJANGSARI,0,111,162,147,172,158,155,164,169,155,186,159,164,166,186,177,216,177,143,153,149,178,156,190,152,143,161,153,182,153,177,154,161,188,176,165,174,201,203,186,149,157,161,170,158,168,180,122,176,132,133,112,129,127,106,127,84,113,99,80,86,69,71,77,69,55,56,60,41,22,34,28,41,17,20,34,14,27,14,18,17,9,12,7,5,1,4,8,4,2,2,0,2,2,0,1,0,0,0,0,0,0,"10,134"
BUAHBATU,SEKEJATI,0,34,66,70,52,62,70,58,60,63,65,69,59,56,68,58,78,79,63,83,72,82,67,66,69,73,68,63,56,68,82,65,87,84,81,70,72,55,75,57,65,47,77,57,64,61,62,70,67,75,54,56,64,57,53,61,54,50,42,59,44,44,33,40,27,31,17,21,13,17,21,11,17,7,3,13,2,6,6,4,5,6,3,2,1,3,1,3,2,0,1,1,1,2,1,0,1,0,1,0,0,0,"4,231"
BUAHBATU,MARGASARI,0,197,295,284,293,303,293,313,324,300,294,311,299,298,331,287,293,300,257,276,288,294,277,307,300,274,302,276,302,284,294,285,323,322,312,361,325,360,337,303,275,338,309,290,285,316,263,278,257,229,226,210,248,190,180,192,169,173,177,143,171,140,143,138,109,114,95,105,84,67,71,62,85,47,49,56,48,46,33,30,20,22,22,7,15,9,7,10,7,7,3,5,3,0,1,0,0,1,0,0,0,0,"18,254"
BUAHBATU,CIJAURA,0,132,176,193,212,192,220,221,212,227,203,201,215,216,208,234,212,233,195,209,197,209,197,204,201,211,192,215,217,211,209,194,235,232,209,240,245,237,231,234,210,233,213,183,179,200,176,171,193,168,173,141,179,138,155,159,115,141,144,112,121,116,113,97,79,92,49,74,61,47,33,32,60,34,30,43,18,37,12,18,19,16,13,10,4,9,7,7,2,2,1,2,1,0,1,0,0,0,0,0,0,0,"12,874"
BUAHBATU,JATISARI,0,130,163,164,167,184,166,187,188,192,183,182,185,198,207,216,177,212,191,186,191,227,233,250,234,218,229,227,222,211,220,214,188,224,184,213,219,201,216,198,192,164,179,175,176,163,156,188,198,186,178,179,200,193,210,202,149,187,144,111,119,94,103,92,69,89,47,58,44,37,36,21,42,35,29,45,14,22,17,22,15,10,20,11,7,7,3,8,5,5,2,0,3,2,4,0,0,0,0,0,0,0,"12,464"
RANCASARI,CIPAMOKOLAN,0,118,185,190,153,189,191,176,172,151,181,203,171,191,195,208,167,206,175,158,193,183,191,210,188,167,205,196,210,176,199,184,194,178,181,207,191,193,193,183,176,192,184,148,193,166,138,168,169,130,148,121,166,143,132,158,92,139,117,97,89,89,78,75,74,51,47,59,44,36,27,24,44,20,20,33,12,19,12,18,12,18,17,9,12,12,5,8,5,5,1,1,4,3,0,0,0,1,0,1,0,0,"11,164"
RANCASARI,DERWATI,0,89,119,120,132,143,127,122,132,146,135,125,140,134,145,165,166,173,133,149,160,146,153,163,149,163,164,144,155,106,130,131,131,117,118,158,129,137,156,147,139,145,142,120,135,132,105,148,142,139,135,106,150,125,103,123,66,99,75,77,54,49,62,53,37,56,24,37,32,15,19,10,33,14,15,22,9,14,6,15,13,8,11,4,5,8,2,9,2,1,0,2,1,0,2,1,0,0,0,0,0,1,"8,504"
RANCASARI,MUNJAHLEGA,0,128,150,153,163,163,143,186,165,144,176,161,161,143,149,134,155,177,163,169,156,157,155,164,186,171,152,175,188,160,198,199,203,201,219,230,223,201,220,197,155,191,194,182,149,142,153,147,137,139,100,120,123,146,107,115,102,117,125,142,153,125,147,158,128,115,94,114,89,74,54,60,72,42,37,69,27,38,31,29,19,16,15,11,11,12,4,7,6,7,7,3,2,2,2,1,1,0,0,0,0,0,"11,306"
RANCASARI,MEKARMULYA,0,100,139,135,147,141,130,147,159,171,149,150,175,140,171,157,170,167,97,127,105,126,130,146,121,127,123,145,120,130,142,139,152,158,135,190,158,164,158,149,156,123,164,127,126,153,114,107,131,116,99,97,76,84,72,80,70,77,72,64,67,56,69,64,53,65,37,44,35,28,24,21,24,15,23,25,10,14,14,6,4,9,11,5,4,2,2,4,1,2,1,1,1,1,1,0,0,0,0,0,0,0,"8,441"
ARCAMANIK,SUKAMISKIN,0,105,149,147,155,148,159,155,144,163,145,129,141,147,157,136,155,168,136,147,153,148,194,169,177,167,196,181,198,199,175,176,163,187,159,205,173,161,149,137,134,120,122,160,134,142,133,160,151,132,165,142,173,136,152,162,120,128,110,125,114,100,112,94,72,84,41,58,53,44,35,35,39,34,25,43,17,29,19,16,12,11,5,11,8,7,3,8,2,8,1,3,1,1,0,0,1,0,0,0,1,0,"10,201"
ARCAMANIK,CISARANTEN BINA HARAPAN,0,57,81,90,99,85,98,113,118,89,97,97,98,81,105,109,108,87,81,100,87,84,90,86,89,66,71,94,97,81,72,84,92,109,99,103,101,96,95,110,85,95,100,86,98,97,74,80,87,62,46,71,64,66,53,56,27,57,58,46,53,50,50,50,42,34,27,29,21,22,19,22,17,13,17,25,7,8,10,9,6,5,8,8,3,8,4,6,0,2,2,0,1,1,0,0,0,0,1,0,0,3,"5,590"
ARCAMANIK,CISARANTEN KULON,0,104,195,192,173,192,165,189,179,176,155,169,178,177,163,178,163,166,159,170,152,169,145,144,170,149,146,162,196,145,163,193,167,210,180,209,185,211,147,171,169,155,180,152,160,149,114,139,150,153,140,93,131,99,92,94,100,113,76,77,101,84,74,76,57,61,26,46,40,25,38,31,31,26,23,29,15,24,19,18,6,17,10,11,8,7,3,3,4,2,1,2,1,0,0,0,0,1,0,0,0,1,"10,114"
ARCAMANIK,SINDANGLAYA/CISANTREN ENDAH,0,95,147,134,141,136,146,153,166,157,147,156,175,169,138,180,161,178,156,156,168,162,168,194,152,145,141,166,136,136,136,128,158,155,144,148,152,156,160,153,138,148,135,147,138,157,125,150,137,131,134,103,132,120,105,112,73,85,100,70,60,55,64,44,48,33,33,39,12,18,20,10,26,15,12,20,10,22,15,8,13,3,9,8,4,8,2,7,2,1,2,0,1,0,0,0,0,2,0,0,0,0,"9,015"
CIBIRU,PALASARI,0,125,167,179,177,159,176,179,204,183,168,175,168,209,199,192,178,195,173,200,169,198,224,192,170,190,180,157,177,145,168,137,170,176,155,206,193,170,208,184,164,177,169,164,171,189,137,173,158,136,135,112,143,121,134,115,80,106,88,79,61,62,76,72,57,52,33,39,33,31,17,21,36,20,18,21,10,19,12,10,11,3,5,9,2,5,1,3,2,1,1,2,3,0,0,2,0,0,1,0,0,2,"10,479"
CIBIRU,CIPADUNG,0,72,100,117,102,95,80,110,104,112,110,113,111,116,114,103,121,115,71,102,107,112,102,111,106,104,93,93,111,91,89,78,92,79,93,108,104,101,90,77,101,101,81,85,102,106,81,72,99,73,79,60,75,65,73,62,41,54,46,43,68,30,40,34,38,35,24,26,21,12,19,12,18,15,17,28,9,12,13,10,7,7,11,3,2,6,0,2,0,4,1,1,1,0,0,0,1,0,0,0,0,0,"5,935"
CIBIRU,PASIR BIRU,0,107,131,164,151,167,183,181,184,172,191,177,188,186,170,218,214,183,171,180,197,194,195,188,195,184,175,167,182,167,171,172,167,154,174,206,181,198,194,169,146,163,153,172,192,180,153,166,157,168,125,148,144,126,106,136,75,101,105,89,67,67,70,55,55,69,41,45,28,27,21,25,27,16,20,26,11,14,11,10,8,8,7,2,4,9,2,4,1,4,1,0,1,1,0,1,1,0,1,0,0,0,"10,513"
CIBIRU,CISURUPAN,0,98,121,116,116,121,142,142,133,127,155,129,116,154,132,145,129,145,134,99,112,115,135,124,119,139,105,124,112,111,93,118,119,127,121,140,131,138,166,146,110,149,121,101,111,130,114,128,139,92,76,71,84,99,70,60,69,76,54,41,46,48,45,37,37,34,21,27,23,16,19,12,18,16,12,23,10,12,7,7,7,4,12,3,0,3,2,8,2,1,2,2,1,1,0,0,0,0,0,0,0,0,"7,362"
UJUNG BERUNG,CIGENDING,0,85,119,119,116,99,112,136,119,165,117,128,125,133,139,135,161,135,119,114,122,138,114,111,115,146,113,114,105,113,126,104,117,140,132,129,132,132,150,131,114,124,139,118,133,129,92,125,119,101,96,104,110,92,101,98,85,91,87,79,70,48,61,57,50,43,33,39,25,24,31,20,26,20,28,25,18,10,16,16,9,13,18,9,10,2,0,10,5,3,0,2,3,0,0,1,1,1,0,1,0,1,"7,746"
UJUNG BERUNG,PASANGGRAHAN,0,103,150,155,139,146,172,181,166,172,161,162,162,176,155,175,186,178,135,158,146,146,165,163,142,143,163,142,133,139,113,121,131,142,175,148,135,155,154,162,138,132,152,161,160,171,128,144,126,114,117,95,117,93,82,105,70,84,65,62,69,59,52,61,55,57,36,49,36,22,32,24,32,27,29,28,13,25,9,10,7,4,13,6,5,7,3,3,2,1,3,1,1,0,1,1,0,1,0,0,1,1,"9,052"
UJUNG BERUNG,PASIR ENDAH,0,86,120,105,137,119,115,114,126,112,115,139,106,106,141,119,137,125,113,106,124,129,123,133,134,119,116,116,127,112,110,112,123,133,138,153,125,150,136,107,121,106,101,112,102,114,113,123,119,109,112,88,92,101,81,90,76,93,83,88,91,59,64,61,53,54,37,43,35,27,18,20,37,17,12,27,11,16,15,11,8,9,6,7,2,4,3,6,2,4,2,1,0,0,2,1,0,0,0,0,0,0,"7,550"
UJUNG BERUNG,PASIR JATI,0,78,134,112,133,140,140,156,126,149,139,130,145,141,127,139,146,142,131,110,133,122,134,109,126,131,126,114,110,115,116,124,134,106,139,157,151,163,135,116,124,121,124,121,134,125,95,134,107,115,95,95,100,69,75,98,56,70,64,69,56,46,51,37,50,53,24,33,22,21,19,16,41,21,17,26,9,17,8,10,7,15,8,10,2,6,7,5,3,1,3,0,0,0,0,0,0,0,0,0,0,0,"7,714"
UJUNG BERUNG,PASIRWANGI,0,75,125,147,156,128,141,133,152,133,143,144,142,120,146,115,120,124,113,134,108,139,133,134,125,132,111,129,118,90,100,97,127,118,119,155,141,156,130,128,129,114,115,99,103,103,96,117,95,93,79,70,80,79,67,73,58,72,49,44,59,62,41,42,51,34,17,39,19,23,20,10,39,19,12,11,11,22,11,8,10,6,10,4,4,9,3,7,2,1,2,2,1,0,0,0,0,0,0,0,0,0,"7,327"
GEDEBAGE,CIMENERANG,0,90,139,149,134,159,135,167,144,143,143,147,127,158,141,159,180,128,139,139,156,170,176,177,169,147,171,168,158,163,135,167,155,139,162,167,162,173,148,178,160,142,156,132,123,149,111,154,124,116,151,110,134,135,140,120,92,142,119,112,95,72,81,83,69,72,40,51,34,32,31,23,42,29,33,35,19,24,15,27,11,14,17,19,11,10,8,13,4,4,5,3,2,0,0,0,2,0,0,0,0,0,"9,614"
GEDEBAGE,CISANTREN KIDUL,0,27,37,38,39,21,28,30,40,31,38,40,31,42,42,44,36,29,27,28,27,30,37,20,29,27,26,31,19,25,22,31,25,34,33,51,35,47,43,33,30,57,45,28,42,29,25,27,30,24,16,17,11,17,8,14,7,13,19,13,11,9,15,13,5,7,2,2,5,3,2,2,4,2,2,2,2,3,2,1,0,0,2,1,0,1,0,0,0,0,0,1,0,1,0,0,0,0,0,0,0,0,"1,845"
GEDEBAGE,RANCABOLANG,0,14,33,27,26,33,22,53,47,56,50,50,39,49,50,67,54,58,61,46,50,45,41,38,31,32,22,24,37,21,27,24,26,17,29,37,31,40,47,33,44,51,44,56,59,63,52,49,40,32,34,33,36,22,19,16,14,13,15,17,11,11,10,8,8,6,8,8,6,6,5,8,9,1,5,6,1,0,3,0,0,1,0,0,0,0,0,0,0,0,0,0,1,0,0,0,0,0,0,0,0,1,"2,319"
GEDEBAGE,RANCANUMPANG,0,53,62,77,110,92,97,99,102,108,91,98,86,85,87,91,99,88,62,69,68,63,67,52,64,55,54,71,59,73,79,76,74,97,94,115,103,115,113,106,114,108,88,88,83,92,67,70,69,52,68,44,57,50,29,29,23,43,23,32,26,20,19,24,14,17,19,12,15,4,10,3,14,12,10,4,2,5,1,3,0,3,6,2,1,0,0,2,1,2,0,0,1,0,1,0,0,0,0,0,0,0,"4,736"
PANYILEUKAN,CIPADUNG KULON,0,37,57,54,55,52,37,50,45,38,39,53,29,48,46,48,41,47,44,43,49,58,70,56,81,59,83,84,74,69,71,63,71,69,71,60,44,44,48,45,34,38,42,42,26,31,44,33,40,33,45,48,63,67,76,80,72,75,43,55,45,31,22,18,15,14,9,2,10,5,6,4,4,3,5,6,1,6,2,0,3,3,2,1,2,2,2,3,2,0,0,0,0,0,0,0,0,0,0,0,0,0,"3,347"
PANYILEUKAN,CIPADUNG KIDUL,0,62,97,113,110,92,91,111,94,100,92,98,109,101,120,115,115,118,101,107,110,123,129,120,107,120,102,104,119,114,88,87,90,103,104,117,95,94,110,96,102,109,86,85,78,109,87,82,94,87,87,77,93,83,77,104,59,72,53,60,62,48,44,43,35,31,13,20,17,15,14,19,18,14,18,14,3,11,10,5,4,12,3,3,5,1,0,1,2,0,1,0,2,0,1,0,1,1,0,1,0,0,"6,254"
PANYILEUKAN,CIPADUNG WETAN,0,65,95,112,75,86,96,79,77,117,105,89,96,103,126,126,151,115,127,136,147,150,155,158,152,155,129,146,139,109,105,92,89,82,85,93,99,85,92,92,101,113,92,95,101,126,119,120,154,137,149,147,138,148,141,111,107,102,87,62,61,44,39,39,44,32,30,23,18,25,13,17,24,16,13,16,3,12,13,5,7,3,4,4,4,3,3,6,0,2,1,1,2,0,1,0,0,0,0,0,0,0,"7,208"
PANYILEUKAN,MEKAR MULYA,0,21,25,37,26,30,38,31,33,22,25,22,26,25,26,33,27,42,23,32,22,41,28,28,22,32,25,28,32,24,20,23,17,23,29,36,31,37,35,29,28,31,27,24,22,30,11,23,22,22,25,17,28,18,16,15,9,15,17,15,13,13,11,12,9,6,3,4,3,6,5,2,7,1,4,7,1,5,1,2,2,1,2,3,0,0,0,2,1,2,0,0,0,0,0,0,0,1,0,0,0,0,"1,650"
CINAMBO,CISARANTEN WETAN,0,30,62,64,41,50,50,52,62,60,51,52,42,42,42,55,53,50,55,51,45,46,52,54,54,43,38,45,63,54,47,48,50,57,60,59,53,58,69,48,47,49,47,46,54,46,39,35,54,47,32,37,32,25,29,25,19,22,28,13,17,15,16,8,16,17,8,16,12,8,8,8,11,5,3,10,5,7,5,6,3,4,3,0,1,1,1,0,1,1,0,0,2,0,0,0,0,0,0,0,0,0,"2,951"
CINAMBO,PAKEMITAN,0,20,42,45,40,45,56,51,42,45,46,43,48,55,40,46,39,60,40,40,53,32,42,42,46,42,43,41,35,32,46,38,52,47,44,55,42,55,52,46,38,45,48,40,35,45,39,33,41,39,33,30,29,27,40,29,28,29,33,19,20,29,14,24,15,14,16,12,21,6,9,5,14,3,7,10,4,5,10,2,8,2,3,1,2,3,2,0,2,0,1,0,0,0,0,0,0,0,0,0,0,0,"2,692"
CINAMBO,SUKAMULYA,0,37,51,51,51,57,55,46,47,55,44,49,41,45,49,48,48,52,34,46,45,44,49,46,33,51,41,47,39,32,43,39,35,45,38,68,42,52,61,61,44,55,48,40,38,53,40,33,43,33,23,29,45,23,22,27,29,25,25,23,27,27,15,16,13,10,9,9,12,6,8,8,9,5,4,9,4,3,3,3,2,3,2,3,2,2,2,0,0,1,0,0,1,0,2,0,0,0,0,0,0,0,"2,735"
CINAMBO,BABAKAN PENGHULU,0,40,61,58,59,65,60,49,62,65,66,52,53,58,70,60,48,54,60,55,59,56,61,55,57,62,51,53,57,44,58,49,61,59,57,68,67,67,72,61,67,77,62,47,56,61,48,43,37,41,51,37,41,33,32,32,24,39,29,24,19,20,22,21,7,22,11,9,7,6,6,2,15,6,5,7,7,6,8,5,5,1,5,0,2,1,1,3,1,3,0,0,0,0,1,1,0,1,0,0,0,0,"3,386"
MANDALAJATI,JATIHANDAP,0,144,208,230,192,201,219,226,173,225,200,223,186,218,226,216,214,218,171,203,192,227,195,173,206,207,205,186,197,192,193,198,211,198,214,258,219,231,242,221,206,192,202,176,180,179,149,163,147,141,158,152,158,147,116,128,102,133,99,119,111,82,79,79,79,69,54,43,42,21,34,28,53,31,26,32,21,29,17,17,9,16,9,9,8,7,8,6,3,2,2,0,0,1,0,0,1,0,0,0,0,0,"12,133"
MANDALAJATI,KARANG PAMULANG,0,87,132,126,130,142,163,143,152,139,137,142,162,145,138,161,127,145,137,138,112,125,161,137,138,108,143,164,151,130,131,131,137,158,151,151,122,149,149,125,120,108,121,145,123,114,106,119,121,124,113,101,118,89,102,100,65,108,73,57,86,64,55,60,40,44,29,34,19,26,22,23,31,12,16,26,13,13,10,7,11,4,9,7,2,5,2,4,0,2,0,2,1,0,1,0,0,0,0,0,0,0,"8,226"
MANDALAJATI,PASIR IMPUN,0,71,91,91,102,126,115,113,105,88,108,94,108,124,111,90,87,124,106,93,93,95,92,86,94,92,112,98,91,101,73,82,97,85,71,103,120,102,102,85,67,77,95,83,84,100,75,71,85,70,62,64,74,71,63,67,49,63,63,52,45,46,42,32,24,33,23,25,18,21,16,12,28,14,15,10,9,10,10,3,4,3,3,3,4,1,0,1,0,1,0,0,2,0,0,0,0,0,0,0,0,0,"5,714"
MANDALAJATI,SINDANG JAYA,0,67,114,102,107,108,128,124,108,129,110,109,88,102,115,124,107,108,97,95,108,94,110,109,109,115,111,108,114,84,92,93,105,120,118,137,134,130,130,104,104,108,122,110,103,94,81,71,85,97,99,61,76,73,79,77,66,77,76,56,77,57,62,52,51,47,43,39,28,28,21,19,26,12,19,20,9,14,5,6,12,7,9,3,8,1,0,1,0,0,2,0,2,1,1,0,0,0,0,0,0,0,"6,664"
