lokasi,nama_komoditas,2017-09-01,2017-09-02,2017-09-03,2017-09-04,2017-09-05,2017-09-06,2017-09-07,2017-09-08,2017-09-09,2017-09-10,2017-09-11,2017-09-12,2017-09-13,2017-09-14,2017-09-15,2017-09-16,2017-09-17,2017-09-18,2017-09-19,2017-09-20,2017-09-21,2017-09-22,2017-09-23,2017-09-24,2017-09-25,2017-09-26,2017-09-27,2017-09-28,2017-09-29,2017-09-30
"Pasar Andir","Beras Medium",0,0,0,10000,10000,10000,10000,10000,0,0,10000,10000,10000,10000,10000,0,0,10000,10000,10000,0,10000,0,0,10000,10000,10000,10000,0,0
"Pasar Andir","Cabe Merah",0,0,0,40000,40000,40000,35000,35000,0,0,35000,35000,35000,35000,35000,0,0,35000,35000,35000,0,35000,0,0,35000,35000,35000,35000,0,0
"Pasar Andir","Bawang Merah",0,0,0,24000,24000,24000,24000,24000,0,0,24000,24000,24000,24000,24000,0,0,24000,24000,24000,0,24000,0,0,24000,24000,24000,24000,0,0
"Pasar Andir","Daging Ayam Ras",0,0,0,34000,34000,34000,30000,30000,0,0,30000,30000,30000,30000,30000,0,0,30000,30000,30000,0,30000,0,0,32000,32000,32000,32000,0,0
"Pasar Andir","Telur Ayam Ras",0,0,0,21000,21000,21000,21000,21000,0,0,21000,21000,21000,21000,21000,0,0,21000,21000,21000,0,21000,0,0,21000,21000,21000,21000,0,0
"Pasar Andir","Daging Sapi",0,0,0,120000,120000,120000,120000,120000,0,0,120000,120000,120000,120000,120000,0,0,120000,120000,120000,0,120000,0,0,120000,120000,120000,120000,0,0
"Pasar Andir","Minyak Goreng",0,0,0,14500,14500,14500,14500,14500,0,0,14500,14500,14500,14500,14500,0,0,14500,14500,14500,0,14500,0,0,14500,14500,14500,14500,0,0
"Pasar Andir","Gula Pasir",0,0,0,15000,15000,15000,15000,15000,0,0,15000,15000,15000,15000,15000,0,0,15000,15000,15000,0,15000,0,0,15000,15000,15000,15000,0,0
"Pasar Andir",Kentang,0,0,0,14000,14000,14000,14000,14000,0,0,14000,14000,14000,14000,13000,0,0,13000,13000,13000,0,13000,0,0,13000,13000,13000,13000,0,0
"Pasar Andir",Kedelai,0,0,0,11000,11000,11000,11000,11000,0,0,11000,11000,11000,11000,11000,0,0,11000,11000,11000,0,11000,0,0,11000,11000,11000,11000,0,0
"Pasar Andir","Tepung Terigu",0,0,0,7500,7500,7500,7500,7500,0,0,7500,7500,7500,7500,7500,0,0,7500,7500,7500,0,7500,0,0,7500,7500,7500,7500,0,0
"Pasar Andir","Bawang Putih",0,0,0,27000,24000,24000,24000,27000,0,0,27000,27000,27000,27000,27000,0,0,27000,27000,27000,0,27000,0,0,24000,24000,24000,24000,0,0
"Pasar Andir","Cabe Keriting",0,0,0,23000,23000,23000,23000,23000,0,0,23000,23000,23000,23000,23000,0,0,23000,23000,23000,0,23000,0,0,23000,23000,23000,23000,0,0
"Pasar Andir","Cabe Rawit",0,0,0,24000,24000,24000,24000,24000,0,0,22000,22000,22000,22000,22000,0,0,22000,22000,22000,0,22000,0,0,22000,22000,22000,22000,0,0
"Pasar Andir","Kacang Tanah",0,0,0,25000,25000,25000,25000,2500,0,0,25000,25000,25000,25000,25000,0,0,25000,25000,25000,0,25000,0,0,25000,25000,25000,25000,0,0
"Pasar Andir","Ubi Kayu",0,0,0,3000,3000,3000,3000,3000,0,0,3000,3000,3000,3000,3000,0,0,3000,3000,3000,0,3000,0,0,3000,3000,3000,3000,0,0
"Pasar Andir","Ubi Jalar",0,0,0,0,0,0,0,0,0,0,0,0,0,0,0,0,0,0,0,0,0,0,0,0,0,0,0,0,0,0
"Pasar Andir",Jagung,0,0,0,9000,9000,9000,9000,9000,0,0,9000,9000,0,0,9000,0,0,9000,9000,9000,0,9000,0,0,9000,9000,9000,9000,0,0
"Pasar Andir","Ikan Olahan",0,0,0,70000,70000,70000,70000,70000,0,0,70000,70000,70000,70000,70000,0,0,70000,0,0,0,70000,0,0,70000,70000,70000,70000,0,0
"Pasar Andir","Beras Premium",0,0,0,0,0,0,0,0,0,0,0,0,0,0,0,0,0,0,0,0,0,0,0,0,0,0,0,0,0,0
"Pasar Andir","Minyak Goreng Curah",0,0,0,11500,14500,14500,14500,14500,0,0,14500,14500,14500,14500,14500,0,0,11500,11500,11500,0,11500,0,0,11500,11500,11500,11500,0,0
"Pasar Andir","Daging Ayam Kampung",0,0,0,75000,75000,75000,75000,75000,0,0,75000,75000,75000,75000,75000,0,0,75000,75000,75000,0,75000,0,0,75000,75000,75000,75000,0,0
"Pasar Andir","Telur Ayam Kampung",0,0,0,40000,40000,40000,40000,40000,0,0,40000,40000,40000,40000,40000,0,0,40000,40000,40000,0,40000,0,0,40000,40000,40000,40000,0,0
"Pasar Andir","Susu Kental Manis Merk Bendera",0,0,0,9500,9500,9500,9500,9500,0,0,9500,9500,9500,9500,9500,0,0,9500,9500,9500,0,9500,0,0,9500,9500,9500,9500,0,0
"Pasar Andir","Susu Kental Manis Merk Indomilk",0,0,0,9000,9000,9000,9000,9000,0,0,9000,9000,9000,9000,9000,0,0,9000,9000,9000,0,9000,0,0,9000,9000,9000,9000,0,0
"Pasar Andir","Garam Beryodium Bata",0,0,0,2000,0,2000,2000,2000,0,0,2000,2000,2000,2000,2000,0,0,0,2000,2000,0,2000,0,0,2000,0,2000,0,0,0
"Pasar Andir","Garam Beryodium Halus",0,0,0,8000,8000,8000,8000,8000,0,0,8000,8000,8000,8000,8000,0,0,8000,8000,8000,0,8000,0,0,8000,8000,8000,8000,0,0
"Pasar Andir","Tepung Terigu Cakra Kembar",0,0,0,7500,7500,7500,7500,7500,0,0,7500,7500,7500,7500,7500,0,0,7500,7500,7500,0,7500,0,0,7500,7500,7500,7500,0,0
"Pasar Andir","Tepung Terigu Kunci",0,0,0,7000,7000,7000,7000,7000,0,0,7000,7000,7000,7000,7000,0,0,7000,7000,7000,0,7000,0,0,7000,7000,7000,7000,0,0
"Pasar Andir","Mie Instan",0,0,0,2000,2000,2000,2000,2000,0,0,2000,2000,2000,2000,2000,0,0,2000,2000,2000,0,2000,0,0,2000,2000,2000,2000,0,0
"Pasar Andir","Cabe Rawit Hijau",0,0,0,20000,20000,20000,20000,20000,0,0,20000,20000,20000,20000,20000,0,0,20000,20000,20000,0,20000,0,0,20000,20000,20000,20000,0,0
"Pasar Andir","Kacang Hijau",0,0,0,21000,21000,21000,21000,21000,0,0,21000,21000,21000,21000,21000,0,0,21000,21000,21000,0,21000,0,0,21000,21000,21000,21000,0,0
"Pasar Andir","Susu Bubuk Dancow",0,0,0,35000,35000,35000,35000,35000,0,0,35000,35000,35000,35000,35000,0,0,35000,35000,35000,0,35000,0,0,35000,35000,35000,35000,0,0
"Pasar Andir","Susu Bubuk Indomilk",0,0,0,32000,32000,32000,32000,32000,0,0,32000,32000,32000,32000,32000,0,0,32000,32000,32000,0,32000,0,0,32000,32000,32000,32000,0,0
"Pasar Andir","Ikan Kembung",0,0,0,0,32000,0,0,0,0,0,0,0,32000,32000,0,0,0,32000,3,32000,0,0,0,0,0,32000,0,32000,0,0
