nama_kecamatan,iud_sisa_bulan_lalu,kondom_sisa_bulan_lalu,implant_sisa_bulan_lalu,suntikan_sisa_bulan_lalu,pil_sisa_bulan_lalu,iud_diterima_bulan_ini,kondom_diterima_bulan_ini,implant_diterima_bulan_ini,suntikan_diterima_bulan_ini,pil_keluar_bulan_ini,iud_keluar_bulan_ini,kondom_keluar_bulan_ini,implant_keluar_bulan_ini,suntikan_keluar_bulan_ini,pil_diterima_bulan_ini,iud_sisa_akhir_bulan_ini,kondom_sisa_akhir_bulan_ini,implant_sisa_akhir_bulan_ini,suntikan_sisa_akhir_bulan_ini,pil_sisa_akhir_bulan_ini
Sukasari,113,26,19,261,557,0,12,25,400,100,11,13,5,230,50,102,25,39,431,607
Coblong,106,11,57,246,1612,0,48,0,200,100,3,4,6,105,9,103,55,51,341,1703
Babakan Ciparay,30,41,22,214,359,0,0,10,0,0,2,2,0,72,36,28,39,32,142,323
Bojongloa Kaler,109,313,118,253,637,0,0,0,0,0,0,114,0,131,240,109,199,118,122,397
Andir,64,64,20,238,1696,0,144,0,100,1,6,3,4,107,4,58,205,16,231,1693
Cicendo,47,33,0,247,460,25,5,0,20,0,36,11,0,32,3,36,27,0,235,457
Sukajadi,24,15,17,648,231,185,48,65,518,200,161,45,56,546,233,48,18,26,620,198
Cidadap,52,21,27,384,1394,50,12,30,300,0,58,6,34,64,0,44,27,23,620,1394
Bandung Wetan,106,24,34,427,1236,0,0,0,0,0,8,5,0,83,9,98,19,34,344,1227
Astana Anyar,195,65,36,953,1311,0,0,0,0,0,36,7,4,182,27,159,58,32,771,1284
Regol,111,33,24,625,1218,0,0,0,0,0,4,4,0,57,13,107,29,24,568,1205
Batununggal,131,129,29,423,1743,0,0,0,0,0,17,5,0,201,19,114,124,29,222,1724
Lengkong,164,408,37,636,1306,0,24,0,13,0,3,7,2,82,10,161,425,35,567,1296
Cibeunying Kidul,146,9,23,365,1008,0,0,0,0,0,9,1,1,73,81,137,8,22,292,927
Bandung Kulon,151,30,13,536,1083,25,0,40,0,0,38,19,32,59,7,138,11,21,477,1076
Kiaracondong,46,13,23,273,617,0,0,0,100,0,7,3,1,117,38,39,10,22,256,579
Bojongloa Kidul,21,12,20,459,543,0,0,0,0,0,10,1,0,14,2,11,11,20,445,541
Cibeunying Kaler,43,2,135,457,560,30,0,10,100,0,22,2,3,26,0,51,0,142,531,560
Sumur Bandung,217,222,24,720,1786,0,0,0,100,0,4,20,0,77,25,213,202,24,743,1761
Antapani,96,120,10,432,1143,0,0,10,0,0,30,9,5,85,18,66,111,15,347,1125
Bandung Kidul,41,23,9,477,665,0,0,0,0,0,2,0,0,39,18,39,23,9,438,647
Buahbatu,63,52,24,254,665,0,0,0,200,0,6,6,0,93,13,57,46,24,361,652
Rancasari,30,161,15,555,731,0,0,0,0,0,5,9,0,115,11,25,152,15,440,720
Arcamanik,134,55,20,166,392,0,0,30,100,0,52,2,13,120,12,82,53,37,146,380
Cibiru,94,244,29,333,410,20,0,20,0,0,11,22,5,137,78,103,222,44,196,332
Ujung Berung,15,5,9,45,103,25,0,10,100,0,10,2,0,32,23,30,3,19,113,80
Gedebage,88,15,45,361,839,0,0,0,0,0,3,3,3,5,39,85,12,42,356,800
Panyileukan,7,135,16,126,302,50,0,20,100,100,24,19,7,104,13,33,116,29,122,389
Cinambo,101,7,18,521,533,0,0,0,0,0,41,1,0,25,0,60,6,18,496,533
Mandalajati,279,118,35,449,2402,0,0,0,0,0,1,1,0,164,16,278,117,35,285,2386