nama_kecamatan,iud_sisa_bulan_lalu,kondom_sisa_bulan_lalu,implant_sisa_bulan_lalu,suntikan_sisa_bulan_lalu,pil_sisa_bulan_lalu,iud_diterima_bulan_ini,kondom_diterima_bulan_ini,implant_diterima_bulan_ini,suntikan_diterima_bulan_ini,pil_keluar_bulan_ini,iud_keluar_bulan_ini,kondom_keluar_bulan_ini,implant_keluar_bulan_ini,suntikan_keluar_bulan_ini,pil_diterima_bulan_ini,iud_sisa_akhir_bulan_ini,kondom_sisa_akhir_bulan_ini,implant_sisa_akhir_bulan_ini,suntikan_sisa_akhir_bulan_ini,pil_sisa_akhir_bulan_ini
Sukasari,85,62,21,75,629,0,0,0,400,400,8,28,2,219,184,77,34,19,256,845
Coblong,40,110,20,190,1799,0,0,0,400,200,10,15,0,170,327,30,95,20,420,1672
Babakan Ciparay,76,804,12,101,303,0,0,10,300,300,7,13,0,64,149,69,791,22,337,454
Bojongloa Kaler,25,58,40,0,597,23,24,0,200,300,21,21,1,200,88,27,61,39,0,809
Andir,102,25,49,167,390,0,0,0,200,100,2,10,1,121,6,100,15,48,246,484
Cicendo,18,24,8,104,173,0,179,0,200,200,9,8,0,45,10,9,195,8,259,363
Sukajadi,13,3,0,20,49,152,0,0,574,300,137,3,0,581,338,28,0,0,13,11
Cidadap,124,146,27,276,1028,0,0,0,300,300,0,2,0,89,163,124,144,27,487,1165
Bandung Wetan,37,80,46,180,1370,0,0,0,300,300,1,10,4,86,16,36,70,42,394,1654
Astana Anyar,53,30,15,518,1140,65,0,0,500,500,87,7,3,326,229,31,23,12,692,1411
Regol,36,124,17,465,1470,0,0,0,200,200,7,2,0,134,46,29,122,17,531,1624
Batununggal,32,42,13,143,1232,0,0,0,300,300,3,12,8,89,279,29,30,5,354,1253
Lengkong,55,174,53,258,1021,0,0,0,120,100,1,13,1,149,50,54,161,52,229,1071
Cibeunying Kidul,30,11,20,445,613,0,0,100,200,100,5,2,39,99,5,25,9,81,546,708
Bandung Kulon,78,66,9,0,789,0,0,0,300,300,9,16,0,177,53,69,50,9,123,1036
Kiaracondong,12,37,11,129,745,0,0,0,200,200,8,2,1,81,141,4,35,10,248,804
Bojongloa Kidul,5,19,10,62,86,0,0,0,100,100,5,2,0,13,5,0,17,10,149,181
Cibeunying Kaler,0,0,0,76,320,0,0,0,35,4,0,0,0,0,0,0,0,0,111,324
Sumur Bandung,13,6,19,182,864,0,2,0,100,100,3,6,1,52,24,10,2,18,230,940
Antapani,58,107,2,160,1208,0,0,0,300,300,1,5,0,124,100,57,102,2,336,1408
Bandung Kidul,102,213,49,107,650,0,0,0,352,300,3,16,0,114,97,99,197,49,345,853
Buahbatu,24,23,9,28,570,5,0,0,236,200,5,15,1,161,109,24,8,8,103,661
Rancasari,7,76,19,54,438,0,0,0,200,200,3,3,0,140,140,4,73,19,114,498
Arcamanik,159,0,17,43,515,0,0,1,100,442,3,0,0,23,106,156,0,18,120,851
Cibiru,85,145,44,173,800,3,5,0,364,302,9,24,2,284,231,79,126,42,253,871
Ujung Berung,0,2,6,55,124,0,0,0,100,100,0,0,0,39,28,0,2,6,116,196
Gedebage,42,24,12,232,716,0,0,0,200,200,6,1,0,97,138,36,23,12,335,778
Panyileukan,40,4,10,5,100,0,0,0,200,100,2,1,1,15,100,38,3,9,190,100
Cinambo,33,122,72,31,402,33,0,0,227,200,33,12,0,57,17,33,110,72,201,585
Mandalajati,203,130,0,56,714,0,0,0,500,300,7,8,0,90,31,196,122,0,466,983