lokasi,nama_komoditas,2018-02-01,2018-02-02,2018-02-03,2018-02-04,2018-02-05,2018-02-06,2018-02-07,2018-02-08,2018-02-09,2018-02-10,2018-02-11,2018-02-12,2018-02-13,2018-02-14,2018-02-15,2018-02-16,2018-02-17,2018-02-18,2018-02-19,2018-02-20,2018-02-21,2018-02-22,2018-02-23,2018-02-24,2018-02-25,2018-02-26,2018-02-27,2018-02-28
"Pasar Kiaracondong","Beras Medium",12000,12000,0,0,12000,12000,12000,12000,12000,0,0,12000,12000,12000,12000,0,0,0,12000,12000,0,12000,12000,0,0,12000,12000,12000
"Pasar Kiaracondong","Cabe Merah",45000,45000,0,0,50000,50000,50000,60000,60000,0,0,50000,50000,50000,50000,0,0,0,55000,55000,0,55000,55000,0,0,40000,40000,40000
"Pasar Kiaracondong","Bawang Merah",20000,20000,0,0,22000,20000,20000,20000,20000,0,0,24000,24000,24000,24000,0,0,0,24000,24000,0,24000,24000,0,0,26000,26000,26000
"Pasar Kiaracondong","Daging Ayam Ras",34000,34000,0,0,35000,35000,35000,35000,35000,0,0,35000,35000,34000,34000,0,0,0,33000,33000,0,33000,33000,0,0,33000,33000,33000
"Pasar Kiaracondong","Telur Ayam Ras",22000,22000,0,0,22000,22000,22000,22000,24000,0,0,22000,22000,22000,22000,0,0,0,23000,2300,0,2300,22000,0,0,22000,22000,22000
"Pasar Kiaracondong","Daging Sapi",120000,120000,0,0,120000,120000,120000,120000,120000,0,0,120000,120000,120000,120000,0,0,0,120000,120000,0,120000,120000,0,0,120000,120000,120000
"Pasar Kiaracondong","Minyak Goreng",15000,15000,0,0,15000,15000,15000,15000,15000,0,0,15000,15000,15000,15000,0,0,0,15000,15000,0,15000,15000,0,0,15000,15000,15000
"Pasar Kiaracondong","Gula Pasir",12500,12500,0,0,12500,12500,12500,12500,12500,0,0,12500,12500,12500,12500,0,0,0,12500,12500,0,12500,12500,0,0,12500,12500,12500
"Pasar Kiaracondong",Kentang,18000,18000,0,0,17000,17000,17000,17000,17000,0,0,15000,15000,15000,15000,0,0,0,15000,15000,0,15000,15000,0,0,15000,15000,15000
"Pasar Kiaracondong",Kedelai,11000,11000,0,0,11000,10000,10000,10000,10000,0,0,10000,10000,10000,10000,0,0,0,10000,10000,0,10000,10000,0,0,10000,10000,10000
"Pasar Kiaracondong","Tepung Terigu",7000,7000,0,0,7000,7000,7000,7000,7000,0,0,7000,7000,7000,7000,0,0,0,7000,0,0,7000,7000,0,0,7000,7000,7000
"Pasar Kiaracondong","Bawang Putih",23000,23000,0,0,22000,22000,22000,22000,22000,0,0,22000,22000,22000,22000,0,0,0,22000,32000,0,32000,32000,0,0,32000,32000,32000
"Pasar Kiaracondong","Cabe Keriting",45000,45000,0,0,50000,40000,40000,50000,50000,0,0,40000,40000,40000,40000,0,0,0,42000,40000,0,40000,40000,0,0,40000,40000,40000
"Pasar Kiaracondong","Cabe Rawit",40000,40000,0,0,40000,40000,40000,50000,50000,0,0,50000,50000,40000,50000,0,0,0,60000,60000,0,60000,55000,0,0,60000,60000,60000
"Pasar Kiaracondong","Kacang Tanah",24000,25000,0,0,25000,25000,25000,0,0,0,0,25000,0,25000,25000,0,0,0,25000,25000,0,25000,25000,0,0,25000,25000,0
"Pasar Kiaracondong","Ubi Kayu",5000,5000,0,0,5000,5000,5000,5000,5000,0,0,5000,5000,5000,5000,0,0,0,5000,5000,0,5000,5000,0,0,5000,5000,5000
"Pasar Kiaracondong","Ubi Jalar",0,0,0,0,0,0,0,0,0,0,0,0,0,0,0,0,0,0,0,0,0,0,0,0,0,0,0,0
"Pasar Kiaracondong",Jagung,8000,8000,0,0,8000,8000,8000,8000,8000,0,0,8000,8000,8000,8000,0,0,0,8000,8000,0,8000,8000,0,0,8000,8000,8000
"Pasar Kiaracondong","Ikan Olahan",70000,70000,0,0,70000,70000,70000,70000,70000,0,0,70000,70000,70000,70000,0,0,0,70000,70000,0,70000,70000,0,0,70000,70000,70000
"Pasar Kiaracondong","Beras Premium",0,0,0,0,0,0,0,0,0,0,0,0,0,0,0,0,0,0,0,0,0,0,0,0,0,0,0,0
"Pasar Kiaracondong","Minyak Goreng Curah",12000,0,0,0,0,12000,12000,12000,12000,0,0,12000,12000,0,12000,0,0,0,12000,12000,0,12000,12000,0,0,12000,12000,12000
"Pasar Kiaracondong","Daging Ayam Kampung",70000,70000,0,0,70000,70000,70000,70000,70000,0,0,70000,70000,70000,70000,0,0,0,70000,70000,0,70000,70000,0,0,70000,70000,70000
"Pasar Kiaracondong","Telur Ayam Kampung",45000,45000,0,0,45000,45000,45000,45000,45000,0,0,45000,45000,45000,45000,0,0,0,45000,45000,0,45000,45000,0,0,45000,45000,45000
"Pasar Kiaracondong","Susu Kental Manis Merk Bendera",11000,11000,0,0,11000,11000,11000,11000,11000,0,0,11000,11000,11000,11000,0,0,0,11000,11000,0,11000,11000,0,0,11000,11000,11000
"Pasar Kiaracondong","Susu Kental Manis Merk Indomilk",10000,10000,0,0,10000,10000,10000,10000,10000,0,0,10000,10000,10000,10000,0,0,0,10000,10000,0,10000,10000,0,0,10000,10000,10000
"Pasar Kiaracondong","Garam Beryodium Bata",2500,2500,0,0,2500,2500,2500,2500,2500,0,0,2500,2500,2500,2500,0,0,0,2500,2500,0,2500,2500,0,0,2500,2500,2500
"Pasar Kiaracondong","Garam Beryodium Halus",12000,12000,0,0,12000,12000,12000,12000,12000,0,0,12000,12000,12000,12000,0,0,0,12000,12000,0,12000,12000,0,0,12000,12000,12000
"Pasar Kiaracondong","Tepung Terigu Cakra Kembar",8000,8000,0,0,8000,8000,8000,8000,8000,0,0,8000,8000,8000,8000,0,0,0,8000,8000,0,8000,8000,0,0,8000,8000,8000
"Pasar Kiaracondong","Tepung Terigu Kunci",7500,7500,0,0,7500,7500,7500,7500,7500,0,0,7500,7500,7500,7500,0,0,0,7500,7500,0,7500,7500,0,0,7500,7500,7500
"Pasar Kiaracondong","Mie Instan",2500,2500,0,0,2500,2500,2500,2500,2500,0,0,2500,2500,2500,2500,0,0,0,2500,2500,0,2500,2500,0,0,2500,2500,2500
"Pasar Kiaracondong","Cabe Rawit Hijau",45000,45000,0,0,20000,30000,30000,40000,40000,0,0,40000,40000,40000,40000,0,0,0,40000,40000,0,40000,35000,0,0,40000,40000,40000
"Pasar Kiaracondong","Kacang Hijau",21000,21000,0,0,21000,21000,21000,21000,21000,0,0,21000,21000,21000,21000,0,0,0,21000,21000,0,21000,21000,0,0,21000,21000,21000
"Pasar Kiaracondong","Susu Bubuk Dancow",38300,38300,0,0,38300,38300,38300,38300,38300,0,0,38300,38300,38300,38300,0,0,0,38300,38300,0,38300,38300,0,0,38300,38300,38300
"Pasar Kiaracondong","Susu Bubuk Indomilk",34950,34950,0,0,34950,34950,34950,34950,34950,0,0,34950,34950,34950,34950,0,0,0,34950,34950,0,34950,34950,0,0,34950,34500,34500
"Pasar Kiaracondong","Ikan Kembung",36000,36000,0,0,36000,36000,36000,36000,36000,0,0,36000,36000,36000,36000,0,0,0,36000,36000,0,36000,36000,0,0,35000,35000,35000
