lokasi,nama_komoditas,2015-04-01,2015-04-02,2015-04-03,2015-04-04,2015-04-05,2015-04-06,2015-04-07,2015-04-08,2015-04-09,2015-04-10,2015-04-11,2015-04-12,2015-04-13,2015-04-14,2015-04-15,2015-04-16,2015-04-17,2015-04-18,2015-04-19,2015-04-20,2015-04-21,2015-04-22,2015-04-23,2015-04-24,2015-04-25,2015-04-26,2015-04-27,2015-04-28,2015-04-29,2015-04-30
"Pasar Kiaracondong","Beras Medium",10000,10000,0,0,9500,9500,9500,9500,9500,9500,0,0,9500,9500,9500,9500,9500,0,0,9500,9000,9000,9000,9000,0,0,9000,9000,9000,0
"Pasar Kiaracondong","Cabe Merah",40000,60000,0,0,30000,30000,30000,30000,30000,30000,0,0,30000,30000,30000,30000,30000,0,0,30000,30000,30000,30000,30000,0,0,30000,30000,30000,0
"Pasar Kiaracondong","Bawang Merah",32000,32000,0,0,30000,30000,30000,30000,30000,30000,0,0,30000,30000,30000,30000,30000,0,0,30000,30000,30000,30000,30000,0,0,30000,30000,30000,0
"Pasar Kiaracondong","Daging Ayam Ras",28000,28000,0,0,28000,28000,28000,28000,28000,28000,0,0,28000,28000,28000,28000,28000,0,0,28000,28000,19000,28000,28000,0,0,28000,28000,28000,0
"Pasar Kiaracondong","Telur Ayam Ras",17000,17000,0,0,17000,17000,17000,17000,17000,17000,0,0,17000,17000,17000,18000,19000,0,0,19000,19000,19000,19000,19000,0,0,19000,19000,19000,0
"Pasar Kiaracondong","Daging Sapi",96000,96000,0,0,96000,96000,96000,96000,96000,96000,0,0,96000,96000,96000,96000,96000,0,0,96000,96000,96000,96000,96000,0,0,96000,96000,96000,0
"Pasar Kiaracondong","Minyak Goreng",15000,15000,0,0,15000,15000,15000,15000,15000,15000,0,0,15000,15000,15000,15000,15000,0,0,15000,15000,15000,15000,15000,0,0,15000,15000,15000,0
"Pasar Kiaracondong","Gula Pasir",11500,10000,0,0,11500,11500,11500,11500,11500,11500,0,0,11500,11500,11500,12000,12000,0,0,12000,12000,12000,12000,12000,0,0,13000,13000,13000,0
"Pasar Kiaracondong",Kentang,10000,10000,0,0,10000,10000,10000,10000,10000,10000,0,0,10000,10000,10000,9000,9000,0,0,9000,10000,10000,10000,10000,0,0,10000,10000,10000,0
"Pasar Kiaracondong",Kedelai,12000,12000,0,0,11000,11000,11000,11000,11000,11000,0,0,11000,11000,11000,11000,11000,0,0,11000,11000,11000,11000,11000,0,0,11000,11000,11000,0
"Pasar Kiaracondong","Tepung Terigu",7000,7000,0,0,7000,7000,7000,7000,7000,7000,0,0,7000,7000,7000,7000,7000,0,0,7000,7000,7000,7000,7000,0,0,7000,7000,7000,0
"Pasar Kiaracondong","Bawang Putih",15000,16000,0,0,15000,15000,15000,15000,15000,15000,0,0,15000,15000,15000,15000,15000,0,0,15000,20000,20000,20000,20000,0,0,20000,20000,20000,0
"Pasar Kiaracondong","Cabe Keriting",20000,20000,0,0,20000,20000,20000,20000,20000,20000,0,0,20000,20000,20000,20000,20000,0,0,20000,20000,20000,20000,20000,0,0,20000,20000,20000,0
"Pasar Kiaracondong","Cabe Rawit",40000,60000,0,0,30000,30000,30000,30000,30000,30000,0,0,30000,30000,30000,30000,30000,0,0,30000,30000,30000,30000,30000,0,0,30000,30000,30000,0
"Pasar Kiaracondong","Kacang Tanah",22000,22000,0,0,22000,22000,22000,22000,22000,22000,0,0,22000,22000,22000,24000,24000,0,0,24000,24000,24000,24000,24000,0,0,23000,24000,23000,0
"Pasar Kiaracondong","Ubi Kayu",3000,3000,0,0,3000,3000,3000,3000,3000,3000,0,0,3000,3000,3000,3000,3000,0,0,3000,3000,3000,3000,3000,0,0,3000,3000,3000,0
"Pasar Kiaracondong","Ubi Jalar",0,0,0,0,0,0,0,0,0,0,0,0,0,0,0,0,0,0,0,0,0,0,0,0,0,0,0,0,0,0
"Pasar Kiaracondong",Jagung,8000,6000,0,0,8000,8000,8000,8000,8000,8000,0,0,8000,8000,8000,8000,8000,0,0,8000,8000,8000,8000,8000,0,0,8000,8000,800,0
"Pasar Kiaracondong","Ikan Olahan",50000,50000,0,0,50000,50000,50000,50000,50000,50000,0,0,50000,50000,50000,50000,50000,0,0,50000,50000,50000,50000,50000,0,0,50000,50000,50000,0
"Pasar Kiaracondong","Beras Premium",0,0,0,0,0,0,0,0,0,0,0,0,0,0,0,0,0,0,0,0,0,0,0,0,0,0,0,0,0,0
"Pasar Kiaracondong","Minyak Goreng Curah",11000,11000,0,0,11000,11000,11000,11000,11000,11000,0,0,11000,11000,11000,11000,11000,0,0,11000,11000,11000,11000,11000,0,0,11000,11000,11000,0
"Pasar Kiaracondong","Daging Ayam Kampung",50000,50000,0,0,0,50000,50000,50000,50000,50000,0,0,50000,50000,50000,50000,50000,0,0,50000,50000,50000,50000,50000,0,0,50000,50000,50000,0
"Pasar Kiaracondong","Telur Ayam Kampung",45000,50000,0,0,45000,45000,45000,45000,45000,45000,0,0,45000,45000,46000,50000,50000,0,0,45000,45000,50000,45000,45000,0,0,45000,50000,45000,0
"Pasar Kiaracondong","Susu Kental Manis Merk Bendera",10000,10000,0,0,10000,10000,10000,10000,10000,10000,0,0,10000,10000,10000,10000,10000,0,0,10000,10000,10000,10000,10000,0,0,10000,10000,10000,0
"Pasar Kiaracondong","Susu Kental Manis Merk Indomilk",9000,9000,0,0,0,9000,9000,9000,9000,9000,0,0,9000,9000,9000,9000,9000,0,0,9000,9000,9000,9000,9000,0,0,9000,9000,9000,0
"Pasar Kiaracondong","Garam Beryodium Bata",1000,1000,0,0,1000,1000,1000,1000,1000,1000,0,0,1000,1000,1000,1000,1000,0,0,1000,1000,1000,1000,1000,0,0,1000,1000,1000,0
"Pasar Kiaracondong","Garam Beryodium Halus",3300,3300,0,0,3300,3300,3300,3300,3300,3300,0,0,3300,3300,3300,3300,3300,0,0,3000,3300,3300,3300,3300,0,0,3300,3300,3300,0
"Pasar Kiaracondong","Tepung Terigu Cakra Kembar",8000,7500,0,0,8000,8000,8000,8000,8000,8000,0,0,8000,8000,8500,8000,8000,0,0,8000,8000,8000,8000,8000,0,0,8000,8000,8000,0
"Pasar Kiaracondong","Tepung Terigu Kunci",7500,7000,0,0,7500,7500,7500,7500,7500,7500,0,0,7500,7500,7500,7500,7500,0,0,7500,7500,7500,7500,7500,0,0,7500,7500,7500,0
"Pasar Kiaracondong","Mie Instan",2000,2000,0,0,0,2000,2000,2000,2000,2000,0,0,2000,2000,2000,2000,2000,0,0,2000,2000,2000,2000,2000,0,0,2000,2000,2000,0
"Pasar Kiaracondong","Cabe Rawit Hijau",20000,20000,0,0,20000,20000,20000,20000,20000,20000,0,0,20000,20000,20000,20000,20000,0,0,20000,20000,20000,20000,20000,0,0,20000,20000,20000,0
"Pasar Kiaracondong","Kacang Hijau",23000,22000,0,0,0,22000,22000,22000,22000,22000,0,0,22000,22000,22000,22000,22000,0,0,22000,22000,22000,22000,22000,0,0,22000,22000,22000,0
"Pasar Kiaracondong","Susu Bubuk Dancow",38300,38300,0,0,0,38300,38300,38300,38300,38300,0,0,38300,38300,38300,38300,38300,0,0,38300,38300,38300,38300,38300,0,0,38300,38300,38300,0
"Pasar Kiaracondong","Susu Bubuk Indomilk",32450,32450,0,0,0,32450,32450,32450,32450,32450,0,0,32450,32450,32450,32450,32450,0,0,32450,32450,32450,32450,32450,0,0,32450,32450,32450,0
"Pasar Kiaracondong","Ikan Kembung",32000,0,0,0,0,32000,32000,32000,32000,32000,0,0,32000,32000,32000,32000,32000,0,0,32000,32000,32000,32000,32000,0,0,32000,32000,32000,0
