 No , Kode Wilayah , Nama Kecamatan ,Jumlah Penduduk,Jumlah Wajib KTP,Memiliki KTP-EL,% Memiliki
1,327301,Sukasari,76256,56061,54272,16.58
2,327302,Coblong,112337,81821,79050,24.15
3,327303,Babakan Ciparay,137077,95923,92159,28.16
4,327304,Bojongloa Kaler,122927,87298,84346,25.77
5,327305,Andir,98790,72046,69129,21.12
6,327306,Cicendo,94998,69448,67060,20.49
7,327307,Sukajadi,100784,73272,71151,21.74
8,327308,Cidadap,53011,38566,37480,11.45
9,327309,Bandung Wetan,28793,21720,20922,6.39
10,327310,Astana Anyar,73696,54234,52087,15.91
11,327311,Regol,79470,58856,56528,17.27
12,327312,Batununggal,119959,87275,84495,25.81
13,327313,Lengkong,70504,52931,51113,15.62
14,327314,Cibeunying Kidul,111140,80647,78154,23.88
15,327315,Bandung Kulon,131842,93090,89371,27.30
16,327316,Kiaracondong,128574,92775,90041,27.51
17,327317,Bojongloa Kidul,84836,60072,58053,17.74
18,327318,Cibeunying Kaler,69077,50780,49354,15.08
19,327319,Sumur Bandung,36233,26782,25867,7.90
20,327320,Antapani,77490,57079,55842,17.06
21,327321,Bandung Kidul,58967,42330,40981,12.52
22,327322,Buah Batu,99461,71917,69476,21.23
23,327323,Rancasari,82029,59387,57776,17.65
24,327324,Arcamanik,74780,53747,52344,15.99
25,327325,Cibiru,72010,50724,49077,14.99
26,327326,Ujungberung,84552,59584,57847,17.67
27,327327,Gedebage,39640,27959,27125,8.29
28,327328,Panyileukan,38633,28673,28063,8.57
29,327329,Cinambo,24812,17614,17225,5.26