nama_kecamatan,iud_sisa_bulan_lalu,kondom_sisa_bulan_lalu,implant_sisa_bulan_lalu,suntikan_sisa_bulan_lalu,pil_sisa_bulan_lalu,iud_diterima_bulan_ini,kondom_diterima_bulan_ini,implant_diterima_bulan_ini,suntikan_diterima_bulan_ini,pil_keluar_bulan_ini,iud_keluar_bulan_ini,kondom_keluar_bulan_ini,implant_keluar_bulan_ini,suntikan_keluar_bulan_ini,pil_diterima_bulan_ini,iud_sisa_akhir_bulan_ini,kondom_sisa_akhir_bulan_ini,implant_sisa_akhir_bulan_ini,suntikan_sisa_akhir_bulan_ini,pil_sisa_akhir_bulan_ini
Sukasari,113,31,28,600,583,0,0,10,0,0,5,18,2,200,33,108,13,36,400,550
Coblong,42,5,37,27,389,0,0,0,100,0,14,3,5,88,6,28,2,32,39,383
Babakan Ciparay,31,156,14,360,284,0,0,0,0,0,0,18,8,48,4,31,138,6,312,280
Bojongloa Kaler,12,67,94,341,152,50,24,10,300,0,51,42,10,168,47,11,49,94,473,105
Andir,45,165,31,250,1655,0,0,0,160,0,6,32,4,57,4,39,133,27,353,1651
Cicendo,53,12,0,283,443,41,0,18,0,0,44,9,18,137,9,50,3,0,146,434
Sukajadi,8,44,3,38,77,163,24,0,539,300,160,33,0,552,229,11,35,3,25,148
Cidadap,3,18,23,306,1360,25,26,0,300,0,1,5,1,63,16,27,39,22,543,1344
Bandung Wetan,48,17,10,146,351,0,0,0,0,0,4,0,0,27,3,44,17,10,119,348
Astana Anyar,239,71,37,946,1140,0,0,0,100,0,18,4,0,179,19,221,67,37,867,1121
Regol,130,58,33,802,1352,0,0,10,0,0,17,13,13,64,7,113,45,30,738,1345
Batununggal,87,97,25,364,1712,0,0,10,200,0,16,25,2,174,32,71,72,33,390,1680
Lengkong,155,479,20,789,1231,0,0,30,0,0,2,16,0,134,27,153,463,50,655,1204
Cibeunying Kidul,110,164,31,335,863,0,12,0,0,0,7,21,1,70,87,103,155,30,265,776
Bandung Kulon,181,274,40,402,1475,0,0,0,0,0,25,43,8,146,32,156,231,32,256,1443
Kiaracondong,35,8,23,177,535,25,12,10,300,0,11,4,6,119,51,49,16,27,358,484
Bojongloa Kidul,49,27,34,533,621,0,0,0,0,0,5,1,3,48,4,44,26,31,485,617
Cibeunying Kaler,69,23,14,547,717,25,12,0,200,100,20,1,0,36,12,74,34,14,711,805
Sumur Bandung,189,288,32,722,1557,0,0,0,200,0,5,60,1,64,17,184,228,31,858,1540
Antapani,54,117,14,600,1093,0,0,20,0,0,0,0,0,52,20,54,117,34,548,1073
Bandung Kidul,79,27,39,572,650,0,0,0,0,0,3,4,0,43,2,76,23,39,529,648
Buahbatu,62,71,29,384,596,0,0,0,100,0,3,5,0,105,30,59,66,29,379,566
Rancasari,72,35,29,547,841,25,0,0,100,0,11,9,1,113,27,86,26,28,534,814
Arcamanik,45,45,33,270,372,0,0,0,0,0,11,1,0,96,10,34,44,33,174,362
Cibiru,78,322,66,440,350,0,0,0,0,0,8,5,4,92,108,70,317,62,348,242
Ujung Berung,37,22,29,358,135,0,0,0,0,0,13,2,0,27,14,24,20,29,331,121
Gedebage,137,62,38,715,1120,0,0,0,0,0,6,13,1,56,99,131,49,37,659,1021
Panyileukan,62,142,35,391,352,0,0,0,1,0,3,32,1,81,12,59,110,34,311,340
Cinambo,63,29,28,599,526,0,0,0,0,0,36,7,0,40,8,27,22,28,559,518
Mandalajati,244,130,37,579,2407,0,13,20,0,0,4,1,1,142,89,240,142,56,437,2318