lokasi,nama_komoditas,2014-02-01,2014-02-02,2014-02-03,2014-02-04,2014-02-05,2014-02-06,2014-02-07,2014-02-08,2014-02-09,2014-02-10,2014-02-11,2014-02-12,2014-02-13,2014-02-14,2014-02-15,2014-02-16,2014-02-17,2014-02-18,2014-02-19,2014-02-20,2014-02-21,2014-02-22,2014-02-23,2014-02-24,2014-02-25,2014-02-26,2014-02-27,2014-02-28
"Pasar Kiaracondong","Beras Medium",0,0,0,8500,8500,8500,8500,8500,8500,0,0,8500,8500,8500,8500,8500,0,0,8500,8500,8500,8500,8500,0,0,8500,8500,8500
"Pasar Kiaracondong","Cabe Merah",0,0,0,35000,35000,35000,35000,35000,35000,0,0,35000,35000,35000,35000,35000,0,0,35000,35000,30000,30000,30000,0,0,30000,30000,30000
"Pasar Kiaracondong","Bawang Merah",0,0,0,24000,20000,20000,20000,20000,20000,0,0,20000,20000,20000,20000,20000,0,0,20000,20000,20000,20000,20000,0,0,20000,20000,20000
"Pasar Kiaracondong","Daging Ayam Ras",0,0,0,28000,28000,28000,28000,28000,28000,0,0,28000,28000,28000,28000,28000,0,0,28000,28000,28000,28000,28000,0,0,28000,28000,28000
"Pasar Kiaracondong","Telur Ayam Ras",0,0,0,20000,19000,19000,19000,19000,19000,0,0,19000,19000,19000,19000,19000,0,0,19000,19000,19000,19000,19000,0,0,19000,19000,16500
"Pasar Kiaracondong","Daging Sapi",0,0,0,100000,100000,100000,100000,100000,100000,0,0,100000,100000,100000,100000,100000,0,0,100000,100000,100000,100000,100000,0,0,100000,100000,100000
"Pasar Kiaracondong","Minyak Goreng",0,0,0,12300,12300,12300,12300,12300,12300,0,0,12300,12300,12300,12300,12300,0,0,12300,12300,12300,12300,12300,0,0,12300,12300,13300
"Pasar Kiaracondong","Gula Pasir",0,0,0,11000,11000,11000,11500,11500,11500,0,0,11500,11500,11500,11500,11500,0,0,11500,11500,11500,11500,11500,0,0,11500,11500,11500
"Pasar Kiaracondong",Kentang,0,0,0,10000,12000,12000,12000,12000,12000,0,0,12000,12000,12000,12000,12000,0,0,12000,12000,12000,12000,12000,0,0,12000,12000,12000
"Pasar Kiaracondong",Kedelai,0,0,0,12000,12000,12000,12000,12000,12000,0,0,12000,12000,12000,12000,12000,0,0,12000,12000,12000,12000,12000,0,0,12000,12000,12000
"Pasar Kiaracondong","Tepung Terigu",0,0,0,7000,7000,7000,7000,7000,7000,0,0,7000,7000,7000,7000,7000,0,0,7000,7000,7000,7000,7000,0,0,7000,7000,7000
"Pasar Kiaracondong","Bawang Putih",0,0,0,15000,14000,14000,14000,14000,14000,0,0,14000,14000,14000,14000,14000,0,0,14000,14000,14000,14000,14000,0,0,14000,14000,14000
"Pasar Kiaracondong","Cabe Keriting",0,0,0,35000,35000,35000,35000,35000,35000,0,0,35000,35000,35000,35000,35000,0,0,35000,35000,30000,30000,30000,0,0,30000,30000,30000
"Pasar Kiaracondong","Cabe Rawit",0,0,0,30000,50000,50000,50000,50000,50000,0,0,50000,50000,50000,50000,50000,0,0,50000,50000,50000,50000,50000,0,0,50000,50000,60000
"Pasar Kiaracondong","Kacang Tanah",0,0,0,18000,18000,18000,18000,18000,18000,0,0,18000,18000,18000,18000,18000,0,0,18000,18000,18000,18000,18000,0,0,18000,18000,18000
"Pasar Kiaracondong","Ubi Kayu",0,0,0,2500,2500,2500,2500,2500,2500,0,0,2500,2500,2500,2500,2500,0,0,2500,2500,2500,2500,2500,0,0,2500,2500,2500
"Pasar Kiaracondong","Ubi Jalar",0,0,0,0,0,0,0,0,0,0,0,0,0,0,0,0,0,0,0,0,0,0,0,0,0,0,0,0
"Pasar Kiaracondong",Jagung,0,0,0,6000,6000,6000,6000,6000,6000,0,0,6000,6000,6000,6000,6000,0,0,6000,6000,6000,6000,6000,0,0,6000,6000,6000
"Pasar Kiaracondong","Ikan Olahan",0,0,0,50000,50000,50000,50000,50000,50000,0,0,50000,50000,50000,50000,50000,0,0,50000,50000,50000,50000,50000,0,0,50000,50000,50000
"Pasar Kiaracondong","Beras Premium",0,0,0,0,0,0,0,0,0,0,0,0,0,0,0,0,0,0,0,0,0,0,0,0,0,0,0,0
"Pasar Kiaracondong","Minyak Goreng Curah",0,0,0,11500,10250,10250,10250,10250,10250,0,0,10250,10250,10250,10250,10250,0,0,10250,10250,10250,10250,10250,0,0,10250,10250,12000
"Pasar Kiaracondong","Daging Ayam Kampung",0,0,0,0,0,0,0,0,0,0,0,0,0,0,0,0,0,0,0,0,0,0,0,0,0,0,0,0
"Pasar Kiaracondong","Telur Ayam Kampung",0,0,0,30000,30000,30000,30000,30000,30000,0,0,30000,30000,30000,30000,30000,0,0,30000,30000,30000,30000,30000,0,0,30000,30000,45000
"Pasar Kiaracondong","Susu Kental Manis Merk Bendera",0,0,0,9000,9000,9000,9000,9000,9000,0,0,9000,9000,9000,9000,9000,0,0,9000,9000,9000,9000,9000,0,0,9000,9000,10500
"Pasar Kiaracondong","Susu Kental Manis Merk Indomilk",0,0,0,0,0,0,0,0,0,0,0,0,0,0,0,0,0,0,0,0,0,0,0,0,0,0,0,0
"Pasar Kiaracondong","Garam Beryodium Bata",0,0,0,1000,1000,1000,1000,1000,1000,0,0,1000,1000,1000,1000,1000,0,0,1000,1000,1000,1000,1000,0,0,1000,1000,1000
"Pasar Kiaracondong","Garam Beryodium Halus",0,0,0,3300,3300,3300,3300,3300,3300,0,0,3300,3300,3300,3300,3300,0,0,3300,3300,3300,3300,3300,0,0,3300,3300,3300
"Pasar Kiaracondong","Tepung Terigu Cakra Kembar",0,0,0,7500,7500,7500,7500,7500,7500,0,0,7500,7500,7500,7500,7500,0,0,7500,7500,7500,7500,7500,0,0,7500,7500,7500
"Pasar Kiaracondong","Tepung Terigu Kunci",0,0,0,7000,7000,7000,7000,7000,7000,0,0,7000,7000,7000,7000,7000,0,0,7000,7000,7000,7000,7000,0,0,7000,7000,7000
"Pasar Kiaracondong","Mie Instan",0,0,0,0,0,0,0,0,0,0,0,0,0,0,0,0,0,0,0,0,0,0,0,0,0,0,0,0
"Pasar Kiaracondong","Cabe Rawit Hijau",0,0,0,30000,30000,30000,30000,30000,30000,0,0,30000,30000,30000,30000,30000,0,0,30000,30000,30000,30000,30000,0,0,30000,30000,40000
"Pasar Kiaracondong","Kacang Hijau",0,0,0,0,0,0,0,0,0,0,0,0,0,0,0,0,0,0,0,0,0,0,0,0,0,0,0,0
"Pasar Kiaracondong","Susu Bubuk Dancow",0,0,0,0,0,0,0,0,0,0,0,0,0,0,0,0,0,0,0,0,0,0,0,0,0,0,0,0
"Pasar Kiaracondong","Susu Bubuk Indomilk",0,0,0,0,0,0,0,0,0,0,0,0,0,0,0,0,0,0,0,0,0,0,0,0,0,0,0,0
"Pasar Kiaracondong","Ikan Kembung",0,0,0,0,0,0,0,0,0,0,0,0,0,0,0,0,0,0,0,0,0,0,0,0,0,0,0,0
