nama_kecamatan,jumlah_pengguna_IUD,persentase_pengguna_IUD,jumlah_pengguna_MOW,persentase_pengguna_MOW,jumlah_pengguna_MOP,persentase_pengguna_MOP,jumlah_pengguna_kondom,persentase_pengguna_kondom,jumlah_pengguna_implan,persentase_pengguna_implan,jumlah_pengguna_suntikan,persentase_pengguna_suntikan,jumlah_pengguna_pil,persentase_pengguna_pil,jumlah_peserta_kb_aktif
Sukasari,2167,32.38,193,2.88,14,0.21,132,1.97,116,1.73,2712,40.53,1358,20.29,6692
Coblong,4593,36.05,1217,9.55,23,0.18,680,5.34,303,2.38,4527,35.53,1398,10.97,12741
Babakan Ciparay,0,0,0,0,0,0,0,0,0,0,0,0,0,0,0
Bojongloa Kaler,5655,40.75,452,3.26,61,0.44,227,1.64,201,1.45,4385,31.6,2897,20.87,13878
Andir,2839,24.67,945,8.21,21,0.18,237,2.06,311,2.7,4883,42.42,2274,19.76,11510
Cicendo,2784,27.5,526,5.2,5,0.05,224,2.21,218,2.15,4327,42.74,2041,20.16,10125
Sukajadi,7108,40.46,2429,13.82,720,4.1,547,3.11,205,1.17,4028,22.93,2533,14.42,17570
Cidadap,1563,22.12,309,4.37,7,0.1,156,2.21,632,8.94,3396,48.05,1004,14.21,7067
Bandung Wetan,1747,46.62,458,12.22,73,1.95,88,2.35,127,3.39,789,21.06,465,12.41,3747
Astana Anyar,2603,35.41,273,3.71,42,0.57,92,1.25,223,3.03,3240,44.08,877,11.93,7350
Regol,4691,50.41,391,4.2,48,0.52,310,3.33,177,1.9,3055,32.83,633,6.8,9305
Batununggal,3898,30.13,278,2.15,19,0.15,211,1.63,117,0.9,6398,49.46,2016,15.58,12937
Lengkong,2245,41.96,220,4.11,3,0.06,205,3.83,205,3.83,1899,35.5,573,10.71,5350
Cibeunying Kidul,4390,32.2,1144,8.39,1,0.01,291,2.13,331,2.43,5914,43.37,1564,11.47,13635
Bandung Kulon,5663,48.5,322,2.76,10,0.09,256,2.19,514,4.4,3004,25.73,1907,16.33,11676
Kiaracondong,4295,29.42,249,1.71,17,0.12,447,3.06,211,1.45,6916,47.37,2466,16.89,14601
Bojongloa Kidul,2427,24.48,150,1.51,12,0.12,90,0.91,245,2.47,6169,62.23,821,8.28,9914
Cibeunying Kaler,2616,37.41,302,4.32,27,0.39,125,1.79,61,0.87,2546,36.41,1316,18.82,6993
Sumur Bandung,900,35.79,105,4.17,3,0.12,146,5.81,93,3.7,879,34.95,389,15.47,2515
Antapani,3023,37.55,176,2.19,31,0.39,240,2.98,97,1.2,3498,43.45,986,12.25,8051
Bandung Kidul,1822,28.42,123,1.92,7,0.11,208,3.24,79,1.23,3012,46.99,1159,18.08,6410
Buahbatu,3047,32.63,160,1.71,17,0.18,176,1.88,176,1.88,4515,48.35,1248,13.36,9339
Rancasari,2548,37,149,2.16,11,0.16,248,3.6,55,0.8,2774,40.28,1102,16,6887
Arcamanik,2488,34.02,239,3.27,24,0.33,111,1.52,427,5.84,3208,43.86,817,11.17,7314
Cibiru,1901,22.36,173,2.03,33,0.39,149,1.75,249,2.93,4224,49.68,1774,20.86,8503
Ujung Berung,10469,72.07,132,0.91,58,0.4,258,1.78,366,2.52,1608,11.07,1635,11.26,14526
Gedebage,2700,37.52,575,7.99,102,1.42,197,2.74,144,2,2327,32.34,1151,15.99,7196
Panyileukan,1721,37.8,153,3.36,3,0.07,217,4.77,132,2.9,1729,37.97,598,13.13,4553
Cinambo,983,28.68,68,1.98,9,0.26,61,1.78,58,1.69,1693,49.4,555,16.19,3427
Mandalajati,2085,23.38,301,3.38,13,0.15,198,2.22,181,2.03,4399,49.33,1740,19.51,8917
