lokasi,nama_komoditas,2017-07-01,2017-07-02,2017-07-03,2017-07-04,2017-07-05,2017-07-06,2017-07-07,2017-07-08,2017-07-09,2017-07-10,2017-07-11,2017-07-12,2017-07-13,2017-07-14,2017-07-15,2017-07-16,2017-07-17,2017-07-18,2017-07-19,2017-07-20,2017-07-21,2017-07-22,2017-07-23,2017-07-24,2017-07-25,2017-07-26,2017-07-27,2017-07-28,2017-07-29,2017-07-30,2017-07-31
"Pasar Baru","Beras Medium",0,0,10000,10000,10000,10000,0,0,0,10000,10000,10000,10000,10000,0,0,10000,10000,10000,10000,10000,0,0,10000,10000,10000,10000,0,0,0,10000
"Pasar Baru","Cabe Merah",0,0,50000,50000,50000,50000,0,0,0,30000,30000,30000,30000,30000,0,0,40000,40000,40000,40000,40000,0,0,40000,40000,30000,30000,0,0,0,30000
"Pasar Baru","Bawang Merah",0,0,40000,40000,40000,40000,0,0,0,40000,40000,40000,40000,40000,0,0,40000,40000,40000,40000,40000,0,0,40000,40000,35000,35000,0,0,0,35000
"Pasar Baru","Daging Ayam Ras",0,0,35000,35000,35000,35000,0,0,0,34000,34000,34000,34000,34000,0,0,34000,34000,34000,34000,34000,0,0,34000,34000,34000,34000,0,0,0,35000
"Pasar Baru","Telur Ayam Ras",0,0,21000,21000,21000,21000,0,0,0,21000,21000,21000,21000,21000,0,0,22000,22000,22000,22000,22000,0,0,22000,22000,24000,24000,0,0,0,24000
"Pasar Baru","Daging Sapi",0,0,120000,120000,120000,120000,0,0,0,120000,120000,120000,120000,120000,0,0,120000,120000,120000,120000,0,0,0,0,0,120000,120000,0,0,0,120000
"Pasar Baru","Minyak Goreng",0,0,15000,15000,15000,15000,0,0,0,15000,15000,15000,15000,15000,0,0,15000,15000,15000,15000,15000,0,0,15000,15000,15000,15000,0,0,0,15000
"Pasar Baru","Gula Pasir",0,0,14000,14000,14000,14000,0,0,0,14000,14000,14000,14000,14000,0,0,14000,14000,14000,14000,14000,0,0,14000,14000,14000,14000,0,0,0,14000
"Pasar Baru",Kentang,0,0,22000,22000,22000,22000,0,0,0,20000,20000,20000,20000,20000,0,0,20000,20000,20000,20000,20000,0,0,20000,20000,20000,20000,0,0,0,18000
"Pasar Baru",Kedelai,0,0,11000,11000,11000,11000,0,0,0,11000,11000,11000,11000,11000,0,0,11000,11000,11000,11000,11000,0,0,11000,11000,11000,11000,0,0,0,11000
"Pasar Baru","Tepung Terigu",0,0,7500,7500,7500,7500,0,0,0,7500,7500,7500,7500,7500,0,0,7500,7500,7500,7500,7500,0,0,7500,7500,7500,7500,0,0,0,7500
"Pasar Baru","Bawang Putih",0,0,50000,50000,50000,50000,0,0,0,45000,45000,45000,45000,45000,0,0,45000,45000,45000,45000,45000,0,0,45000,45000,35000,35000,0,0,0,35000
"Pasar Baru","Cabe Keriting",0,0,40000,40000,40000,40000,0,0,0,30000,30000,30000,30000,30000,0,0,30000,30000,30000,30000,30000,0,0,30000,30000,30000,30000,0,0,0,30000
"Pasar Baru","Cabe Rawit",0,0,60000,60000,60000,60000,0,0,0,40000,40000,40000,40000,40000,0,0,50000,50000,50000,50000,50000,0,0,50000,50000,50000,50000,0,0,0,40000
"Pasar Baru","Kacang Tanah",0,0,28000,28000,28000,28000,0,0,0,28000,28000,28000,28000,28000,0,0,28000,28000,28000,28000,28000,0,0,28000,28000,28000,28000,0,0,0,28000
"Pasar Baru","Ubi Kayu",0,0,3000,3000,3000,3000,0,0,0,3000,3000,3000,3000,3000,0,0,3000,3000,3000,3000,3000,0,0,3000,3000,3000,3000,0,0,0,3000
"Pasar Baru","Ubi Jalar",0,0,0,0,0,0,0,0,0,0,0,0,0,0,0,0,0,0,0,0,0,0,0,0,0,0,0,0,0,0,0
"Pasar Baru",Jagung,0,0,10000,10000,10000,10000,0,0,0,10000,10000,10000,10000,10000,0,0,10000,10000,10000,10000,10000,0,0,10000,10000,10000,10000,0,0,0,10000
"Pasar Baru","Ikan Olahan",0,0,60000,60000,60000,60000,0,0,0,60000,60000,60000,60000,60000,0,0,60000,60000,60000,60000,60000,0,0,60000,60000,60000,60000,0,0,0,70000
"Pasar Baru","Beras Premium",0,0,0,0,0,0,0,0,0,0,0,0,0,0,0,0,0,0,0,0,0,0,0,0,0,0,0,0,0,0,0
"Pasar Baru","Minyak Goreng Curah",0,0,13000,13000,13000,13000,0,0,0,13000,13000,13000,13000,13000,0,0,13000,13000,13000,13000,13000,0,0,13000,13000,12000,12000,0,0,0,12000
"Pasar Baru","Daging Ayam Kampung",0,0,75000,75000,75000,75000,0,0,0,75000,75000,75000,75000,75000,0,0,75000,75000,75000,75000,75000,0,0,75000,75000,75000,75000,0,0,0,75000
"Pasar Baru","Telur Ayam Kampung",0,0,45000,45000,45000,45000,0,0,0,45000,45000,45000,45000,45000,0,0,45000,45000,45000,45000,45000,0,0,45000,45000,45000,45000,0,0,0,45000
"Pasar Baru","Susu Kental Manis Merk Bendera",0,0,11000,11000,11000,11000,0,0,0,11000,11000,11000,11000,11000,0,0,11000,11000,11000,11000,11000,0,0,11000,11000,11000,11000,0,0,0,11000
"Pasar Baru","Susu Kental Manis Merk Indomilk",0,0,9500,9500,9500,9500,0,0,0,9500,9500,9500,9500,9500,0,0,9500,9500,9500,9500,9500,0,0,9500,9500,9500,9500,0,0,0,9500
"Pasar Baru","Garam Beryodium Bata",0,0,1500,1500,1500,1500,0,0,0,1500,1500,1500,1500,2000,0,0,2000,2000,2000,2000,2000,0,0,2000,2000,2000,2000,0,0,0,2000
"Pasar Baru","Garam Beryodium Halus",0,0,6000,6000,6000,6000,0,0,0,6000,6000,6000,6000,10000,0,0,10000,10000,10000,10000,10000,0,0,10000,10000,10000,10000,0,0,0,10000
"Pasar Baru","Tepung Terigu Cakra Kembar",0,0,0,0,0,0,0,0,0,0,0,0,0,0,0,0,0,0,0,0,8000,0,0,8000,8000,0,0,0,0,0,0
"Pasar Baru","Tepung Terigu Kunci",0,0,7500,7500,7500,7500,0,0,0,7500,7500,7500,7500,7500,0,0,7500,7500,7500,7500,7500,0,0,7500,7500,7500,7500,0,0,0,7500
"Pasar Baru","Mie Instan",0,0,2500,2500,2500,2500,0,0,0,2500,2500,2500,2500,2500,0,0,2500,2500,2500,2500,2500,0,0,2500,2500,2500,2500,0,0,0,2500
"Pasar Baru","Cabe Rawit Hijau",0,0,35000,35000,35000,35000,0,0,0,30000,30000,30000,30000,30000,0,0,35000,35000,35000,35000,35000,0,0,35000,35000,35000,35000,0,0,0,35000
"Pasar Baru","Kacang Hijau",0,0,22000,22000,22000,22000,0,0,0,22000,22000,22000,22000,22000,0,0,22000,22000,22000,22000,22000,0,0,22000,22000,22000,22000,0,0,0,22000
"Pasar Baru","Susu Bubuk Dancow",0,0,36000,36000,36000,36000,0,0,0,36000,36000,36000,36000,36000,0,0,36000,36000,36000,36000,36000,0,0,36000,36000,36000,36000,0,0,0,36000
"Pasar Baru","Susu Bubuk Indomilk",0,0,33500,33500,33500,33500,0,0,0,33500,33500,33500,33500,33500,0,0,33500,33500,33500,33500,33500,0,0,33500,33500,33500,33500,0,0,0,33500
"Pasar Baru","Ikan Kembung",0,0,35000,35000,35000,35000,0,0,0,35000,22000,22000,35000,35000,0,0,35000,35000,35000,35000,35000,0,0,35000,35000,35000,35000,0,0,0,35000
