lokasi,nama_komoditas,2016-07-01,2016-07-08,2016-07-15,2016-07-22,2016-07-29,2016-07-11,2016-07-12,2016-07-13,2016-07-14,2016-07-18,2016-07-19,2016-07-20,2016-07-21,2016-07-26,2016-07-27,2016-07-28,2016-07-31,,,,,
Pasar Sederhana,Beras Medium,10000,0,10000,10000,0,10000,10000,10000,10000,10000,10000,10000,10000,10000,10000,10000,10000,,,,,
Pasar Sederhana,Cabe Merah,60000,0,80000,55000,0,80000,0,80000,80000,55000,55000,55000,55000,40000,40000,40000,40000,,,,,
Pasar Sederhana,Bawang Merah,36000,0,70000,48000,0,70000,70000,70000,70000,0,48000,48000,48000,48000,48000,48000,48000,,,,,
Pasar Sederhana,Daging Ayam Ras,0,0,36000,36000,0,43000,43000,43000,43000,36000,36000,36000,36000,36000,36000,36000,36000,,,,,
Pasar Sederhana,Telur Ayam Ras,20000,0,22000,22000,0,22000,22000,22000,22000,22000,22000,22000,22000,22000,22000,22000,22000,,,,,
Pasar Sederhana,Daging Sapi,125000,0,120000,120000,0,120000,120000,120000,120000,120000,120000,120000,120000,120000,120000,120000,120000,,,,,
Pasar Sederhana,Minyak Goreng,14500,0,14500,14500,0,14500,14500,14500,14500,14500,14500,14500,14500,14500,14500,14500,14500,,,,,
Pasar Sederhana,Gula Pasir,16000,0,17000,17000,0,17000,17000,17000,17000,17000,17000,17000,17000,17000,17000,17000,17000,,,,,
Pasar Sederhana,Kentang,18000,0,24000,22000,0,24000,24000,24000,24000,22000,22000,22000,22000,22000,22000,22000,22000,,,,,
Pasar Sederhana,Kedelai,13000,0,13000,12000,0,13000,13000,13000,13000,12000,12000,12000,12000,12000,12000,12000,12000,,,,,
Pasar Sederhana,Tepung Terigu,8000,0,0,0,0,8000,8000,8000,0,8000,8000,8000,0,8000,8000,8000,8000,,,,,
Pasar Sederhana,Bawang Putih,36000,0,55000,40000,0,55000,55000,55000,55000,40000,40000,40000,40000,40000,40000,40000,40000,,,,,
Pasar Sederhana,Cabe Keriting,35000,0,40000,27000,0,40000,40000,40000,40000,27000,27000,27000,27000,30000,30000,30000,40000,,,,,
Pasar Sederhana,Cabe Rawit,37000,0,60000,48000,0,60000,40000,40000,60000,48000,48000,48000,48000,50000,50000,50000,50000,,,,,
Pasar Sederhana,Kacang Tanah,26000,0,30000,28000,0,30000,30000,30000,30000,28000,28000,28000,28000,28000,28000,28000,28000,,,,,
Pasar Sederhana,Ubi Kayu,4000,0,4000,4000,0,4000,4000,4000,4000,0,0,0,4000,4000,4000,4000,4000,,,,,
Pasar Sederhana,Ubi Jalar,0,0,0,0,0,0,0,0,0,0,0,0,0,0,0,0,0,,,,,
Pasar Sederhana,Jagung,7000,0,7000,7000,0,7000,7000,7000,7000,7000,7000,7000,7000,7000,7000,7000,7000,,,,,
Pasar Sederhana,Ikan Olahan,70000,0,70000,70000,0,70000,70000,70000,70000,70000,70000,70000,70000,70000,0,70000,70000,,,,,
Pasar Sederhana,Beras Premium,0,0,0,0,0,0,0,0,0,0,0,0,0,0,0,0,0,,,,,
Pasar Sederhana,Minyak Goreng Curah,12000,0,12000,12000,0,12000,12000,12000,12000,12000,12000,12000,12000,12000,12000,12000,14000,,,,,
Pasar Sederhana,Daging Ayam Kampung,65000,0,75000,75000,0,75000,75000,75000,75000,75000,75000,75000,75000,75000,75000,75000,75000,,,,,
Pasar Sederhana,Telur Ayam Kampung,44000,0,44000,44000,0,44000,44000,44000,0,44000,44000,44000,0,44000,44000,44000,44000,,,,,
Pasar Sederhana,Susu Kental Manis Merk Bendera,10000,0,10000,10000,0,10000,10000,10000,10000,10000,10000,10000,10000,10000,10000,10000,10000,,,,,
Pasar Sederhana,Susu Kental Manis Merk Indomilk,0,0,9500,9500,0,9500,9500,9500,9500,9500,9500,9500,9500,9500,9500,9500,9500,,,,,
Pasar Sederhana,Garam Beryodium Bata,1500,0,1500,1500,0,1500,1500,1500,1500,1500,1500,1500,1500,1500,1500,1500,1500,,,,,
Pasar Sederhana,Garam Beryodium Halus,0,0,6000,6000,0,0,6000,6000,6000,6000,6000,6000,6000,6000,6000,6000,6000,,,,,
Pasar Sederhana,Tepung Terigu Cakra Kembar,8500,0,8500,8500,0,8500,0,8500,8500,8500,8500,8500,8500,0,8500,8500,8500,,,,,
Pasar Sederhana,Tepung Terigu Kunci,7500,0,7500,7500,0,7500,7500,7500,7500,7500,7500,7500,7500,7500,7500,7500,7500,,,,,
Pasar Sederhana,Mie Instan,2000,0,2000,2200,0,2000,2000,2000,2000,0,2200,2200,2200,2200,2200,2200,2200,,,,,
Pasar Sederhana,Cabe Rawit Hijau,30000,0,40000,30000,0,40000,40000,40000,40000,30000,30000,30000,30000,30000,30000,30000,30000,,,,,
Pasar Sederhana,Kacang Hijau,22000,0,22000,22000,0,22000,0,0,22000,22000,22000,22000,22000,22000,22000,0,22000,,,,,
Pasar Sederhana,Susu Bubuk Dancow,41200,0,41200,41200,0,41200,41200,41200,0,41200,41200,41200,0,41200,41200,41200,41200,,,,,
Pasar Sederhana,Susu Bubuk Indomilk,36500,0,36500,36000,0,36500,36500,36500,36500,36500,36500,36500,36000,36500,36500,36500,36500,,,,,
Pasar Sederhana,Ikan Kembung,35000,0,35000,30000,0,35000,35000,35000,35000,30000,30000,30000,30000,30000,30000,30000,30000,,,,,
