nama_kecamatan,iud_sisa_bulan_lalu,kondom_sisa_bulan_lalu,implant_sisa_bulan_lalu,suntikan_sisa_bulan_lalu,pil_sisa_bulan_lalu,iud_diterima_bulan_ini,kondom_diterima_bulan_ini,implant_diterima_bulan_ini,suntikan_diterima_bulan_ini,pil_keluar_bulan_ini,iud_keluar_bulan_ini,kondom_keluar_bulan_ini,implant_keluar_bulan_ini,suntikan_keluar_bulan_ini,pil_diterima_bulan_ini,iud_sisa_akhir_bulan_ini,kondom_sisa_akhir_bulan_ini,implant_sisa_akhir_bulan_ini,suntikan_sisa_akhir_bulan_ini,pil_sisa_akhir_bulan_ini
Sukasari,165,83,41,419,973,0,24,0,500,200,9,17,3,253,220,156,90,38,666,953
Coblong,147,90,57,590,1185,25,60,2,200,200,23,23,5,126,21,149,127,54,664,1364
Babakan Ciparay,105,822,22,522,682,0,0,0,100,100,4,809,3,98,77,101,13,19,524,705
Bojongloa Kaler,83,111,122,134,591,0,0,0,100,100,5,21,2,175,71,78,90,120,59,620
Andir,131,22,0,72,475,25,0,10,300,200,10,1,0,94,6,146,21,10,278,669
Cicendo,123,80,4,585,508,0,0,10,180,200,10,27,0,65,19,113,53,14,700,689
Sukajadi,35,64,0,15,117,125,24,0,684,342,129,39,0,684,357,31,49,0,15,102
Cidadap,87,63,30,461,1340,0,0,0,500,100,9,16,0,106,16,78,47,30,855,1424
Bandung Wetan,64,59,20,576,1346,100,2,0,200,100,14,5,1,39,11,150,56,19,737,1435
Astana Anyar,197,103,2,780,1079,29,12,6,302,200,73,10,6,247,195,153,105,2,835,1084
Regol,265,176,35,1457,1632,50,14,0,100,0,61,127,3,51,141,254,63,32,1506,1491
Batununggal,167,107,26,766,1790,0,0,0,100,0,17,7,3,155,34,150,100,23,711,1756
Lengkong,198,53,24,617,1268,0,0,10,38,0,5,1,1,96,44,193,52,33,559,1224
Cibeunying Kidul,118,39,19,321,1372,0,0,0,205,100,40,3,0,77,334,78,36,19,449,1138
Bandung Kulon,95,18,15,399,1382,54,24,20,400,200,38,8,21,142,34,111,34,14,657,1548
Kiaracondong,111,35,7,366,561,0,12,0,200,100,7,4,0,88,18,104,43,7,478,643
Bojongloa Kidul,28,12,7,378,385,0,0,0,0,0,3,4,0,0,0,25,8,7,378,385
Cibeunying Kaler,7,0,0,162,230,75,26,10,300,200,5,10,0,32,60,77,16,10,430,370
Sumur Bandung,0,8,5,243,852,0,0,0,0,0,0,0,0,24,8,0,8,5,219,844
Antapani,135,108,30,536,1727,0,0,0,0,0,4,7,0,94,28,131,101,30,442,1699
Bandung Kidul,152,41,34,304,792,0,0,0,0,0,1,4,3,43,23,151,37,31,261,769
Buahbatu,128,55,56,283,1807,0,24,0,400,0,16,16,8,174,118,112,63,48,509,1689
Rancasari,64,44,21,143,405,0,0,0,200,200,12,3,1,111,23,52,41,20,232,582
Arcamanik,170,239,8,435,379,0,0,0,0,200,6,0,0,77,209,164,239,8,358,370
Cibiru,110,62,22,353,385,0,48,0,100,200,9,16,0,156,124,101,94,22,297,461
Ujung Berung,33,4,9,40,247,3,0,5,5,0,0,0,0,0,0,36,4,14,45,247
Gedebage,90,46,16,372,765,25,12,0,200,200,29,10,7,54,41,86,48,9,518,924
Panyileukan,110,19,20,241,313,0,0,0,0,0,33,15,11,40,20,77,4,9,201,293
Cinambo,72,112,61,461,771,0,0,0,0,0,34,2,1,30,5,38,110,60,431,766
Mandalajati,75,78,15,812,3265,25,24,9,200,200,4,0,1,91,16,96,102,23,921,3449