Kode Wilayah,Kecamatan,GolDar A,GolDar B,GolDar AB,GolDar O,GolDar A (+),GolDar A (-),GolDar B (+),GolDar B (-),GolDar AB (+),GolDar AB (-),GolDar O (+),GolDar O (-),Tidak Tahu
327301,Sukasari,11234,8369,3624,12795,79,6,84,11,70,6,69,20,36091
327302,Coblong,18605,10939,5935,19854,61,2,51,2,67,21,49,147,55073
327303,Babakan Ciparay,16285,4718,3065,9404,50,2,33,3,25,24,29,97,96738
327304,Bojongloa Kaler,7394,6404,5046,11954,43,2,29,2,27,22,18,36,90133
327305,Andir,12629,7055,3819,12953,37,5,27,6,13,7,16,30,65379
327306,Cicendo,11736,7999,4010,14106,73,9,96,20,66,19,91,119,55402
327307,Sukajadi,14667,9064,4561,15693,103,11,120,22,139,64,79,199,54277
327308,Cidadap,5188,3317,1830,6890,41,2,44,7,26,23,16,7,34701
327309,Bandung Wetan,5301,2986,1687,4648,32,2,40,6,44,8,33,21,16150
327310,Astana Anyar,7635,6348,3449,12620,66,2,49,18,46,30,43,17,43321
327311,Regol,14139,8272,4206,14143,44,2,35,9,32,5,16,105,40748
327312,Batununggal,19826,9199,5244,15243,77,5,16,6,53,12,29,48,66951
327313,Lengkong,16503,11861,5757,17459,195,39,762,41,122,34,167,50,18587
327314,Cibeunying Kidul,11338,6977,3391,11940,71,6,46,10,58,19,49,153,74990
327315,Bandung Kulon,9664,8051,4380,14577,90,8,54,3,45,28,83,32,93548
327316,Kiaracondong,18887,11727,6367,19503,40,2,35,9,30,43,14,91,65564
327317,Bojongloa Kidul,9025,4127,2484,7370,48,2,22,10,39,23,49,57,60033
327318,Cibeunying Kaler,12566,8489,4253,13276,58,4,45,6,26,16,31,15,29128
327319,Sumur Bandung,4305,3368,1541,6165,36,1,37,0,19,3,18,95,19950
327320,Antapani,15652,11495,5100,17042,169,11,148,30,137,30,157,70,23969
327321,Bandung Kidul,7716,5397,2612,9667,36,7,33,6,25,12,42,40,31316
327322,Buah Batu,15301,10318,4794,16373,96,6,64,19,96,11,41,29,49548
327323,Rancasari,14463,9419,3833,14676,113,14,124,42,139,58,117,102,36129
327324,Arcamanik,12515,8578,4156,13817,96,7,81,12,76,30,61,35,31203
327325,Cibiru,9151,4430,2600,7866,61,8,54,14,38,22,41,46,45870
327326,Ujungberung,9662,7373,3758,13093,110,8,85,20,87,20,105,51,45228
327327,Gedebage,4728,3758,1687,5716,29,0,23,7,26,35,31,14,21450
327328,Panyileukan,4426,4090,1793,6422,43,4,37,15,31,7,44,27,20462
327329,Cinambo,1140,1298,687,2373,18,1,13,0,10,5,8,5,18313
327330,Mandalajati,5853,5174,2343,8554,40,4,50,9,138,13,19,55,44089