nama_kecamatan,jumlah_pengguna_IUD,persentase_pengguna_IUD,jumlah_pengguna_MOW,persentase_pengguna_MOW,jumlah_pengguna_MOP,persentase_pengguna_MOP,jumlah_pengguna_kondom,persentase_pengguna_kondom,jumlah_pengguna_implan,persentase_pengguna_implan,jumlah_pengguna_suntikan,persentase_pengguna_suntikan,jumlah_pengguna_pil,persentase_pengguna_pil,jumlah_peserta_kb_aktif
Sukasari ,2149,32.34,191,2.87,14,0.21,129,1.94,106,1.6,2700,40.63,1356,20.41,6645
Coblong ,4591,35.67,1217,9.46,23,0.18,680,5.28,303,2.35,4609,35.81,1447,11.24,12870
Babakan Ciparay ,3546,19.37,252,1.38,33,0.18,102,0.56,254,1.39,11412,62.32,2712,14.81,18311
Bojongloa Kaler ,5644,40.77,449,3.24,61,0.44,225,1.63,201,1.45,4370,31.56,2895,20.91,13845
Andir ,2788,10.53,912,3.44,21,0.08,236,0.89,300,1.13,4753,17.95,17471,65.98,26481
Cicendo ,2787,27.54,527,5.21,5,0.05,223,2.2,218,2.15,4319,42.69,2039,20.15,10118
Sukajadi ,3303,26.59,1814,14.6,19,0.15,540,4.35,201,1.62,4019,32.35,2526,20.33,12422
Cidadap ,1482,21.09,303,4.31,7,0.1,146,2.08,592,8.42,3466,49.32,1031,14.67,7027
Bandung Wetan ,1730,46.36,459,12.3,73,1.96,87,2.33,129,3.46,788,21.11,466,12.49,3732
Astana Anyar ,2584,35.39,271,3.71,42,0.58,89,1.22,228,3.12,3207,43.93,880,12.05,7301
Regol ,4685,50.49,391,4.21,48,0.52,306,3.3,177,1.91,3039,32.75,633,6.82,9279
Batununggal ,3876,30.05,278,2.16,19,0.15,210,1.63,117,0.91,6381,49.48,2016,15.63,12897
Lengkong ,2213,41.53,218,4.09,3,0.06,203,3.81,204,3.83,1919,36.01,569,10.68,5329
Cibeunying Kidul ,4365,32.16,1144,8.43,1,0.01,291,2.14,331,2.44,5876,43.3,1563,11.52,13571
Bandung Kulon ,5579,49.27,318,2.81,10,0.09,241,2.13,497,4.39,2885,25.48,1794,15.84,11324
Kiaracondong ,4264,29.49,247,1.71,17,0.12,446,3.08,210,1.45,6816,47.13,2461,17.02,14461
Bojongloa Kidul ,2376,24.09,150,1.52,12,0.12,90,0.91,245,2.48,6169,62.55,821,8.32,9863
Cibeunying Kaler ,2613,37.45,302,4.33,27,0.39,124,1.78,59,0.85,2539,36.39,1313,18.82,6977
Sumur Bandung ,903,35.82,103,4.09,3,0.12,146,5.79,93,3.69,883,35.03,390,15.47,2521
Antapani ,3018,37.69,176,2.2,31,0.39,238,2.97,96,1.2,3463,43.24,986,12.31,8008
Bandung Kidul ,1747,27.47,123,1.93,7,0.11,185,2.91,71,1.12,3040,47.8,1187,18.66,6360
Buahbatu ,3028,33,160,1.74,17,0.19,176,1.92,175,1.91,4381,47.74,1240,13.51,9177
Rancasari ,2521,36.91,149,2.18,11,0.16,248,3.63,48,0.7,2755,40.33,1099,16.09,6831
Arcamanik ,2473,34,239,3.29,24,0.33,111,1.53,422,5.8,3191,43.87,814,11.19,7274
Cibiru ,1868,22.2,173,2.06,33,0.39,147,1.75,242,2.88,4190,49.8,1761,20.93,8414
Ujung Berung ,10452,72.19,132,0.91,58,0.4,258,1.78,366,2.53,1578,10.9,1635,11.29,14479
Gedebage ,2655,37.66,575,8.16,102,1.45,197,2.79,144,2.04,2285,32.42,1091,15.48,7049
Panyileukan ,1713,37.99,150,3.33,3,0.07,217,4.81,126,2.79,1707,37.86,593,13.15,4509
Cinambo ,974,28.69,68,2,9,0.27,61,1.8,58,1.71,1670,49.19,555,16.35,3395
Mandalajati ,2066,23.33,300,3.39,13,0.15,198,2.24,169,1.91,4376,49.41,1735,19.59,8857
