lokasi,nama_komoditas,2016-08-05,2016-08-01,2016-08-03,2016-08-04,2016-08-08,2016-08-09,2016-08-10,2016-08-11,2016-08-15,2016-08-16,2016-08-18,2016-08-19,2016-08-22,2016-08-24,2016-08-25,2016-08-26,2016-08-29,2016-08-30,2016-08-31,2016-08-02,2016-08-12,
Pasar Baru,Beras Medium,10000,10000,10000,10000,10000,10000,10000,10000,10000,10000,10000,10000,10000,10000,10000,10000,10000,10000,10000,10000,10000,
Pasar Baru,Cabe Merah,38000,38000,38000,38000,35000,35000,0,35000,35000,0,35000,35000,35000,35000,35000,35000,35000,35000,35000,4000,35000,
Pasar Baru,Bawang Merah,45000,45000,45000,45000,45000,45000,45000,45000,45000,45000,45000,45000,45000,45000,45000,45000,40000,40000,40000,45000,34500,
Pasar Baru,Daging Ayam Ras,35000,35000,35000,35000,35000,35000,35000,35000,36000,36000,36000,36000,36000,36000,36000,36000,33000,33000,33000,35000,35000,
Pasar Baru,Telur Ayam Ras,22000,22000,22000,22000,22000,22000,22000,22000,22000,22000,22000,22000,22000,22000,22000,22000,20000,20000,20000,22000,22000,
Pasar Baru,Daging Sapi,120000,120000,120000,120000,120000,120000,120000,120000,120000,120000,120000,120000,120000,120000,120000,120000,120000,120000,120000,120000,120000,
Pasar Baru,Minyak Goreng,14000,14000,14000,14000,14000,14000,14000,14000,14000,14000,14000,14000,14000,14000,14000,14000,14000,14000,14000,14000,14000,
Pasar Baru,Gula Pasir,16000,16000,16000,16000,16000,16000,16000,16000,16000,16000,16000,16000,16000,16000,16000,1600,16000,16000,16000,17000,16000,
Pasar Baru,Kentang,20000,20000,20000,20000,0,20000,20000,20000,20000,20000,20000,20000,20000,20000,20000,20000,20000,20000,20000,20000,20000,
Pasar Baru,Kedelai,11000,11000,0,11000,11000,11000,11000,11000,11000,11000,11000,11000,11000,11000,11000,0,11000,11000,11000,11000,11000,
Pasar Baru,Tepung Terigu,7500,7500,7500,7500,7500,7500,7500,7500,7500,7500,7500,7500,7500,7500,7500,7500,7500,7500,7500,7500,7500,
Pasar Baru,Bawang Putih,38000,38000,38000,38000,38000,38000,38000,38000,38000,38000,38000,38000,38000,38000,38000,38000,38000,38000,38000,35000,38000,
Pasar Baru,Cabe Keriting,40000,40000,40000,40000,35000,35000,35000,0,35000,35000,35000,35000,35000,35000,35000,35000,30000,30000,30000,40000,0,
Pasar Baru,Cabe Rawit,58000,58000,58000,0,60000,60000,60000,60000,60000,60000,60000,60000,60000,60000,60000,60000,55000,55000,55000,60000,60000,
Pasar Baru,Kacang Tanah,30000,30000,30000,30000,30000,30000,30000,30000,30000,30000,30000,30000,30000,30000,30000,30000,30000,30000,30000,0,30000,
Pasar Baru,Ubi Kayu,3000,3000,3000,3000,3000,3000,3000,3000,3000,3000,3000,3000,3000,3000,3000,3000,3000,0,3000,4000,3000,
Pasar Baru,Ubi Jalar,0,0,0,0,0,0,0,0,0,0,0,0,0,0,0,0,0,0,0,0,0,
Pasar Baru,Jagung,9000,9000,9000,9000,9000,9000,9000,9000,9000,9000,9000,9000,9000,9000,9000,9000,9000,9000,9000,10000,9000,
Pasar Baru,Ikan Olahan,60000,60000,60000,60000,60000,60000,60000,60000,60000,60000,60000,60000,60000,60000,60000,60000,60000,60000,0,70000,60000,
Pasar Baru,Beras Premium,0,0,0,0,0,0,0,0,0,0,0,0,0,0,0,0,0,0,0,0,0,
Pasar Baru,Minyak Goreng Curah,12000,12000,12000,12000,12000,12000,12000,12000,12000,12000,12000,12000,12000,12000,12000,12000,12000,12000,12000,12000,12000,
Pasar Baru,Daging Ayam Kampung,70000,70000,70000,70000,70000,70000,70000,70000,70000,70000,70000,70000,70000,70000,70000,70000,70000,70000,70000,75000,70000,
Pasar Baru,Telur Ayam Kampung,45000,45000,45000,45000,45000,45000,45000,45000,45000,45000,45000,0,45000,45000,45000,45000,45000,45000,45000,40000,45000,
Pasar Baru,Susu Kental Manis Merk Bendera,11000,11000,11000,11000,11000,0,11000,11000,11000,11000,11000,11000,11000,11000,11000,11000,11000,11000,11000,10000,11000,
Pasar Baru,Susu Kental Manis Merk Indomilk,9500,9500,9500,9500,9500,9500,9500,9500,0,9500,9500,9500,9500,9500,9500,95000,9500,9500,9500,9500,9500,
Pasar Baru,Garam Beryodium Bata,1500,1500,1500,1500,1500,1500,1500,1500,1500,1500,1500,1500,1500,1500,1500,1500,1500,1500,1500,1500,1500,
Pasar Baru,Garam Beryodium Halus,6000,6000,6000,6000,6000,6000,6000,6000,6000,6000,6000,6000,6000,6000,6000,6000,6000,6000,6000,6000,6000,
Pasar Baru,Tepung Terigu Cakra Kembar,0,8000,8000,8000,8000,8000,8000,8000,8000,8000,8000,8000,8000,8000,8000,8000,8000,8000,8000,7500,8000,
Pasar Baru,Tepung Terigu Kunci,7500,7500,7500,7500,7500,7500,7500,7500,7500,7500,7500,7500,7500,7500,7500,7500,7500,7500,7500,7000,7500,
Pasar Baru,Mie Instan,2500,2500,2500,2500,2500,2500,2500,2500,2500,2500,2500,2500,2500,2500,2500,2500,0,2500,2500,2100,2500,
Pasar Baru,Cabe Rawit Hijau,40000,40000,40000,40000,45000,45000,45000,45000,45000,45000,45000,45000,0,45000,45000,45000,40000,40000,40000,40000,45000,
Pasar Baru,Kacang Hijau,22000,22000,22000,22000,22000,22000,22000,22000,22000,22000,22000,22000,22000,22000,22000,22000,22000,22000,22000,22000,22000,
Pasar Baru,Susu Bubuk Dancow,36000,36000,36000,36000,36000,36000,36000,36000,36000,36000,36000,36000,36000,36000,36000,36000,36000,36000,36000,34500,36000,
Pasar Baru,Susu Bubuk Indomilk,33500,33500,33500,33500,33500,33500,33500,33500,33500,33500,33500,33500,33500,33500,33500,33500,33500,33500,33500,30000,33500,
Pasar Baru,Ikan Kembung,35000,35000,35000,35000,35000,35000,35000,35000,35000,35000,0,35000,35000,35000,35000,35000,35000,35000,35000,35000,35000,
