nama_kecamatan,iud_sisa_bulan_lalu,kondom_sisa_bulan_lalu,implant_sisa_bulan_lalu,suntikan_sisa_bulan_lalu,pil_sisa_bulan_lalu,iud_diterima_bulan_ini,kondom_diterima_bulan_ini,implant_diterima_bulan_ini,suntikan_diterima_bulan_ini,pil_keluar_bulan_ini,iud_keluar_bulan_ini,kondom_keluar_bulan_ini,implant_keluar_bulan_ini,suntikan_keluar_bulan_ini,pil_diterima_bulan_ini,iud_sisa_akhir_bulan_ini,kondom_sisa_akhir_bulan_ini,implant_sisa_akhir_bulan_ini,suntikan_sisa_akhir_bulan_ini,pil_sisa_akhir_bulan_ini
Sukasari,119,31,21,370,660,0,0,0,73,0,6,5,2,182,99,113,26,19,261,561
Coblong,119,6,70,220,1700,50,12,20,200,0,63,7,33,174,98,106,11,57,246,1602
Babakan Ciparay,22,284,32,142,519,40,0,20,200,0,25,63,23,127,20,37,221,29,215,499
Bojongloa Kaler,134,97,118,380,727,25,224,0,100,100,50,8,0,227,190,109,313,118,253,637
Andir,64,26,14,369,1709,0,0,3,0,0,5,2,6,49,4,59,24,11,320,1705
Cicendo,49,36,0,268,468,5,0,0,20,0,7,3,0,41,8,47,33,0,247,460
Sukajadi,8,12,11,7,70,160,72,0,527,300,80,29,10,527,221,88,55,1,7,149
Cidadap,61,33,27,345,1398,0,0,0,200,0,9,12,0,161,4,52,21,27,384,1394
Bandung Wetan,90,35,37,300,1248,25,0,0,200,0,15,5,0,12,13,100,30,37,488,1235
Astana Anyar,209,81,37,882,1343,50,0,20,100,0,81,16,23,172,40,178,65,34,810,1303
Regol,142,41,34,874,1459,0,0,0,0,0,29,3,0,83,12,113,38,34,791,1447
Batununggal,105,68,32,222,1755,50,72,0,400,0,24,11,3,199,12,131,129,29,423,1743
Lengkong,157,409,33,616,1213,9,0,10,122,108,2,1,6,94,7,164,408,37,644,1314
Cibeunying Kidul,91,10,18,464,579,0,0,0,0,0,3,1,0,51,10,88,9,18,413,569
Bandung Kulon,128,24,10,455,1599,24,12,10,200,100,9,6,8,153,16,143,30,12,502,1683
Kiaracondong,33,14,15,172,671,25,0,10,200,0,12,1,2,99,54,46,13,23,273,617
Bojongloa Kidul,25,12,21,468,544,0,0,0,0,0,4,0,1,9,1,21,12,20,459,543
Cibeunying Kaler,47,5,135,503,565,0,0,0,0,0,4,3,0,46,5,43,2,135,457,560
Sumur Bandung,222,270,24,763,1783,0,0,0,0,0,5,48,0,43,12,217,222,24,720,1771
Antapani,56,100,10,466,564,40,20,0,0,0,0,0,0,34,21,96,120,10,432,543
Bandung Kidul,42,28,11,526,695,0,0,0,0,0,1,5,2,49,30,41,23,9,477,665
Buahbatu,72,56,25,373,680,0,0,0,0,0,9,4,1,119,15,63,52,24,254,665
Rancasari,32,170,0,654,792,40,0,20,0,0,42,9,5,99,61,30,161,15,555,731
Arcamanik,120,44,20,67,392,25,12,0,200,0,11,1,0,101,0,134,55,20,166,392
Cibiru,103,264,50,427,504,23,0,4,0,0,32,20,25,94,94,94,244,29,333,410
Ujung Berung,20,12,9,79,116,0,0,0,0,0,5,7,0,34,13,15,5,9,45,103
Gedebage,55,19,31,369,839,50,0,20,0,0,35,4,29,8,0,70,15,22,361,839
Panyileukan,11,157,18,192,305,0,0,0,0,0,4,42,2,74,103,7,115,16,118,202
Cinambo,45,8,18,554,536,100,0,0,0,0,44,1,0,33,3,101,7,18,521,533
Mandalajati,274,79,36,533,2703,0,0,0,100,0,1,2,1,128,15,273,77,35,505,2688