Nama Bulan,A,B,O,AB,Total
Januari/January,2382,1790,2428,673,7273
Pebruari/February,2947,2845,3343,853,9988
Maret/March,2984,3097,3907,859,10847
April/April,2873,2767,3560,856,10056
Mei/May,2947,2945,3767,895,10554
Juni/June,2836,2823,3712,829,10200
Juli/July,2172,1234,881,421,4717
Agustus/August,3395,3306,4089,1089,11879
September/September,3239,3402,4557,969,12167
Oktober/October,2355,2314,2751,723,8143
Nopember/November,3001,3099,3663,944,10707
Desember/December,3171,3106,3872,923,11072
