lokasi,nama_komoditas,2016-12-01,2016-12-02,2016-12-03,2016-12-04,2016-12-05,2016-12-06,2016-12-07,2016-12-08,2016-12-09,2016-12-10,2016-12-11,2016-12-12,2016-12-13,2016-12-14,2016-12-15,2016-12-16,2016-12-17,2016-12-18,2016-12-19,2016-12-20,2016-12-21,2016-12-22,2016-12-23,2016-12-24,2016-12-25,2016-12-26,2016-12-27,2016-12-28,2016-12-29,2016-12-30,2016-12-31
"Pasar Kosambi","Beras Medium",10000,10000,0,0,10000,10000,10000,10000,10000,0,0,0,0,10000,10000,0,0,10000,10000,10000,10000,10000,10000,0,0,0,0,10000,10000,10000,0
"Pasar Kosambi","Cabe Merah",80000,80000,0,0,60000,60000,60000,60000,60000,0,0,0,0,60000,60000,0,0,60000,60000,60000,60000,60000,60000,0,0,0,0,50000,50000,50000,0
"Pasar Kosambi","Bawang Merah",50000,50000,0,0,50000,0,50000,50000,0,0,0,0,0,50000,50000,0,0,50000,50000,50000,50000,50000,35000,0,0,0,0,35000,35000,35000,0
"Pasar Kosambi","Daging Ayam Ras",34000,33000,0,0,35000,35000,35000,35000,35000,0,0,0,0,35000,35000,0,0,35000,35000,35000,35000,35000,35000,0,0,0,0,36000,36000,36000,0
"Pasar Kosambi","Telur Ayam Ras",18000,18000,0,0,19500,19500,19500,19500,19500,0,0,0,0,21000,21000,0,0,21000,21500,22000,22000,22000,23500,0,0,0,0,23500,23500,23500,0
"Pasar Kosambi","Daging Sapi",120000,120000,0,0,120000,120000,120000,120000,120000,0,0,0,0,120000,120000,0,0,120000,120000,120000,120000,120000,120000,0,0,0,0,120000,120000,120000,0
"Pasar Kosambi","Minyak Goreng",15000,15000,0,0,15000,15000,15000,15000,15000,0,0,0,0,15000,15000,0,0,15000,15000,15000,15000,15000,15000,0,0,0,0,0,15000,15000,0
"Pasar Kosambi","Gula Pasir",14000,14000,0,0,14000,14000,14000,14000,14000,0,0,0,0,14000,14000,0,0,14000,14000,14000,14000,14000,14000,0,0,0,0,14000,14000,14000,0
"Pasar Kosambi",Kentang,14000,14000,0,0,14000,14000,14000,14000,14000,0,0,0,0,16000,16000,0,0,16000,16000,16000,16000,16000,16000,0,0,0,0,16000,16000,16000,0
"Pasar Kosambi",Kedelai,11000,0,0,0,11000,11000,11000,11000,11000,0,0,0,0,11000,11000,0,0,11000,11000,11000,11000,11000,11000,0,0,0,0,11000,11000,11000,0
"Pasar Kosambi","Tepung Terigu",7500,7500,0,0,7500,7500,7500,7500,7500,0,0,0,0,7500,7500,0,0,7500,7500,7500,7500,7500,7500,0,0,0,0,7500,7500,7500,0
"Pasar Kosambi","Bawang Putih",40000,40000,0,0,50000,50000,50000,50000,50000,0,0,0,0,50000,50000,0,0,50000,50000,50000,50000,50000,45000,0,0,0,0,45000,45000,45000,0
"Pasar Kosambi","Cabe Keriting",70000,70000,0,0,70000,70000,70000,70000,70000,0,0,0,0,60000,60000,0,0,60000,60000,60000,28000,60000,60000,0,0,0,0,50000,50000,50000,0
"Pasar Kosambi","Cabe Rawit",60000,60000,0,0,60000,60000,60000,60000,60000,0,0,0,0,90000,90000,0,0,90000,85000,80000,80000,80000,100000,0,0,0,0,100000,100000,100000,0
"Pasar Kosambi","Kacang Tanah",28000,28000,0,0,28000,28000,28000,28000,28000,0,0,0,0,28000,28000,0,0,28000,28000,28000,28000,28000,28000,0,0,0,0,28000,28000,28000,0
"Pasar Kosambi","Ubi Kayu",4000,4000,0,0,4000,4000,4000,4000,4000,0,0,0,0,4000,4000,0,0,4000,4000,4000,4000,4000,4000,0,0,0,0,4000,4000,4000,0
"Pasar Kosambi","Ubi Jalar",0,0,0,0,0,0,0,0,0,0,0,0,0,0,0,0,0,0,0,0,0,0,0,0,0,0,0,0,0,0,0
"Pasar Kosambi",Jagung,12000,12000,0,0,12000,12000,12000,12000,12000,0,0,0,0,12000,12000,0,0,12000,12000,12000,12000,12000,12000,0,0,0,0,12000,12000,12000,0
"Pasar Kosambi","Ikan Olahan",70000,70000,0,0,70000,70000,70000,70000,70000,0,0,0,0,70000,70000,0,0,70000,70000,70000,70000,70000,70000,0,0,0,0,70000,70000,70000,0
"Pasar Kosambi","Beras Premium",0,0,0,0,0,0,0,0,0,0,0,0,0,0,0,0,0,0,0,0,0,0,0,0,0,0,0,0,0,0,0
"Pasar Kosambi","Minyak Goreng Curah",12500,12500,0,0,12500,12500,12500,12500,12500,0,0,0,0,12500,12500,0,0,12500,12500,12500,35000,0,12500,0,0,0,0,12500,12500,12500,0
"Pasar Kosambi","Daging Ayam Kampung",75000,75000,0,0,75000,75000,75000,75000,75000,0,0,0,0,75000,75000,0,0,75000,75000,75000,75000,75000,75000,0,0,0,0,75000,75000,75000,0
"Pasar Kosambi","Telur Ayam Kampung",40000,40000,0,0,40000,40000,40000,40000,40000,0,0,0,0,40000,40000,0,0,40000,40000,40000,40000,40000,40000,0,0,0,0,40000,40000,40000,0
"Pasar Kosambi","Susu Kental Manis Merk Bendera",10000,10000,0,0,10000,10000,10000,10000,10000,0,0,0,0,10000,10000,0,0,10000,10000,10000,10000,10000,10000,0,0,0,0,10000,10000,10000,0
"Pasar Kosambi","Susu Kental Manis Merk Indomilk",9500,9500,0,0,9500,9500,9500,9500,9500,0,0,0,0,9500,9500,0,0,9500,9500,9500,9500,9500,9500,0,0,0,0,9500,9500,9500,0
"Pasar Kosambi","Garam Beryodium Bata",1500,1500,0,0,1500,1500,1500,1500,1500,0,0,0,0,1500,1500,0,0,1500,1500,1500,1500,1500,1500,0,0,0,0,1500,1500,1500,0
"Pasar Kosambi","Garam Beryodium Halus",6000,6000,0,0,6000,6000,6000,6000,6000,0,0,0,0,6000,6000,0,0,6000,6000,6000,6000,6000,6000,0,0,0,0,6000,6000,6000,0
"Pasar Kosambi","Tepung Terigu Cakra Kembar",7500,7500,0,0,7500,7500,7500,7500,7500,0,0,0,0,7500,7500,0,0,7500,7500,7500,7500,7500,7500,0,0,0,0,10000,7500,7500,0
"Pasar Kosambi","Tepung Terigu Kunci",7000,7000,0,0,7000,7000,7000,7000,7000,0,0,0,0,7000,7000,0,0,7000,7000,7000,7000,7000,7000,0,0,0,0,7000,7000,7000,0
"Pasar Kosambi","Mie Instan",2300,2300,0,0,2300,2300,2300,2300,2300,0,0,0,0,2300,2300,0,0,2300,2300,2300,2300,2300,2300,0,0,0,0,2300,2300,2300,0
"Pasar Kosambi","Cabe Rawit Hijau",40000,40000,0,0,60000,60000,60000,60000,60000,0,0,0,0,80000,80000,0,0,80000,75000,70000,70000,70000,80000,0,0,0,0,80000,80000,80000,0
"Pasar Kosambi","Kacang Hijau",20000,20000,0,0,20000,20000,0,0,20000,0,0,0,0,20000,20000,0,0,20000,20000,20000,20000,20000,0,0,0,0,0,20000,20000,20000,0
"Pasar Kosambi","Susu Bubuk Dancow",34500,34500,0,0,34500,34500,34500,34500,34500,0,0,0,0,34500,34500,0,0,34500,34500,34500,34500,34500,34500,0,0,0,0,34500,34500,34500,0
"Pasar Kosambi","Susu Bubuk Indomilk",30000,30000,0,0,30000,30000,30000,30000,30000,0,0,0,0,30000,30000,0,0,30000,30000,30000,30000,35000,30000,0,0,0,0,30000,30000,30000,0
"Pasar Kosambi","Ikan Kembung",0,35000,0,0,0,35000,35000,35000,35000,0,0,0,0,35000,35000,0,0,35000,35000,35000,35000,35000,35000,0,0,0,0,35000,35000,35000,0
