lokasi,nama_komoditas,2018-06-01,2018-06-02,2018-06-03,2018-06-04,2018-06-05,2018-06-06,2018-06-07,2018-06-08,2018-06-09,2018-06-10,2018-06-11,2018-06-12,2018-06-13,2018-06-14,2018-06-15,2018-06-16,2018-06-17,2018-06-18,2018-06-19,2018-06-20,2018-06-21,2018-06-22,2018-06-23,2018-06-24,2018-06-25,2018-06-26,2018-06-27,2018-06-28,2018-06-29,2018-06-30
"Pasar Baru","Beras Medium",0,0,0,12000,12000,12000,12000,12000,0,0,0,0,0,0,0,0,0,0,0,0,12000,12000,0,0,12000,0,0,12000,12000,0
"Pasar Baru","Cabe Merah",0,0,0,40000,40000,40000,40000,60000,0,0,0,0,0,0,0,0,0,0,0,0,60000,45000,0,0,45000,0,0,45000,45000,0
"Pasar Baru","Bawang Merah",0,0,0,40000,40000,40000,40000,40000,0,0,0,0,0,0,0,0,0,0,0,0,40000,40000,0,0,35000,0,0,35000,35000,0
"Pasar Baru","Daging Ayam Ras",0,0,0,36000,36000,36000,36000,38000,0,0,0,0,0,0,0,0,0,0,0,0,42000,40000,0,0,38000,0,0,38000,38000,0
"Pasar Baru","Telur Ayam Ras",0,0,0,25000,25000,25000,25000,25000,0,0,0,0,0,0,0,0,0,0,0,0,24000,24000,0,0,23000,0,0,23000,23000,0
"Pasar Baru","Daging Sapi",0,0,0,0,120000,120000,120000,120000,0,0,0,0,0,0,0,0,0,0,0,0,120000,120000,0,0,120000,0,0,120000,120000,0
"Pasar Baru","Minyak Goreng",0,0,0,15000,15000,15000,15000,15000,0,0,0,0,0,0,0,0,0,0,0,0,15000,15000,0,0,15000,0,0,15000,15000,0
"Pasar Baru","Gula Pasir",0,0,0,12500,12500,12500,12500,12500,0,0,0,0,0,0,0,0,0,0,0,0,12500,12500,0,0,12500,0,0,12500,12500,0
"Pasar Baru",Kentang,0,0,0,15000,15000,15000,15000,16000,0,0,0,0,0,0,0,0,0,0,0,0,16000,16000,0,0,15000,0,0,15000,15000,0
"Pasar Baru",Kedelai,0,0,0,12000,12000,12000,12000,12000,0,0,0,0,0,0,0,0,0,0,0,0,12000,12000,0,0,12000,0,0,12000,12000,0
"Pasar Baru","Tepung Terigu",0,0,0,7500,7500,7500,7500,7500,0,0,0,0,0,0,0,0,0,0,0,0,7500,7500,0,0,7500,0,0,7500,7500,0
"Pasar Baru","Bawang Putih",0,0,0,25000,25000,25000,25000,25000,0,0,0,0,0,0,0,0,0,0,0,0,35000,35000,0,0,35000,0,0,35000,35000,0
"Pasar Baru","Cabe Keriting",0,0,0,40000,40000,40000,40000,40000,0,0,0,0,0,0,0,0,0,0,0,0,40000,40000,0,0,35000,0,0,35000,35000,0
"Pasar Baru","Cabe Rawit",0,0,0,30000,30000,30000,30000,30000,0,0,0,0,0,0,0,0,0,0,0,0,40000,40000,0,0,40000,0,0,40000,40000,0
"Pasar Baru","Kacang Tanah",0,0,0,28000,28000,28000,28000,28000,0,0,0,0,0,0,0,0,0,0,0,0,28000,28000,0,0,28000,0,0,28000,28000,0
"Pasar Baru","Ubi Kayu",0,0,0,5000,5000,5000,5000,5000,0,0,0,0,0,0,0,0,0,0,0,0,5000,5000,0,0,5000,0,0,5000,5000,0
"Pasar Baru","Ubi Jalar",0,0,0,0,0,0,0,0,0,0,0,0,0,0,0,0,0,0,0,0,0,0,0,0,0,0,0,0,0,0
"Pasar Baru",Jagung,0,0,0,10000,10000,10000,10000,10000,0,0,0,0,0,0,0,0,0,0,0,0,12000,12000,0,0,12000,0,0,12000,12000,0
"Pasar Baru","Ikan Olahan",0,0,0,70000,70000,70000,70000,70000,0,0,0,0,0,0,0,0,0,0,0,0,70000,70000,0,0,70000,0,0,70000,70000,0
"Pasar Baru","Beras Premium",0,0,0,0,0,0,0,0,0,0,0,0,0,0,0,0,0,0,0,0,0,0,0,0,0,0,0,0,0,0
"Pasar Baru","Minyak Goreng Curah",0,0,0,12000,12000,12000,12000,12000,0,0,0,0,0,0,0,0,0,0,0,0,12000,12000,0,0,12000,0,0,12000,12000,0
"Pasar Baru","Daging Ayam Kampung",0,0,0,70000,70000,70000,70000,70000,0,0,0,0,0,0,0,0,0,0,0,0,70000,70000,0,0,70000,0,0,70000,70000,0
"Pasar Baru","Telur Ayam Kampung",0,0,0,45000,45000,45000,45000,45000,0,0,0,0,0,0,0,0,0,0,0,0,45000,45000,0,0,45000,0,0,45000,45000,0
"Pasar Baru","Susu Kental Manis Merk Bendera",0,0,0,11000,11000,11000,11000,11000,0,0,0,0,0,0,0,0,0,0,0,0,11000,11000,0,0,11000,0,0,11000,11000,0
"Pasar Baru","Susu Kental Manis Merk Indomilk",0,0,0,10000,10000,10000,10000,10000,0,0,0,0,0,0,0,0,0,0,0,0,10000,10000,0,0,10000,0,0,10000,10000,0
"Pasar Baru","Garam Beryodium Bata",0,0,0,3000,3000,3000,3000,3000,0,0,0,0,0,0,0,0,0,0,0,0,3000,3000,0,0,3000,0,0,3000,3000,0
"Pasar Baru","Garam Beryodium Halus",0,0,0,12000,12000,12000,12000,12000,0,0,0,0,0,0,0,0,0,0,0,0,12000,12000,0,0,12000,0,0,12000,12000,0
"Pasar Baru","Tepung Terigu Cakra Kembar",0,0,0,8000,0,0,0,8000,0,0,0,0,0,0,0,0,0,0,0,0,8000,8000,0,0,8000,0,0,8000,8000,0
"Pasar Baru","Tepung Terigu Kunci",0,0,0,7500,7500,7500,7500,7500,0,0,0,0,0,0,0,0,0,0,0,0,7500,7500,0,0,7500,0,0,7500,7500,0
"Pasar Baru","Mie Instan",0,0,0,2500,2500,2500,2500,2500,0,0,0,0,0,0,0,0,0,0,0,0,2500,2500,0,0,2500,0,0,2500,2500,0
"Pasar Baru","Cabe Rawit Hijau",0,0,0,25000,25000,25000,25000,25000,0,0,0,0,0,0,0,0,0,0,0,0,40000,35000,0,0,35000,0,0,40000,40000,0
"Pasar Baru","Kacang Hijau",0,0,0,24000,24000,24000,24000,24000,0,0,0,0,0,0,0,0,0,0,0,0,24000,24000,0,0,24000,0,0,24000,24000,0
"Pasar Baru","Susu Bubuk Dancow",0,0,0,36000,36000,36000,36000,36000,0,0,0,0,0,0,0,0,0,0,0,0,36000,36000,0,0,36000,0,0,25000,25000,0
"Pasar Baru","Susu Bubuk Indomilk",0,0,0,33500,33500,33500,33500,33500,0,0,0,0,0,0,0,0,0,0,0,0,33500,33500,0,0,33500,0,0,33500,33500,0
"Pasar Baru","Ikan Kembung",0,0,0,40000,40000,40000,40000,40000,0,0,0,0,0,0,0,0,0,0,0,0,40000,40000,0,0,40000,0,0,40000,40000,0
