lokasi,nama_komoditas,2016-06-03,2016-06-10,2016-06-17,2016-06-24,2016-06-01,2016-06-02,2016-06-06,2016-06-09,2016-06-13,2016-06-14,2016-06-15,2016-06-16,2016-06-20,2016-06-21,2016-06-22,2016-06-23,2016-06-27,2016-06-28,2016-06-29,2016-06-30,,
Pasar Baru,Beras Medium,10000,10000,10000,10000,0,10000,10000,10000,10000,10000,10000,10000,10000,10000,10000,10000,10000,10000,10000,10000,,
Pasar Baru,Cabe Merah,50000,60000,60000,50000,0,50000,60000,60000,60000,60000,60000,60000,50000,50000,50000,50000,50000,55000,55000,55000,,
Pasar Baru,Bawang Merah,40000,40000,40000,40000,0,40000,40000,40000,40000,40000,40000,40000,40000,40000,40000,40000,40000,0,0,40000,,
Pasar Baru,Daging Ayam Ras,38000,38000,38000,34000,0,38000,38000,38000,38000,38000,38000,38000,38000,34000,34000,34000,34000,36000,36000,36000,,
Pasar Baru,Telur Ayam Ras,24000,23000,23000,20000,0,24000,24000,23000,23000,23000,23000,23000,20000,20000,20000,20000,0,20000,20000,20000,,
Pasar Baru,Daging Sapi,125000,120000,120000,120000,0,120000,130000,120000,120000,12000,120000,120000,120000,120000,120000,120000,120000,120000,120000,120000,,
Pasar Baru,Minyak Goreng,14000,14000,14000,14000,0,14000,14000,14000,14000,14000,14000,14000,14000,14000,14000,14000,14000,14000,14000,14000,,
Pasar Baru,Gula Pasir,15000,15000,15000,16000,0,15000,15000,15000,15000,15000,15000,15000,16000,16000,16000,16000,16000,16000,16000,16000,,
Pasar Baru,Kentang,15000,18000,18000,18000,0,15000,18000,18000,18000,18000,18000,18000,18000,18000,18000,18000,18000,18000,0,18000,,
Pasar Baru,Kedelai,11000,11000,11000,11000,0,11000,11000,11000,11000,11000,11000,11000,11000,11000,11000,11000,0,11000,11000,11000,,
Pasar Baru,Tepung Terigu,7500,7500,7500,7500,0,7500,7500,7500,7500,7500,7500,7500,7500,7500,7500,7500,7500,7500,7500,0,,
Pasar Baru,Bawang Putih,40000,40000,40000,40000,0,40000,40000,40000,40000,40000,40000,40000,40000,40000,40000,40000,40000,0,40000,40000,,
Pasar Baru,Cabe Keriting,36000,40000,40000,20000,0,36000,40000,40000,40000,40000,40000,40000,20000,20000,20000,20000,0,35000,0,35000,,
Pasar Baru,Cabe Rawit,37000,40000,40000,30000,0,30000,40000,40000,40000,40000,40000,40000,30000,30000,30000,30000,30000,40000,40000,40000,,
Pasar Baru,Kacang Tanah,27000,27000,27000,27000,0,27000,27000,27000,27000,27000,27000,27000,27000,27000,27000,27000,27000,27000,27000,27000,,
Pasar Baru,Ubi Kayu,3000,3000,3000,3000,0,3000,3000,3000,3000,3000,3000,3000,3000,3000,3000,3000,3000,3000,3000,3000,,
Pasar Baru,Ubi Jalar,0,0,0,0,0,0,0,0,0,0,0,0,0,0,0,0,0,0,0,0,,
Pasar Baru,Jagung,9000,9000,9000,9000,0,9000,9000,9000,9000,9000,9000,9000,9000,9000,9000,9000,0,9000,9000,9000,,
Pasar Baru,Ikan Olahan,60000,60000,60000,60000,0,60000,60000,60000,60000,60000,60000,60000,60000,60000,60000,60000,60000,60000,60000,60000,,
Pasar Baru,Beras Premium,0,0,0,0,0,0,0,0,0,0,0,0,0,0,0,0,0,0,0,0,,
Pasar Baru,Minyak Goreng Curah,12000,12000,12000,12000,0,12000,12000,12000,12000,12000,12000,12000,12000,12000,12000,12000,12000,12000,12000,12000,,
Pasar Baru,Daging Ayam Kampung,65000,65000,65000,65000,0,65000,65000,65000,65000,65000,65000,65000,65000,65000,65000,65000,65000,65000,65000,65000,,
Pasar Baru,Telur Ayam Kampung,45000,45000,45000,45000,0,45000,45000,45000,45000,45000,45000,45000,45000,45000,45000,45000,45000,45000,45000,45000,,
Pasar Baru,Susu Kental Manis Merk Bendera,11000,11000,11000,11000,0,11000,11000,11000,11000,11000,11000,11000,11000,11000,11000,11000,11000,11000,0,11000,,
Pasar Baru,Susu Kental Manis Merk Indomilk,9500,9500,9500,9500,0,9500,9500,9500,9500,9500,9500,9500,9500,9500,9500,9500,9500,9500,9500,9500,,
Pasar Baru,Garam Beryodium Bata,1500,1500,1500,1500,0,1500,1500,1500,1500,1500,1500,1500,1500,1500,1500,1500,1500,1500,1500,1500,,
Pasar Baru,Garam Beryodium Halus,6000,6000,6000,6000,0,6000,6000,6000,6000,6000,6000,6000,6000,6000,6000,6000,6000,6000,0,6000,,
Pasar Baru,Tepung Terigu Cakra Kembar,8000,8000,8000,8000,0,8000,8000,8000,8000,8000,8000,8000,8000,8000,8000,8000,8000,0,8000,8000,,
Pasar Baru,Tepung Terigu Kunci,7500,7500,7500,7500,0,7500,7500,7500,7500,7500,7500,7500,7500,7500,7500,7500,7500,7500,7500,7500,,
Pasar Baru,Mie Instan,2000,2000,2000,2000,0,2000,2000,2000,2000,2000,2000,2000,2000,2000,2000,2000,2000,2000,2000,2000,,
Pasar Baru,Cabe Rawit Hijau,32000,28000,28000,36000,0,32000,28000,28000,28000,28000,28000,28000,36000,36000,36000,36000,36000,36000,36000,36000,,
Pasar Baru,Kacang Hijau,22000,22000,22000,22000,0,22000,22000,22000,22000,22000,22000,22000,22000,22000,22000,22000,22000,36000,36000,22000,,
Pasar Baru,Susu Bubuk Dancow,36000,36000,36000,36000,0,36000,36000,36000,36000,36000,36000,36000,36000,36000,36000,36000,36000,36000,36000,36000,,
Pasar Baru,Susu Bubuk Indomilk,33500,33500,33500,33500,0,33500,33500,33500,33500,33500,33500,33500,33500,33500,33500,0,33500,33500,33500,33500,,
Pasar Baru,Ikan Kembung,30000,30000,35000,35000,0,30000,30000,30000,30000,35000,35000,35000,35000,35000,35000,35000,35000,35000,35000,35000,,
