lokasi,nama_komoditas,2017-06-01,2017-06-02,2017-06-03,2017-06-04,2017-06-05,2017-06-06,2017-06-07,2017-06-08,2017-06-09,2017-06-10,2017-06-11,2017-06-12,2017-06-13,2017-06-14,2017-06-15,2017-06-16,2017-06-17,2017-06-18,2017-06-19,2017-06-20,2017-06-21,2017-06-22,2017-06-23,2017-06-24,2017-06-25,2017-06-26,2017-06-27,2017-06-28,2017-06-29,2017-06-30
"Pasar Kosambi","Beras Medium",10000,0,0,10000,10000,10000,10000,10000,0,0,10000,10000,10000,0,10000,0,0,10000,10000,0,10000,0,0,0,0,0,0,0,0,0
"Pasar Kosambi","Cabe Merah",60000,0,0,30000,30000,30000,30000,30000,0,0,40000,40000,40000,0,40000,0,0,60000,60000,0,70000,0,0,0,0,0,0,0,0,0
"Pasar Kosambi","Bawang Merah",35000,0,0,35000,35000,35000,35000,35000,0,0,35000,35000,35000,0,35000,0,0,35000,35000,0,40000,0,0,0,0,0,0,0,0,0
"Pasar Kosambi","Daging Ayam Ras",37000,0,0,34000,34000,34000,34000,34000,0,0,35000,35000,35000,0,35000,0,0,21000,38000,0,38000,0,0,0,0,0,0,0,0,0
"Pasar Kosambi","Telur Ayam Ras",22500,0,0,20000,20000,20000,20000,20000,0,0,20000,20000,20000,0,20000,0,0,40000,21000,0,21000,0,0,0,0,0,0,0,0,0
"Pasar Kosambi","Daging Sapi",120000,0,0,120000,120000,120000,120000,120000,0,0,120000,120000,120000,0,120000,0,0,120000,120000,0,120000,0,0,0,0,0,0,0,0,0
"Pasar Kosambi","Minyak Goreng",15000,0,0,15000,15000,15000,15000,15000,0,0,15000,15000,15000,0,15000,0,0,15000,15000,0,15000,0,0,0,0,0,0,0,0,0
"Pasar Kosambi","Gula Pasir",14000,0,0,14000,14000,14000,14000,14000,0,0,14000,14000,14000,0,14000,0,0,14000,14000,0,14000,0,0,0,0,0,0,0,0,0
"Pasar Kosambi",Kentang,18000,0,0,18000,18000,18000,18000,18000,0,0,18000,18000,18000,0,18000,0,0,24000,24000,0,24000,0,0,0,0,0,0,0,0,0
"Pasar Kosambi",Kedelai,11000,0,0,11000,11000,11000,11000,11000,0,0,11000,11000,11000,0,11000,0,0,11000,11000,0,11000,0,0,0,0,0,0,0,0,0
"Pasar Kosambi","Tepung Terigu",7500,0,0,7500,7500,7500,7500,7500,0,0,7500,7500,7500,0,7500,0,0,7500,7500,0,7500,0,0,0,0,0,0,0,0,0
"Pasar Kosambi","Bawang Putih",60000,0,0,60000,55000,55000,55000,55000,0,0,55000,55000,55000,0,55000,0,0,55000,55000,0,50000,0,0,0,0,0,0,0,0,0
"Pasar Kosambi","Cabe Keriting",40000,0,0,30000,30000,30000,30000,30000,0,0,40000,40000,40000,0,40000,0,0,40000,40000,0,40000,0,0,0,0,0,0,0,0,0
"Pasar Kosambi","Cabe Rawit",60000,0,0,60000,40000,40000,40000,40000,0,0,40000,40000,40000,0,40000,0,0,40000,40000,0,70000,0,0,0,0,0,0,0,0,0
"Pasar Kosambi","Kacang Tanah",28000,0,0,28000,28000,28000,28000,28000,0,0,28000,28000,28000,0,28000,0,0,28000,28000,0,28000,0,0,0,0,0,0,0,0,0
"Pasar Kosambi","Ubi Kayu",4000,0,0,4000,4000,4000,4000,4000,0,0,4000,4000,4000,0,4000,0,0,4000,4000,0,4000,0,0,0,0,0,0,0,0,0
"Pasar Kosambi","Ubi Jalar",0,0,0,0,0,0,0,0,0,0,0,0,0,0,0,0,0,0,0,0,0,0,0,0,0,0,0,0,0,0
"Pasar Kosambi",Jagung,12000,0,0,12000,12000,12000,12000,12000,0,0,12000,12000,12000,0,12000,0,0,12000,12000,0,12000,0,0,0,0,0,0,0,0,0
"Pasar Kosambi","Ikan Olahan",70000,0,0,0,0,70000,0,0,0,0,0,70000,0,0,0,0,0,70000,70000,0,0,0,0,0,0,0,0,0,0,0
"Pasar Kosambi","Beras Premium",0,0,0,0,0,0,0,0,0,0,0,0,0,0,0,0,0,0,0,0,0,0,0,0,0,0,0,0,0,0
"Pasar Kosambi","Minyak Goreng Curah",12500,0,0,12500,12500,12500,12500,12500,0,0,12500,12500,12500,0,12500,0,0,12500,12500,0,12500,0,0,0,0,0,0,0,0,0
"Pasar Kosambi","Daging Ayam Kampung",75000,0,0,75000,75000,75000,75000,75000,0,0,75000,75000,75000,0,75000,0,0,75000,75000,0,75000,0,0,0,0,0,0,0,0,0
"Pasar Kosambi","Telur Ayam Kampung",40000,0,0,40000,40000,40000,40000,40000,0,0,40000,40000,40000,0,40000,0,0,40000,40000,0,40000,0,0,0,0,0,0,0,0,0
"Pasar Kosambi","Susu Kental Manis Merk Bendera",10000,0,0,10000,10000,10000,10000,10000,0,0,10000,10000,10000,0,10000,0,0,10000,10000,0,10000,0,0,0,0,0,0,0,0,0
"Pasar Kosambi","Susu Kental Manis Merk Indomilk",9500,0,0,9500,9500,9500,9500,9500,0,0,9500,9500,9500,0,9500,0,0,9500,9500,0,9500,0,0,0,0,0,0,0,0,0
"Pasar Kosambi","Garam Beryodium Bata",1500,0,0,1500,1500,1500,1500,1500,0,0,1500,1500,1500,0,1500,0,0,1500,1500,0,1500,0,0,0,0,0,0,0,0,0
"Pasar Kosambi","Garam Beryodium Halus",6000,0,0,6000,6000,6000,6000,6000,0,0,6000,6000,6000,0,6000,0,0,6000,6000,0,6000,0,0,0,0,0,0,0,0,0
"Pasar Kosambi","Tepung Terigu Cakra Kembar",7500,0,0,7500,7500,7500,7500,7500,0,0,7500,7500,7500,0,7500,0,0,7500,7500,0,7500,0,0,0,0,0,0,0,0,0
"Pasar Kosambi","Tepung Terigu Kunci",7000,0,0,7000,7000,7000,7000,7000,0,0,7000,7000,7000,0,7000,0,0,7000,70000,0,7000,0,0,0,0,0,0,0,0,0
"Pasar Kosambi","Mie Instan",2300,0,0,2300,2300,2300,2300,2300,0,0,2300,2300,2300,0,2300,0,0,2300,2300,0,2300,0,0,0,0,0,0,0,0,0
"Pasar Kosambi","Cabe Rawit Hijau",30000,0,0,30000,30000,30000,30000,30000,0,0,40000,40000,40000,0,40000,0,0,40000,40000,0,40000,0,0,0,0,0,0,0,0,0
"Pasar Kosambi","Kacang Hijau",19000,0,0,19000,19000,19000,19000,19000,0,0,19000,28000,28000,0,19000,0,0,19000,19000,0,19000,0,0,0,0,0,0,0,0,0
"Pasar Kosambi","Susu Bubuk Dancow",0,0,0,34500,34500,0,34500,34500,0,0,34500,0,34500,0,34500,0,0,0,0,0,34500,0,0,0,0,0,0,0,0,0
"Pasar Kosambi","Susu Bubuk Indomilk",30000,0,0,30000,30000,30000,30000,30000,0,0,30000,30000,30000,0,30000,0,0,30000,30000,0,30000,0,0,0,0,0,0,0,0,0
"Pasar Kosambi","Ikan Kembung",32000,0,0,35000,35000,35000,35000,35000,0,0,35000,19000,19000,0,35000,0,0,35000,35000,0,35000,0,0,0,0,0,0,0,0,0
