lokasi,nama_komoditas,2016-09-01,2016-09-02,2016-09-06,2016-09-07,2016-09-08,2016-09-09,2016-09-13,2016-09-14,2016-09-15,2016-09-16,2016-09-19,2016-09-21,2016-09-22,2016-09-23,2016-09-26,2016-09-27,2016-09-28,2016-09-30,2016-09-05,,,
Pasar Baru,Beras Medium,10000,10000,10000,0,10000,10000,10000,10000,10000,10000,10000,10000,10000,10000,10000,10000,10000,10000,10000,,,
Pasar Baru,Cabe Merah,35000,35000,60000,0,60000,60000,50000,50000,50000,50000,50000,50000,50000,50000,50000,0,50000,50000,60000,,,
Pasar Baru,Bawang Merah,40000,40000,45000,0,45000,45000,45000,45000,45000,45000,45000,45000,45000,45000,45000,45000,45000,45000,45000,,,
Pasar Baru,Daging Ayam Ras,33000,33000,33000,0,33000,36000,38000,38000,38000,38000,35000,35000,35000,35000,35000,35000,35000,35000,33000,,,
Pasar Baru,Telur Ayam Ras,20000,20000,20000,0,20000,20000,20000,20000,20000,20000,20000,20000,20000,20000,20000,20000,20000,20000,20000,,,
Pasar Baru,Daging Sapi,120000,120000,120000,0,120000,120000,120000,120000,120000,120000,120000,120000,120000,120000,120000,120000,120000,120000,120000,,,
Pasar Baru,Minyak Goreng,14000,14000,14000,0,14000,14000,14000,14000,14000,14000,14000,14000,14000,0,14000,14000,14000,14000,14000,,,
Pasar Baru,Gula Pasir,16000,16000,16000,0,0,16000,16000,16000,16000,16000,16000,16000,16000,16000,16000,16000,16000,16000,16000,,,
Pasar Baru,Kentang,0,20000,20000,0,20000,20000,20000,20000,20000,20000,20000,20000,20000,20000,20000,20000,20000,20000,20000,,,
Pasar Baru,Kedelai,11000,11000,11000,0,11000,11000,11000,11000,11000,11000,11000,11000,11000,11000,11000,11000,11000,11000,11000,,,
Pasar Baru,Tepung Terigu,7500,7500,7500,0,7500,7500,7500,7500,7500,7500,7500,7500,7500,7500,7500,7500,7500,7500,7500,,,
Pasar Baru,Bawang Putih,38000,38000,0,0,38000,38000,38000,38000,38000,38000,38000,38000,38000,38000,38000,38000,38000,38000,38000,,,
Pasar Baru,Cabe Keriting,30000,30000,50000,0,50000,60000,50000,50000,50000,50000,50000,50000,50000,50000,50000,50000,50000,50000,50000,,,
Pasar Baru,Cabe Rawit,55000,55000,60000,0,60000,60000,50000,50000,50000,50000,50000,50000,0,50000,50000,50000,50000,50000,60000,,,
Pasar Baru,Kacang Tanah,30000,30000,30000,0,30000,0,30000,30000,0,30000,30000,0,30000,30000,30000,30000,30000,30000,30000,,,
Pasar Baru,Ubi Kayu,3000,3000,3000,0,3000,3000,3000,3000,3000,3000,3000,3000,3000,3000,3000,3000,0,3000,3000,,,
Pasar Baru,Ubi Jalar,0,0,0,0,0,0,0,0,0,0,0,0,0,0,0,0,0,0,0,,,
Pasar Baru,Jagung,9000,9000,9000,0,9000,9000,9000,9000,9000,9000,9000,9000,9000,9000,9000,9000,9000,9000,9000,,,
Pasar Baru,Ikan Olahan,60000,60000,60000,0,60000,60000,60000,60000,60000,60000,60000,60000,60000,60000,60000,60000,60000,60000,60000,,,
Pasar Baru,Beras Premium,0,0,0,0,0,0,0,0,0,0,0,0,0,0,0,0,0,0,0,,,
Pasar Baru,Minyak Goreng Curah,12000,12000,12000,0,12000,12000,12000,12000,12000,12000,12000,12000,12000,12000,12000,12000,12000,12000,12000,,,
Pasar Baru,Daging Ayam Kampung,70000,70000,70000,0,70000,70000,70000,70000,70000,70000,70000,70000,70000,70000,0,70000,70000,70000,70000,,,
Pasar Baru,Telur Ayam Kampung,45000,45000,45000,0,45000,45000,45000,45000,45000,45000,45000,45000,45000,45000,45000,45000,45000,45000,45000,,,
Pasar Baru,Susu Kental Manis Merk Bendera,11000,11000,11000,0,11000,11000,11000,11000,11000,11000,11000,11000,11000,11000,11000,11000,11000,11000,11000,,,
Pasar Baru,Susu Kental Manis Merk Indomilk,9500,9500,9500,0,9500,9500,9500,0,9500,9500,9500,9500,9500,9500,9500,9500,9500,9500,9500,,,
Pasar Baru,Garam Beryodium Bata,1500,1500,1500,0,1500,1500,1500,1500,1500,1500,1500,1500,1500,1500,1500,1500,1500,1500,1500,,,
Pasar Baru,Garam Beryodium Halus,6000,6000,6000,0,6000,6000,0,6000,6000,6000,6000,6000,6000,6000,6000,6000,6000,6000,6000,,,
Pasar Baru,Tepung Terigu Cakra Kembar,8000,8000,8000,0,8000,8000,8000,8000,8000,8000,8000,8000,8000,8000,8000,8000,8000,8000,8000,,,
Pasar Baru,Tepung Terigu Kunci,7500,7500,7500,0,7500,7500,7500,7500,7500,0,7500,7500,7500,7500,7500,7500,7500,7500,0,,,
Pasar Baru,Mie Instan,2500,2500,2500,0,2500,2500,2500,2500,2500,2500,2500,2500,2500,2500,2500,2500,2500,2500,2500,,,
Pasar Baru,Cabe Rawit Hijau,40000,40000,50000,0,50000,50000,40000,40000,40000,40000,40000,40000,40000,40000,40000,40000,40000,40000,50000,,,
Pasar Baru,Kacang Hijau,22000,22000,22000,0,22000,22000,22000,22000,22000,22000,22000,22000,22000,22000,22000,22000,22000,22000,22000,,,
Pasar Baru,Susu Bubuk Dancow,36000,36000,36000,0,36000,36000,36000,36000,36000,36000,36000,36000,36000,36000,36000,36000,36000,0,36000,,,
Pasar Baru,Susu Bubuk Indomilk,33500,33500,33500,0,33500,33500,33500,33500,33500,33500,33500,33500,33500,33500,33500,33500,33500,33500,33500,,,
Pasar Baru,Ikan Kembung,35000,0,35000,0,35000,35000,35000,35000,35000,35000,0,35000,35000,35000,35000,35000,35000,35000,35000,,,
