lokasi,nama_komoditas,01/11/18,02/11/18,03/11/18,04/11/18,05/11/18,06/11/18,07/11/18,08/11/18,09/11/18,10/11/18,11/11/18,12/11/18,13/11/18,14/11/18,15/11/18,16/11/18,17/11/18,18/11/18,19/11/18,20/11/18,21/11/18,22/11/18,23/11/18,24/11/18,25/11/18,26/11/18,27/11/18,28/11/18,29/11/18,30/11/18
Pasar Kosambi,Beras Medium,0,10500,0,0,10500,10500,0,10500,10500,0,0,10500,10500,10500,10500,0,0,0,0,0,0,0,0,0,0,10500,10500,10500,10500,10500
Pasar Kosambi,Cabe Merah,0,50000,0,0,50000,50000,0,50000,50000,0,0,50000,50000,50000,50000,0,0,0,0,0,0,0,0,0,0,60000,60000,50000,50000,50000
Pasar Kosambi,Bawang Merah,0,25000,0,0,25000,25000,0,25000,25000,0,0,32000,32000,32000,32000,0,0,0,0,0,0,0,0,0,0,30000,30000,30000,30000,30000
Pasar Kosambi,Daging Ayam Ras,0,35000,0,0,35000,35000,0,36000,36000,0,0,35000,35000,35000,36000,0,0,0,0,0,0,0,0,0,0,35000,35000,35000,35000,35000
Pasar Kosambi,Telur Ayam Ras,0,21000,0,0,22000,22000,0,21000,21000,0,0,21000,21000,21000,21000,0,0,0,0,0,0,0,0,0,0,24000,24000,25000,25000,25000
Pasar Kosambi,Daging Sapi,0,120000,0,0,120000,120000,0,120000,120000,0,0,120000,120000,120000,120000,0,0,0,0,0,0,0,0,0,0,120000,120000,120000,120000,120000
Pasar Kosambi,Minyak Goreng,0,15000,0,0,15000,15000,0,15000,15000,0,0,15000,15000,15000,15000,0,0,0,0,0,0,0,0,0,0,15000,15000,15000,15000,15000
Pasar Kosambi,Gula Pasir,0,12500,0,0,12500,12500,0,12500,12500,0,0,12500,12500,12500,12500,0,0,0,0,0,0,0,0,0,0,12500,12500,12500,12500,12500
Pasar Kosambi,Kentang,0,15000,0,0,15000,15000,0,15000,15000,0,0,15000,15000,15000,15000,0,0,0,0,0,0,0,0,0,0,15000,15000,15000,15000,15000
Pasar Kosambi,Kedelai,0,10000,0,0,10000,10000,0,10000,10000,0,0,10000,10000,10000,10000,0,0,0,0,0,0,0,0,0,0,10000,10000,10000,10000,10000
Pasar Kosambi,Tepung Terigu,0,7500,0,0,7500,7500,0,7500,7500,0,0,7500,7500,7500,7500,0,0,0,0,0,0,0,0,0,0,7500,7500,7500,7500,7500
Pasar Kosambi,Bawang Putih,0,28000,0,0,28000,28000,0,28000,28000,0,0,28000,28000,28000,28000,0,0,0,0,0,0,0,0,0,0,25000,25000,25000,25000,25000
Pasar Kosambi,Cabe Keriting,0,50000,0,0,50000,50000,0,50000,50000,0,0,50000,50000,50000,50000,0,0,0,0,0,0,0,0,0,0,40000,40000,30000,30000,30000
Pasar Kosambi,Cabe Rawit,0,30000,0,0,30000,30000,0,30000,30000,0,0,40000,40000,40000,45000,0,0,0,0,0,0,0,0,0,0,30000,30000,40000,40000,40000
Pasar Kosambi,Kacang Tanah,0,24000,0,0,24000,24000,0,24000,24000,0,0,24000,24000,24000,24000,0,0,0,0,0,0,0,0,0,0,24000,24000,24000,24000,24000
Pasar Kosambi,Ubi Kayu,0,4000,0,0,4000,4000,0,4000,4000,0,0,4000,4000,4000,4000,0,0,0,0,0,0,0,0,0,0,4000,4000,4000,4000,4000
Pasar Kosambi,Ubi Jalar,0,0,0,0,0,0,0,0,0,0,0,0,0,0,0,0,0,0,0,0,0,0,0,0,0,0,0,0,0,0
Pasar Kosambi,Jagung,0,10000,0,0,10000,10000,0,10000,10000,0,0,10000,10000,10000,10000,0,0,0,0,0,0,0,0,0,0,10000,10000,10000,10000,10000
Pasar Kosambi,Ikan Olahan,0,80000,0,0,80000,80000,0,80000,80000,0,0,80000,80000,80000,80000,0,0,0,0,0,0,0,0,0,0,80000,80000,80000,80000,80000
Pasar Kosambi,Beras Premium,0,0,0,0,0,0,0,0,0,0,0,0,0,0,0,0,0,0,0,0,0,0,0,0,0,0,0,0,0,0
Pasar Kosambi,Minyak Goreng Curah,0,12000,0,0,12000,12000,0,12000,12000,0,0,12000,12000,12000,12000,0,0,0,0,0,0,0,0,0,0,12000,12000,12000,12000,12000
Pasar Kosambi,Daging Ayam Kampung,0,75000,0,0,75000,75000,0,75000,75000,0,0,75000,75000,75000,75000,0,0,0,0,0,0,0,0,0,0,75000,75000,75000,75000,75000
Pasar Kosambi,Telur Ayam Kampung,0,45000,0,0,45000,45000,0,45000,45000,0,0,45000,45000,45000,45000,0,0,0,0,0,0,0,0,0,0,45000,45000,45000,45000,45000
Pasar Kosambi,Susu Kental Manis Merk Bendera,0,10000,0,0,10000,10000,0,10000,10000,0,0,10000,10000,10000,10000,0,0,0,0,0,0,0,0,0,0,10000,10000,10000,10000,10000
Pasar Kosambi,Susu Kental Manis Merk Indomilk,0,9500,0,0,9500,9500,0,9500,9500,0,0,9500,9500,9500,9500,0,0,0,0,0,0,0,0,0,0,9500,9500,9500,9500,9500
Pasar Kosambi,Garam Beryodium Bata,0,2500,0,0,2500,2500,0,2500,2500,0,0,2500,2500,2500,2500,0,0,0,0,0,0,0,0,0,0,2500,2500,2500,2500,2500
Pasar Kosambi,Garam Beryodium Halus,0,12000,0,0,12000,12000,0,12000,12000,0,0,12000,12000,12000,12000,0,0,0,0,0,0,0,0,0,0,12000,12000,12000,12000,12000
Pasar Kosambi,Tepung Terigu Cakra Kembar,0,7500,0,0,7500,7500,0,7500,7500,0,0,7500,7500,7500,7500,0,0,0,0,0,0,0,0,0,0,7500,7500,7500,7500,7500
Pasar Kosambi,Tepung Terigu Kunci,0,7000,0,0,7000,7000,0,7000,7000,0,0,7000,7000,7000,7000,0,0,0,0,0,0,0,0,0,0,7000,7000,7000,7000,7000
Pasar Kosambi,Mie Instan,0,2300,0,0,2300,2300,0,2300,2300,0,0,2300,2300,2300,2300,0,0,0,0,0,0,0,0,0,0,2300,2300,2300,2300,2300
Pasar Kosambi,Cabe Rawit Hijau,0,30000,0,0,35000,35000,0,35000,35000,0,0,30000,30000,30000,30000,0,0,0,0,0,0,0,0,0,0,25000,25000,35000,35000,35000
Pasar Kosambi,Kacang Hijau,0,20000,0,0,20000,20000,0,20000,20000,0,0,20000,20000,20000,20000,0,0,0,0,0,0,0,0,0,0,20000,20000,20000,20000,20000
Pasar Kosambi,Susu Bubuk Dancow,0,34500,0,0,34500,34500,0,34500,34500,0,0,34500,34500,34500,34500,0,0,0,0,0,0,0,0,0,0,34500,34500,34500,34500,34500
Pasar Kosambi,Susu Bubuk Indomilk,0,30000,0,0,30000,30000,0,30000,30000,0,0,30000,30000,30000,30000,0,0,0,0,0,0,0,0,0,0,30000,30000,30000,30000,30000
Pasar Kosambi,Ikan Kembung,0,45000,0,0,45000,45000,0,45000,45000,0,0,45000,45000,45000,45000,0,0,0,0,0,0,0,0,0,0,45000,45000,45000,45000,45000