nama_kecamatan,iud_sisa_bulan_lalu,kondom_sisa_bulan_lalu,implant_sisa_bulan_lalu,suntikan_sisa_bulan_lalu,pil_sisa_bulan_lalu,iud_diterima_bulan_ini,kondom_diterima_bulan_ini,implant_diterima_bulan_ini,suntikan_diterima_bulan_ini,pil_keluar_bulan_ini,iud_keluar_bulan_ini,kondom_keluar_bulan_ini,implant_keluar_bulan_ini,suntikan_keluar_bulan_ini,pil_diterima_bulan_ini,iud_sisa_akhir_bulan_ini,kondom_sisa_akhir_bulan_ini,implant_sisa_akhir_bulan_ini,suntikan_sisa_akhir_bulan_ini,pil_sisa_akhir_bulan_ini
Sukasari,182,75,43,316,666,0,24,0,400,500,17,16,2,297,193,165,83,41,419,973
Coblong,133,58,47,280,1107,25,60,10,460,200,11,24,0,150,139,147,94,57,590,1168
Babakan Ciparay,111,826,25,411,684,0,12,0,200,100,6,16,3,89,102,105,822,22,522,682
Bojongloa Kaler,99,102,125,129,696,0,24,0,200,100,10,11,1,188,155,89,115,124,141,641
Andir,39,22,0,29,382,0,0,0,0,0,1,0,0,22,1,38,22,0,7,381
Cicendo,29,104,5,442,423,100,0,0,200,100,6,24,1,57,15,123,80,4,585,508
Sukajadi,16,40,0,92,242,150,72,0,358,300,138,54,0,440,425,28,58,0,10,117
Cidadap,95,71,30,239,1344,0,0,0,300,0,8,8,0,78,4,87,63,30,461,1340
Bandung Wetan,50,67,22,631,1359,25,0,0,0,0,16,8,2,42,13,59,59,20,589,1346
Astana Anyar,115,24,2,633,639,0,48,0,300,500,0,14,0,195,126,115,58,2,738,1013
Regol,183,165,35,1218,1768,125,24,0,300,145,43,13,0,61,91,265,176,35,1457,1822
Batununggal,151,74,28,410,1848,25,48,0,500,0,9,15,2,144,58,167,107,26,766,1790
Lengkong,151,104,25,458,1041,50,0,0,240,100,3,51,1,81,38,198,53,24,617,1103
Cibeunying Kidul,116,12,10,267,432,50,36,10,175,200,8,9,1,121,55,158,39,19,321,577
Bandung Kulon,88,22,16,434,1423,50,36,0,300,200,6,32,5,111,40,132,26,11,623,1583
Kiaracondong,90,23,8,358,591,25,24,0,100,0,4,12,1,92,30,111,35,7,366,561
Bojongloa Kidul,33,4,7,280,286,0,12,0,100,100,5,4,0,2,1,28,12,7,378,385
Cibeunying Kaler,14,0,0,200,270,0,0,0,0,0,7,0,0,38,40,7,0,0,162,230
Sumur Bandung,6,31,5,378,1406,0,0,0,0,0,0,0,0,0,0,6,31,5,378,1406
Antapani,135,111,30,630,1763,0,0,0,0,0,0,3,0,94,36,135,108,30,536,1727
Bandung Kidul,155,42,34,338,820,0,0,0,0,0,3,1,0,34,28,152,41,34,304,792
Buahbatu,70,42,32,141,854,0,0,0,130,100,6,13,4,128,38,64,29,28,143,916
Rancasari,58,56,24,113,230,0,0,0,200,200,19,12,3,170,25,39,44,21,143,405
Arcamanik,153,198,8,314,1151,25,368,0,200,0,12,156,0,79,772,166,410,8,435,379
Cibiru,118,64,24,492,493,0,0,0,0,0,8,2,2,139,108,110,62,22,353,385
Ujung Berung,14,7,0,245,270,25,0,10,100,0,6,3,1,305,23,33,4,9,40,247
Gedebage,93,26,18,337,787,0,24,0,100,0,49,4,0,65,22,44,46,18,372,765
Panyileukan,120,24,16,283,353,0,0,10,0,0,10,5,6,42,40,110,19,20,241,313
Cinambo,123,90,61,387,771,0,24,0,100,0,51,2,0,26,0,72,112,61,461,771
Mandalajati,93,64,19,862,3461,25,24,0,300,200,4,0,2,72,107,114,88,17,1090,3554