lokasi,nama_komoditas,2016-08-05,2016-08-01,2016-08-03,2016-08-04,2016-08-08,2016-08-09,2016-08-10,2016-08-11,2016-08-15,2016-08-16,2016-08-18,2016-08-19,2016-08-22,2016-08-24,2016-08-25,2016-08-26,2016-08-29,2016-08-30,2016-08-31,2016-08-02,2016-08-12,
Pasar Sederhana,Beras Medium,10000,10000,10000,10000,10000,10000,0,10000,10000,10000,10000,10000,10000,10000,10000,10000,10000,10000,10000,10000,0,
Pasar Sederhana,Cabe Merah,40000,40000,40000,0,40000,40000,40000,40000,40000,40000,40000,40000,40000,40000,40000,40000,30000,30000,30000,40000,0,
Pasar Sederhana,Bawang Merah,48000,48000,48000,48000,48000,48000,48000,48000,48000,48000,48000,48000,48000,48000,48000,48000,45000,45000,0,0,0,
Pasar Sederhana,Daging Ayam Ras,34000,34000,34000,34000,34000,34000,34000,34000,34000,34000,34000,34000,34000,34000,34000,34000,33000,33000,33000,34000,0,
Pasar Sederhana,Telur Ayam Ras,23000,23000,23000,23000,23000,23000,23000,0,23000,23000,23000,23000,23000,23000,23000,23000,21000,21000,21000,23000,0,
Pasar Sederhana,Daging Sapi,120000,120000,120000,120000,120000,120000,120000,120000,120000,120000,120000,120000,120000,120000,120000,0,120000,120000,120000,120000,0,
Pasar Sederhana,Minyak Goreng,14500,14500,14500,14500,14500,14500,14500,14500,14500,14500,14500,14500,14500,14500,14500,14500,14500,14500,14500,14500,0,
Pasar Sederhana,Gula Pasir,16000,16000,16000,16000,16000,16000,16000,16000,16000,16000,16000,16000,16000,16000,16000,16000,16000,16000,16000,16000,0,
Pasar Sederhana,Kentang,0,22000,22000,22000,22000,22000,22000,22000,22000,22000,22000,0,22000,22000,22000,22000,20000,20000,20000,22000,0,
Pasar Sederhana,Kedelai,12000,12000,0,12000,12000,12000,12000,12000,0,12000,0,12000,12000,12000,12000,12000,12000,12000,12000,12000,0,
Pasar Sederhana,Tepung Terigu,8000,8000,8000,8000,8000,8000,8000,8000,8000,8000,8000,8000,8000,8000,8000,8000,8000,8000,8000,7500,0,
Pasar Sederhana,Bawang Putih,35000,35000,35000,35000,35000,35000,35000,35000,35000,35000,35000,35000,35000,35000,35000,35000,35000,35000,35000,35000,0,
Pasar Sederhana,Cabe Keriting,34000,34000,34000,34000,34000,34000,34000,34000,34000,34000,34000,34000,0,34000,34000,34000,34000,34000,34000,34000,0,
Pasar Sederhana,Cabe Rawit,60000,60000,60000,60000,60000,60000,60000,60000,60000,60000,60000,60000,60000,60000,60000,60000,50000,50000,50000,60000,0,
Pasar Sederhana,Kacang Tanah,30000,30000,30000,30000,30000,30000,30000,30000,30000,30000,30000,30000,30000,30000,30000,30000,30000,30000,30000,30000,0,
Pasar Sederhana,Ubi Kayu,4000,4000,4000,4000,4000,4000,4000,4000,4000,4000,4000,4000,4000,4000,4000,4000,4000,4000,4000,4000,0,
Pasar Sederhana,Ubi Jalar,0,0,0,0,0,0,0,0,0,0,0,0,0,0,0,0,0,0,0,0,0,
Pasar Sederhana,Jagung,7000,7000,7000,7000,7000,7000,7000,7000,7000,7000,7000,7000,7000,7000,7000,7000,7000,7000,7000,7000,0,
Pasar Sederhana,Ikan Olahan,70000,70000,70000,70000,70000,70000,70000,70000,70000,70000,70000,70000,70000,70000,70000,70000,70000,70000,70000,70000,0,
Pasar Sederhana,Beras Premium,0,0,0,0,0,0,0,0,0,0,0,0,0,0,0,0,0,0,0,0,0,
Pasar Sederhana,Minyak Goreng Curah,12000,12000,12000,12000,12000,12000,12000,12000,12000,0,12000,12000,12000,12000,12000,12000,12000,12000,12000,12000,0,
Pasar Sederhana,Daging Ayam Kampung,75000,75000,75000,75000,75000,75000,75000,75000,75000,75000,75000,75000,75000,75000,75000,75000,75000,75000,75000,75000,0,
Pasar Sederhana,Telur Ayam Kampung,44000,44000,44000,44000,44000,44000,44000,44000,44000,44000,44000,44000,44000,44000,44000,44000,44000,44000,44000,44000,0,
Pasar Sederhana,Susu Kental Manis Merk Bendera,10000,10000,10000,10000,10000,10000,10000,10000,10000,10000,10000,10000,10000,10000,10000,10000,10000,10000,10000,10000,0,
Pasar Sederhana,Susu Kental Manis Merk Indomilk,9500,9500,9500,9500,9500,9500,9500,9500,9500,9500,9500,9500,9500,9500,9500,9500,9500,9500,9500,9500,0,
Pasar Sederhana,Garam Beryodium Bata,1500,1500,1500,1500,1500,1500,1500,1500,1500,1500,1500,1500,1500,1500,1500,1500,1500,1500,1500,1500,0,
Pasar Sederhana,Garam Beryodium Halus,6000,6000,6000,6000,6000,6000,6000,6000,6000,6000,6000,6000,6000,6000,6000,6000,6000,6000,6000,6000,0,
Pasar Sederhana,Tepung Terigu Cakra Kembar,8500,8500,8500,8500,8500,8500,8500,8500,8500,8500,8500,8500,8500,8500,8500,8500,8500,8500,8500,8500,0,
Pasar Sederhana,Tepung Terigu Kunci,7500,7500,7500,7500,7500,7500,7500,7500,7500,7500,7500,7500,7500,7500,7500,7500,7500,7500,7500,7500,0,
Pasar Sederhana,Mie Instan,2200,2200,2200,2200,2200,2200,2200,2200,2200,2200,2200,2200,2200,2200,2200,2200,2200,2200,2200,2200,0,
Pasar Sederhana,Cabe Rawit Hijau,35000,35000,35000,35000,35000,0,35000,35000,35000,35000,35000,35000,35000,35000,35000,35000,35000,35000,35000,35000,0,
Pasar Sederhana,Kacang Hijau,24000,24000,24000,24000,24000,24000,24000,24000,24000,24000,24000,24000,24000,24000,24000,24000,24000,24000,24000,24000,0,
Pasar Sederhana,Susu Bubuk Dancow,41200,41200,41200,41200,41200,41200,41200,41200,41200,41200,41200,41200,41200,41200,41200,41200,41200,41200,41200,41200,0,
Pasar Sederhana,Susu Bubuk Indomilk,36500,36500,36500,36500,36500,36500,36500,36500,36500,36500,36500,36500,36500,36500,36500,36500,36500,36500,36500,36500,0,
Pasar Sederhana,Ikan Kembung,30000,30000,30000,30000,0,30000,30000,30000,30000,30000,30000,30000,30000,30000,30000,30000,0,0,30000,30000,0,
