lokasi,nama_komoditas,2018-07-01,2018-07-02,2018-07-03,2018-07-04,2018-07-05,2018-07-06,2018-07-07,2018-07-08,2018-07-09,2018-07-10,2018-07-11,2018-07-12,2018-07-13,2018-07-14,2018-07-15,2018-07-16,2018-07-17,2018-07-18,2018-07-19,2018-07-20,2018-07-21,2018-07-22,2018-07-23,2018-07-24,2018-07-25,2018-07-26,2018-07-27,2018-07-28,2018-07-29,2018-07-30,2018-07-31
"Pasar Sederhana","Beras Medium",0,11000,11000,11000,11000,11000,0,0,11000,11000,11000,0,0,0,0,0,11000,11000,11000,0,0,0,11000,11000,11000,11000,11000,0,0,11000,11000
"Pasar Sederhana","Cabe Merah",0,40000,40000,40000,40000,40000,0,0,60000,60000,60000,0,0,0,0,0,60000,60000,60000,0,0,0,50000,5000,5000,50000,50000,0,0,40000,40000
"Pasar Sederhana","Bawang Merah",0,30000,30000,30000,30000,30000,0,0,32000,32000,32000,0,0,0,0,0,35000,35000,35000,0,0,0,30000,30000,30000,30000,30000,0,0,28000,28000
"Pasar Sederhana","Daging Ayam Ras",0,37000,37000,37000,37000,37000,0,0,40000,40000,40000,0,0,0,0,0,42000,42000,42000,0,0,0,42000,42000,42000,42000,42000,0,0,40000,40000
"Pasar Sederhana","Telur Ayam Ras",0,27000,27000,27000,24000,24000,0,0,28000,28000,28000,0,0,0,0,0,28000,28000,28000,0,0,0,27000,26000,26000,25000,25000,0,0,25000,25000
"Pasar Sederhana","Daging Sapi",0,115000,115000,115000,115000,115000,0,0,120000,120000,120000,0,0,0,0,0,120000,120000,120000,0,0,0,120000,120000,120000,120000,120000,0,0,120000,120000
"Pasar Sederhana","Minyak Goreng",0,14000,14000,14000,14000,14000,0,0,14000,14000,14000,0,0,0,0,0,14000,14000,14000,0,0,0,14000,14000,14000,14000,14000,0,0,14000,14000
"Pasar Sederhana","Gula Pasir",0,12500,12500,12500,12500,12500,0,0,12500,12500,12500,0,0,0,0,0,12500,12500,12500,0,0,0,12500,12500,12500,12500,12500,0,0,12500,12500
"Pasar Sederhana",Kentang,0,15000,15000,15000,15000,15000,0,0,15000,15000,15000,0,0,0,0,0,15000,15000,15000,0,0,0,15000,15000,15000,15000,15000,0,0,14000,14000
"Pasar Sederhana",Kedelai,0,12000,12000,12000,12000,12000,0,0,12000,12000,12000,0,0,0,0,0,12000,12000,12000,0,0,0,12000,12000,12000,12000,12000,0,0,12000,12000
"Pasar Sederhana","Tepung Terigu",0,7500,7500,7500,7500,7500,0,0,7500,7500,7500,0,0,0,0,0,7500,7500,7500,0,0,0,7500,7500,7500,7500,7500,0,0,7500,7500
"Pasar Sederhana","Bawang Putih",0,30000,30000,30000,30000,32000,0,0,28000,28000,28000,0,0,0,0,0,28000,28000,28000,0,0,0,28000,28000,28000,30000,28000,0,0,26000,26000
"Pasar Sederhana","Cabe Keriting",0,30000,30000,30000,30000,30000,0,0,40000,40000,40000,0,0,0,0,0,40000,40000,40000,0,0,0,40000,40000,40000,40000,40000,0,0,40000,40000
"Pasar Sederhana","Cabe Rawit",0,55000,55000,55000,55000,55000,0,0,70000,70000,70000,0,0,0,0,0,80000,65000,65000,0,0,0,55000,55000,55000,55000,55000,0,0,50000,50000
"Pasar Sederhana","Kacang Tanah",0,27000,27000,27000,27000,27000,0,0,27000,27000,27000,0,0,0,0,0,27000,27000,27000,0,0,0,27000,27000,27000,27000,27000,0,0,27000,27000
"Pasar Sederhana","Ubi Kayu",0,5000,5000,5000,5000,5000,0,0,5000,5000,5000,0,0,0,0,0,5000,5000,5000,0,0,0,5000,5000,44000,5000,44000,0,0,5000,5000
"Pasar Sederhana","Ubi Jalar",0,0,0,0,0,0,0,0,0,0,0,0,0,0,0,0,0,0,0,0,0,0,0,0,0,0,0,0,0,0,0
"Pasar Sederhana",Jagung,0,10000,10000,10000,10000,10000,0,0,10000,10000,10000,0,0,0,0,0,10000,10000,10000,0,0,0,10000,10000,10000,10000,10000,0,0,12000,12000
"Pasar Sederhana","Ikan Olahan",0,70000,70000,70000,7000,70000,0,0,70000,70000,70000,0,0,0,0,0,70000,70000,70000,0,0,0,70000,70000,70000,70000,70000,0,0,70000,70000
"Pasar Sederhana","Beras Premium",0,0,0,0,0,0,0,0,0,0,0,0,0,0,0,0,0,0,0,0,0,0,0,0,0,0,0,0,0,0,0
"Pasar Sederhana","Minyak Goreng Curah",0,12000,12000,12000,12000,12000,0,0,12000,12000,12000,0,0,0,0,0,12000,12000,12000,0,0,0,12000,12000,12000,12000,12000,0,0,12000,12000
"Pasar Sederhana","Daging Ayam Kampung",0,70000,70000,70000,70000,70000,0,0,70000,70000,70000,0,0,0,0,0,70000,70000,70000,0,0,0,70000,70000,70000,70000,70000,0,0,70000,70000
"Pasar Sederhana","Telur Ayam Kampung",0,44000,44000,44000,44000,44000,0,0,44000,44000,44000,0,0,0,0,0,44000,44000,44000,0,0,0,44000,44000,44000,44000,44000,0,0,44000,44000
"Pasar Sederhana","Susu Kental Manis Merk Bendera",0,10000,10000,10000,10000,10000,0,0,10000,10000,10000,0,0,0,0,0,10000,10000,10000,0,0,0,10000,10000,10000,10000,10000,0,0,10000,10000
"Pasar Sederhana","Susu Kental Manis Merk Indomilk",0,10000,10000,10000,10000,10000,0,0,10000,10000,10000,0,0,0,0,0,10000,10000,10000,0,0,0,10000,10000,10000,10000,10000,0,0,10000,10000
"Pasar Sederhana","Garam Beryodium Bata",0,3500,3500,3500,3500,3500,0,0,3500,3500,3500,0,0,0,0,0,3500,3500,3500,0,0,0,3500,3500,3500,3500,3500,0,0,3500,3500
"Pasar Sederhana","Garam Beryodium Halus",0,12000,12000,12000,12000,12000,0,0,12000,12000,12000,0,0,0,0,0,12000,12000,12000,0,0,0,12000,12000,12000,12000,12000,0,0,12000,12000
"Pasar Sederhana","Tepung Terigu Cakra Kembar",0,8000,8000,8000,8000,8000,0,0,8000,8000,8000,0,0,0,0,0,8000,8000,8000,0,0,0,8000,8000,8000,8000,8000,0,0,8000,8000
"Pasar Sederhana","Tepung Terigu Kunci",0,7000,7000,7000,7000,7000,0,0,7000,7000,7000,0,0,0,0,0,7000,7000,7000,0,0,0,7000,7000,7000,7000,7000,0,0,7000,7000
"Pasar Sederhana","Mie Instan",0,2300,2300,2300,2300,2500,0,0,2500,2500,2500,0,0,0,0,0,2500,2500,2500,0,0,0,2500,2500,2500,2500,2500,0,0,2500,2500
"Pasar Sederhana","Cabe Rawit Hijau",0,45000,45000,45000,45000,45000,0,0,45000,45000,45000,0,0,0,0,0,50000,50000,50000,0,0,0,40000,40000,40000,40000,40000,0,0,45000,42000
"Pasar Sederhana","Kacang Hijau",0,21000,21000,21000,21000,21000,0,0,21000,21000,21000,0,0,0,0,0,21000,21000,21000,0,0,0,21000,21000,21000,21000,21000,0,0,21000,21000
"Pasar Sederhana","Susu Bubuk Dancow",0,43700,43700,43700,43700,43700,0,0,43700,43700,43700,0,0,0,0,0,43700,43700,43700,0,0,0,43700,43700,43700,43700,43700,0,0,43700,43700
"Pasar Sederhana","Susu Bubuk Indomilk",0,36100,36100,36100,36100,36100,0,0,36100,36100,36100,0,0,0,0,0,36100,36100,36100,0,0,0,36100,36100,36100,36100,36100,0,0,36100,36100
"Pasar Sederhana","Ikan Kembung",0,35000,35000,35000,35000,35000,0,0,35000,35000,35000,0,0,0,0,0,36000,36000,36000,0,0,0,36000,36000,36000,36000,36000,0,0,36000,36000
