lokasi,nama_komoditas,2018-06-01,2018-06-02,2018-06-03,2018-06-04,2018-06-05,2018-06-06,2018-06-07,2018-06-08,2018-06-09,2018-06-10,2018-06-11,2018-06-12,2018-06-13,2018-06-14,2018-06-15,2018-06-16,2018-06-17,2018-06-18,2018-06-19,2018-06-20,2018-06-21,2018-06-22,2018-06-23,2018-06-24,2018-06-25,2018-06-26,2018-06-27,2018-06-28,2018-06-29,2018-06-30
"Pasar Kiaracondong","Beras Medium",0,0,0,11000,11000,11000,11000,11000,0,0,0,0,0,0,0,0,0,0,0,0,11000,11000,0,0,11000,0,0,11000,11000,0
"Pasar Kiaracondong","Cabe Merah",0,0,0,35000,35000,35000,35000,60000,0,0,0,0,0,0,0,0,0,0,0,0,50000,50000,0,0,40000,0,0,40000,40000,0
"Pasar Kiaracondong","Bawang Merah",0,0,0,32000,32000,32000,32000,32000,0,0,0,0,0,0,0,0,0,0,0,0,30000,30000,0,0,30000,0,0,30000,30000,0
"Pasar Kiaracondong","Daging Ayam Ras",0,0,0,36000,36000,36000,36000,40000,0,0,0,0,0,0,0,0,0,0,0,0,42000,42000,0,0,38000,0,0,36000,36000,0
"Pasar Kiaracondong","Telur Ayam Ras",0,0,0,23000,23000,23000,23000,23000,0,0,0,0,0,0,0,0,0,0,0,0,25000,25000,0,0,23000,0,0,23000,23000,0
"Pasar Kiaracondong","Daging Sapi",0,0,0,115000,115000,115000,115000,117000,0,0,0,0,0,0,0,0,0,0,0,0,120000,120000,0,0,115000,0,0,115000,115000,0
"Pasar Kiaracondong","Minyak Goreng",0,0,0,15000,15000,15000,15000,15000,0,0,0,0,0,0,0,0,0,0,0,0,15000,15000,0,0,15000,0,0,15000,15000,0
"Pasar Kiaracondong","Gula Pasir",0,0,0,12500,12500,12500,12500,12500,0,0,0,0,0,0,0,0,0,0,0,0,12500,12500,0,0,12500,0,0,12500,12500,0
"Pasar Kiaracondong",Kentang,0,0,0,15000,15000,15000,15000,15000,0,0,0,0,0,0,0,0,0,0,0,0,16000,16000,0,0,14000,0,0,14000,14000,0
"Pasar Kiaracondong",Kedelai,0,0,0,11000,11000,11000,11000,11000,0,0,0,0,0,0,0,0,0,0,0,0,12000,12000,0,0,12000,0,0,12000,12000,0
"Pasar Kiaracondong","Tepung Terigu",0,0,0,7000,7000,7000,7000,7000,0,0,0,0,0,0,0,0,0,0,0,0,7000,7000,0,0,7000,0,0,7000,7000,0
"Pasar Kiaracondong","Bawang Putih",0,0,0,24000,24000,24000,24000,24000,0,0,0,0,0,0,0,0,0,0,0,0,30000,30000,0,0,30000,0,0,30000,30000,0
"Pasar Kiaracondong","Cabe Keriting",0,0,0,30000,30000,30000,30000,30000,0,0,0,0,0,0,0,0,0,0,0,0,30000,30000,0,0,30000,0,0,30000,30000,0
"Pasar Kiaracondong","Cabe Rawit",0,0,0,30000,30000,30000,30000,30000,0,0,0,0,0,0,0,0,0,0,0,0,40000,40000,0,0,50000,0,0,50000,50000,0
"Pasar Kiaracondong","Kacang Tanah",0,0,0,0,0,0,0,24000,0,0,0,0,0,0,0,0,0,0,0,0,24000,24000,0,0,24000,0,0,24000,24000,0
"Pasar Kiaracondong","Ubi Kayu",0,0,0,5000,5000,5000,5000,5000,0,0,0,0,0,0,0,0,0,0,0,0,5000,5000,0,0,5000,0,0,5000,5000,0
"Pasar Kiaracondong","Ubi Jalar",0,0,0,0,0,0,0,0,0,0,0,0,0,0,0,0,0,0,0,0,0,0,0,0,0,0,0,0,0,0
"Pasar Kiaracondong",Jagung,0,0,0,9000,9000,9000,9000,10000,0,0,0,0,0,0,0,0,0,0,0,0,10000,10000,0,0,10000,0,0,10000,10000,0
"Pasar Kiaracondong","Ikan Olahan",0,0,0,70000,70000,70000,70000,70000,0,0,0,0,0,0,0,0,0,0,0,0,70000,70000,0,0,70000,0,0,70000,70000,0
"Pasar Kiaracondong","Beras Premium",0,0,0,0,0,0,0,0,0,0,0,0,0,0,0,0,0,0,0,0,0,0,0,0,0,0,0,0,0,0
"Pasar Kiaracondong","Minyak Goreng Curah",0,0,0,12000,12000,12000,12000,12000,0,0,0,0,0,0,0,0,0,0,0,0,12000,12000,0,0,12000,0,0,12000,12000,0
"Pasar Kiaracondong","Daging Ayam Kampung",0,0,0,70000,70000,70000,70000,70000,0,0,0,0,0,0,0,0,0,0,0,0,70000,70000,0,0,70000,0,0,70000,70000,0
"Pasar Kiaracondong","Telur Ayam Kampung",0,0,0,45000,45000,45000,45000,45000,0,0,0,0,0,0,0,0,0,0,0,0,45000,45000,0,0,45000,0,0,45000,45000,0
"Pasar Kiaracondong","Susu Kental Manis Merk Bendera",0,0,0,11000,11000,11000,11000,11000,0,0,0,0,0,0,0,0,0,0,0,0,11000,11000,0,0,11000,0,0,11000,11000,0
"Pasar Kiaracondong","Susu Kental Manis Merk Indomilk",0,0,0,10000,10000,10000,10000,10000,0,0,0,0,0,0,0,0,0,0,0,0,10000,10000,0,0,10000,0,0,10000,10000,0
"Pasar Kiaracondong","Garam Beryodium Bata",0,0,0,2500,2500,2500,2500,2500,0,0,0,0,0,0,0,0,0,0,0,0,2500,2500,0,0,2500,0,0,2500,2500,0
"Pasar Kiaracondong","Garam Beryodium Halus",0,0,0,12000,12000,12000,12000,12000,0,0,0,0,0,0,0,0,0,0,0,0,12000,12000,0,0,12000,0,0,12000,12000,0
"Pasar Kiaracondong","Tepung Terigu Cakra Kembar",0,0,0,8000,8000,8000,8000,8000,0,0,0,0,0,0,0,0,0,0,0,0,8000,8000,0,0,8000,0,0,8000,8000,0
"Pasar Kiaracondong","Tepung Terigu Kunci",0,0,0,7500,7500,7500,7500,7500,0,0,0,0,0,0,0,0,0,0,0,0,7500,7500,0,0,7500,0,0,7500,7500,0
"Pasar Kiaracondong","Mie Instan",0,0,0,2500,2500,2500,2500,2500,0,0,0,0,0,0,0,0,0,0,0,0,2500,2500,0,0,2500,0,0,2500,2500,0
"Pasar Kiaracondong","Cabe Rawit Hijau",0,0,0,30000,30000,30000,30000,30000,0,0,0,0,0,0,0,0,0,0,0,0,30000,30000,0,0,40000,0,0,40000,40000,0
"Pasar Kiaracondong","Kacang Hijau",0,0,0,22000,22000,22000,22000,22000,0,0,0,0,0,0,0,0,0,0,0,0,23000,23000,0,0,23000,0,0,23000,23000,0
"Pasar Kiaracondong","Susu Bubuk Dancow",0,0,0,38300,38300,38300,38300,38300,0,0,0,0,0,0,0,0,0,0,0,0,38300,38300,0,0,38300,0,0,38300,38300,0
"Pasar Kiaracondong","Susu Bubuk Indomilk",0,0,0,34950,34950,34950,34950,34950,0,0,0,0,0,0,0,0,0,0,0,0,34950,34950,0,0,34950,0,0,34950,34950,0
"Pasar Kiaracondong","Ikan Kembung",0,0,0,35000,35000,35000,35000,35000,0,0,0,0,0,0,0,0,0,0,0,0,40000,40000,0,0,40000,0,0,40000,40000,0
