nama_kecamatan,iud_sisa_bulan_lalu,kondom_sisa_bulan_lalu,implant_sisa_bulan_lalu,suntikan_sisa_bulan_lalu,pil_sisa_bulan_lalu,iud_diterima_bulan_ini,kondom_diterima_bulan_ini,implant_diterima_bulan_ini,suntikan_diterima_bulan_ini,pil_diterima_bulan_ini,iud_diterima_bulan_ini,kondom_diterima_bulan_ini,implant_diterima_bulan_ini,suntikan_diterima_bulan_ini,pil_diterima_bulan_ini,iud_sisa_akhir_bulan_ini,kondom_sisa_akhir_bulan_ini,implant_sisa_akhir_bulan_ini,suntikan_sisa_akhir_bulan_ini,pil_sisa_akhir_bulan_ini
Sukasari,53,135,57,197,475,10,76,5,180,100,7,8,2,259,83,56,203,60,118,492
Coblong,116,140,23,614,469,0,0,0,0,0,7,5,1,174,45,109,135,22,440,424
Babakan Ciparay,131,158,21,245,268,0,0,10,0,0,46,24,0,42,67,85,134,31,203,201
Bojongloa Kaler,71,140,38,267,296,25,24,0,60,100,25,16,3,134,104,71,148,35,193,292
Andir,133,171,29,254,264,1,0,0,0,0,8,12,3,71,8,126,159,26,183,256
Cicendo,28,337,0,8,222,3,1,0,120,10,17,18,0,59,7,14,320,0,69,225
Sukajadi,75,65,30,46,45,125,72,10,450,300,186,60,13,443,332,14,77,27,53,13
Cidadap,150,147,30,196,352,22,0,0,0,0,36,2,0,67,4,136,145,30,129,348
Bandung Wetan,43,222.5,48,104,435,25,122,0,40,0,32,28,1,46,12,36,316.5,47,98,423
Astana Anyar,142,285,14,312,726,50,96,10,380,100,98,60,3,274,50,94,321,21,418,776
Regol,145,237,20,227,424,0,24,0,100,0,34,37,0,89,31,111,224,20,238,393
Batununggal,70,202,16,454,192,27,72,10,100,200,51,36,0,180,50,46,238,26,374,342
Lengkong,74,195,48,405,474,75,72,0,240,0,9,17,0,294,129,140,250,48,351,345
Cibeunying Kidul,52,82,10,290,71,25,24,0,0,100,13,5,0,108,13,64,101,10,182,158
Bandung Kulon,63,99,13,240,524,0,0,0,0,0,7,16,1,85,69,56,83,12,155,455
Kiaracondong,108,149,28,148,156,0,0,0,0,0,6,15,0,72,46,102,134,28,76,110
Bojongloa Kidul,0,4,0,30,6,0,0,0,0,0,0,4,0,7,6,0,0,0,23,0
Cibeunying Kaler,48,48,20,80,78,0,0,0,0,0,0,0,0,18,10,48,48,20,62,68
Sumur Bandung,3,67,0,180,184,25,24,0,20,100,3,3,0,45,17,25,88,0,155,267
Antapani,46,140,11,179,379,0,24,0,20,0,1,13,0,108,71,45,151,11,91,308
Bandung Kidul,61,65,20,82,254,54,120,0,240,400,25,11,0,192,187,90,174,20,130,467
Buahbatu,73,27,28,116,195,0,12,0,149,0,8,16,2,162,122,65,23,26,103,73
Rancasari,14,18,19,0,13,0,0,0,0,0,4,1,0,0,11,10,17,19,0,2
Arcamanik,33,94,4,265,211,5,0,0,0,0,9,0,0,63,50,29,94,4,202,161
Cibiru,61,164,5,419,24,39,48,26,391,100,40,24,10,478,40,60,188,21,332,84
Ujung Berung,0,7,0,0,3,50,48,20,140,0,3,4,0,23,3,47,51,20,117,0
Gedebage,66,97,57,132,441,0,0,0,100,0,28,24,10,80,180,38,73,47,152,261
Panyileukan,35,96,16,97,5,25,24,10,134,100,13,48,7,74,15,47,72,19,157,90
Cinambo,122,154,39,172,282,100,24,0,40,0,101,6,1,16,19,121,172,38,196,263
Mandalajati,85,192,12,196,575,0,48,0,120,100,0,9,0,90,35,85,231,12,226,640
