nama_kecamatan,iud_sisa_bulan_lalu,kondom_sisa_bulan_lalu,implant_sisa_bulan_lalu,suntikan_sisa_bulan_lalu,pil_sisa_bulan_lalu,iud_diterima_bulan_ini,kondom_diterima_bulan_ini,implant_diterima_bulan_ini,suntikan_diterima_bulan_ini,pil_diterima_bulan_ini,iud_diterima_bulan_ini,kondom_diterima_bulan_ini,implant_diterima_bulan_ini,suntikan_diterima_bulan_ini,pil_diterima_bulan_ini,iud_sisa_akhir_bulan_ini,kondom_sisa_akhir_bulan_ini,implant_sisa_akhir_bulan_ini,suntikan_sisa_akhir_bulan_ini,pil_sisa_akhir_bulan_ini
Sukasari,60,42,46,248,672,0,0,0,20,20,5,5,3,164,143,55,37,43,104,549
Coblong,52,76,23,187,511,35,0,0,240,0,29,17,2,264,27,58,59,21,163,484
Babakan Ciparay,127,125,16,256,503,0,0,0,0,100,3,14,0,53,116,124,111,16,203,487
Bojongloa Kaler,58,73,12,42,250,44,0,18,120,0,54,25,19,211,106,48,48,11,-49,144
Andir,151,109,20,455,797,0,0,0,100,10,11,9,0,98,4,140,100,20,457,803
Cicendo,63,490,0,173,354,25,0,0,40,0,29,22,0,57,11,59,468,0,156,343
Sukajadi,156,50,0,89,35,106,0,1,460,200,176,14,1,494,158,86,36,0,55,77
Cidadap,108,41,7,200,296,20,0,0,120,0,22,4,0,121,22,106,37,7,199,274
Bandung Wetan,34,72,20,64,328,28,0,3,120,0,32,5,4,123,9,30,67,19,61,319
Astana Anyar,217,239,17,535,554,0,0,0,200,0,99,6,8,296,147,118,233,9,439,407
Regol,52,71,10,257,243,25,36,0,20,110,27,9,0,124,33,50,98,10,153,320
Batununggal,58,5,10,140,231,50,0,0,260,0,10,0,0,214,34,98,5,10,186,197
Lengkong,108,155,30,113,473,29,3,15,336,201,36,20,18,312,58,101,138,27,137,616
Cibeunying Kidul,27,104,95,165,302,25,12,0,0,20,18,12,0,54,63,34,104,95,111,259
Bandung Kulon,43,46,8,446,442,14,0,22,108,107,23,12,22,151,66,34,34,8,403,483
Kiaracondong,35,28,26,119,240,0,0,0,20,0,4,5,9,77,47,31,23,17,62,193
Bojongloa Kidul,16,9,1,92,77,50,0,10,0,0,38,1,11,5,30,28,8,0,87,47
Cibeunying Kaler,19,12,10,42,54,0,0,0,0,0,2,2,0,10,0,17,10,10,32,54
Sumur Bandung,55,34,8,63,179,0,0,0,129,0,3,3,8,122,11,52,31,0,70,168
Antapani,64,86,13,103,258,0,0,0,60,0,2,1,0,107,36,62,85,13,56,222
Bandung Kidul,82,52,16,58,279,0,0,0,160,0,1,7,0,162,135,81,45,16,56,144
Buahbatu,106,95,21,22,230,0,0,0,220,0,33,6,17,203,22,73,89,4,39,208
Rancasari,37,43,0,21,176,0,0,0,200,0,3,7,0,116,55,34,36,0,105,121
Arcamanik,26,67,6,62,64,0,0,0,0,0,5,2,0,51,30,21,65,6,11,34
Cibiru,67,44,28,222,274,25,12,0,270,102,54,12,0,398,197,38,44,28,94,179
Ujung Berung,30,12,0,142,15,24,0,10,40,100,34,12,10,80,111,20,0,0,102,4
Gedebage,64,38,28,159,405,0,0,0,20,0,15,2,0,46,50,49,36,28,133,355
Panyileukan,68,22,19,109,191,0,0,0,0,0,6,9,0,82,62,62,13,19,27,129
Cinambo,266,55,13,224,336,0,0,0,100,0,83,23,0,43,15,183,32,13,281,321
Mandalajati,51,24,13,79,152,0,0,0,100,0,0,0,0,136,0,51,24,13,43,152
