KECAMATAN,BELUM/TIDAK BEKERJA,MENGURUS RUMAH TANGGA,PELAJAR/  MAHASISWA,PEGAWAI NEGERI SIPIL (PNS),TNI/POLRI,PENSIUNAN,KARYAWAN SWASTA,KARYAWAN BUMN/BUMD,TENAGA MEDIS,WIRASWASTA,PENGAJAR (DOSEN/ GURU),PEKERJAAN LAINNYA
 SUKASARI,9727,16445,18920,2615,2872,596,14783,776,424,5638,1054,10919
 COBLONG,19086,26069,29804,3473,4226,256,24885,8417,750,9681,1023,7985
 BABAKAN CIPARAY,21493,31523,27393,1001,1307,220,15329,2655,479,8686,541,31139
 BOJONGLOA KALER,18936,28581,27733,1003,1219,249,20790,272,489,10310,656,20548
 ANDIR,16708,25221,25730,1547,1515,376,22834,7626,413,10012,728,10723
 CICENDO,12636,22816,22779,1879,1886,1185,20374,735,483,7402,784,18258
 SUKAJADI,16718,23111,23522,2287,2505,453,19884,2247,571,6092,876,12066
 CIDADAP,7311,12310,12286,961,1197,445,11206,240,205,2976,523,8006
 BANDUNG WETAN,4817,7516,8560,1104,1118,183,7110,2537,276,3504,388,3399
 ASTANA ANYAR,10394,18586,18043,826,1021,255,15836,1356,206,8176,462,10762
 REGOL,10449,21357,22527,1754,2309,297,19335,5101,493,9936,574,9059
 BATUNUNGGAL,20912,27112,27023,2873,2526,528,23724,7144,590,9621,692,9848
 LENGKONG,9715,16167,19371,2462,2870,1530,16221,3419,445,7369,656,5200
 CIBEUNYING KIDUL,17131,23778,24228,2734,3040,1102,22222,3853,370,7723,871,15010
 BANDUNG KULON,25378,29577,30948,1473,1673,250,24614,512,352,11706,918,19912
 KIARACONDONG,16098,27896,28941,2925,2867,773,26131,972,525,8530,732,22629
 BOJONGLOA KIDUL,14203,19671,18670,884,1039,162,12385,1923,446,8815,467,12372
 CIBEUNYING KALER,7509,14284,17915,2100,2467,271,14579,3306,301,5411,759,8327
 SUMUR BANDUNG,5630,8462,9399,677,937,1460,7199,215,166,3414,188,5160
 ANTAPANI,10846,14188,17963,2794,3557,282,14690,1536,415,5399,807,9051
 BANDUNG KIDUL,9397,12707,14630,1061,1279,207,11779,2069,226,4498,351,5089
 BUAH BATU,13489,19678,27933,2601,3776,462,18582,1517,404,9081,833,9504
 RANCASARI,12071,17524,24614,3124,3541,461,15548,1722,532,7198,810,6497
 ARCAMANIK,11725,14768,17846,1920,2579,551,12349,3246,485,5473,714,7326
 CIBIRU,10584,16753,17738,1102,2471,494,12704,456,487,7082,773,15784
 UJUNGBERUNG,14766,17706,17955,1694,2530,534,13018,3499,374,6189,740,10028
 GEDEBAGE,6378,7784,9696,894,1492,391,7439,866,157,2565,373,4884
 PANYILEUKAN,5097,7154,10721,781,1961,290,6780,1089,115,3192,442,3333
 CINAMBO,3693,5543,5619,400,546,886,4031,1180,84,2051,190,2815
 MANDALAJATI,10002,15059,13644,1201,1746,262,12775,1171,447,4673,461,12779
