lokasi,nama_komoditas,2015-04-01,2015-04-02,2015-04-03,2015-04-04,2015-04-05,2015-04-06,2015-04-07,2015-04-08,2015-04-09,2015-04-10,2015-04-11,2015-04-12,2015-04-13,2015-04-14,2015-04-15,2015-04-16,2015-04-17,2015-04-18,2015-04-19,2015-04-20,2015-04-21,2015-04-22,2015-04-23,2015-04-24,2015-04-25,2015-04-26,2015-04-27,2015-04-28,2015-04-29,2015-04-30
"Pasar Baru","Beras Medium",10300,10500,10500,0,0,10500,10500,10500,10500,10500,0,0,10500,10500,10500,10500,10500,0,0,10500,9500,9500,9500,9500,0,0,9500,9500,9500,0
"Pasar Baru","Cabe Merah",36800,40000,40000,0,0,35000,35000,35000,30000,30000,0,0,30000,30000,30000,30000,30000,0,0,30000,30000,30000,30000,30000,0,0,25000,25000,25000,0
"Pasar Baru","Bawang Merah",33200,0,0,0,0,35000,35000,35000,35000,35000,0,0,35000,35000,35000,35000,35000,0,0,35000,28000,35000,28000,28000,0,0,28000,28000,28000,0
"Pasar Baru","Daging Ayam Ras",27800,28000,28000,0,0,28000,28000,28000,28000,28000,0,0,28000,28000,28000,28000,28000,0,0,28000,28000,28000,28000,28000,0,0,28000,28000,28000,0
"Pasar Baru","Telur Ayam Ras",17000,17000,17000,0,0,17000,17000,17000,16000,16000,0,0,16000,16000,16000,18500,19000,0,0,18000,19000,19000,19000,19000,0,0,19000,19000,19000,0
"Pasar Baru","Daging Sapi",97800,100000,100000,0,0,100000,100000,100000,100000,100000,0,0,100000,100000,100000,100000,100000,0,0,100000,100000,100000,100000,100000,0,0,100000,100000,100000,0
"Pasar Baru","Minyak Goreng",14300,14000,14000,0,0,14000,14000,14000,14000,14000,0,0,14000,14000,14000,14000,14000,0,0,14000,14000,14000,14000,14000,0,0,14000,14000,14000,0
"Pasar Baru","Gula Pasir",11400,11500,11500,0,0,11500,11500,11500,11500,11500,0,0,11500,11500,11500,11500,11500,0,0,11500,12000,12000,12000,12000,0,0,12000,12000,12000,0
"Pasar Baru",Kentang,11000,12000,12000,0,0,12000,12000,12000,12000,12000,0,0,12000,12000,12000,12000,12000,0,0,12000,12000,12000,12000,12000,0,0,12000,12000,12000,0
"Pasar Baru",Kedelai,12000,13000,13000,0,0,13000,13000,13000,13000,13000,0,0,13000,13000,13000,13000,13000,0,0,13000,13000,13000,13000,13000,0,0,13000,13000,13000,0
"Pasar Baru","Tepung Terigu",7400,7000,7000,0,0,7000,7000,7000,7000,7000,0,0,7000,7000,7000,7000,7000,0,0,7000,7000,7000,7000,7000,0,0,7500,7500,7500,0
"Pasar Baru","Bawang Putih",15800,15000,15000,0,0,15000,15000,15000,18000,18000,0,0,18000,18000,18000,18000,18000,0,0,18000,20000,19000,20000,20000,0,0,20000,20000,20000,0
"Pasar Baru","Cabe Keriting",22000,20000,20000,0,0,20000,20000,20000,20000,20000,0,0,20000,20000,20000,20000,20000,0,0,20000,20000,30000,20000,20000,0,0,20000,20000,20000,0
"Pasar Baru","Cabe Rawit",38600,40000,40000,0,0,35000,35000,35000,35000,35000,0,0,35000,35000,35000,35000,35000,0,0,30000,30000,35000,30000,30000,0,0,25000,25000,25000,0
"Pasar Baru","Kacang Tanah",21000,20000,20000,0,0,20000,20000,20000,20000,20000,0,0,20000,20000,20000,20000,20000,0,0,20000,20000,20000,20000,20000,0,0,20000,20000,20000,0
"Pasar Baru","Ubi Kayu",3400,3000,3000,0,0,3000,3000,3000,3000,3000,0,0,3000,3000,3000,3000,3000,0,0,3000,3000,3000,3000,3000,0,0,3000,3000,3000,0
"Pasar Baru","Ubi Jalar",0,0,0,0,0,0,0,0,0,0,0,0,0,0,0,0,0,0,0,0,0,0,0,0,0,0,0,0,0,0
"Pasar Baru",Jagung,7200,7000,7000,0,0,7000,7000,7000,7000,7000,0,0,7000,7000,7000,7000,7000,0,0,7000,7000,7000,7000,7000,0,0,7000,7000,7000,0
"Pasar Baru","Ikan Olahan",53000,50000,50000,0,0,50000,50000,50000,50000,50000,0,0,50000,50000,50000,50000,50000,0,0,50000,50000,50000,50000,50000,0,0,50000,50000,50000,0
"Pasar Baru","Beras Premium",0,0,0,0,0,0,0,0,0,0,0,0,0,0,0,0,0,0,0,0,0,0,0,0,0,0,0,0,0,0
"Pasar Baru","Minyak Goreng Curah",11300,11500,11500,0,0,11500,11500,11500,11500,11500,0,0,11500,11500,11500,10500,10500,0,0,11500,10500,11500,10500,10500,0,0,10500,10500,10500,0
"Pasar Baru","Daging Ayam Kampung",52000,55000,55000,0,0,55000,55000,55000,55000,55000,0,0,55000,55000,55000,55000,55000,0,0,55000,55000,55000,55000,55000,0,0,55000,55000,50000,0
"Pasar Baru","Telur Ayam Kampung",43000,45000,45000,0,0,45000,45000,45000,45000,45000,0,0,45000,45000,45000,45000,45000,0,0,45000,45000,45000,45000,45000,0,0,45000,45000,45000,0
"Pasar Baru","Susu Kental Manis Merk Bendera",10000,11000,11000,0,0,11000,11000,11000,11000,11000,0,0,11000,11000,11000,11000,11000,0,0,11000,11000,11000,11000,11000,0,0,11000,11000,11000,0
"Pasar Baru","Susu Kental Manis Merk Indomilk",9400,9500,9500,0,0,9500,9500,9500,9500,9500,0,0,9500,9500,9500,9500,9500,0,0,9500,9500,9500,9500,9500,0,0,9500,9500,9500,0
"Pasar Baru","Garam Beryodium Bata",1000,1000,1000,0,0,1000,1000,1000,1000,1000,0,0,1000,1000,1000,1000,1000,0,0,1000,1000,1000,1000,1000,0,0,1000,1000,1000,0
"Pasar Baru","Garam Beryodium Halus",3360,3500,3500,0,0,3500,3500,3500,3500,3500,0,0,3500,3500,3500,3500,3500,0,0,3500,3000,3500,3500,3500,0,0,3500,3500,3500,0
"Pasar Baru","Tepung Terigu Cakra Kembar",7740,7200,7200,0,0,7200,7200,7200,7200,7200,0,0,7200,7200,7200,7200,7200,0,0,7200,7200,7200,7200,7200,0,0,7200,7200,7200,0
"Pasar Baru","Tepung Terigu Kunci",7440,8200,8200,0,0,8200,8200,8200,8200,8200,0,0,8200,8200,8200,8200,8200,0,0,8200,8200,8200,8200,8200,0,0,7500,7500,7500,0
"Pasar Baru","Mie Instan",1950,2000,2000,0,0,2000,2000,2000,2000,2000,0,0,2000,2000,2000,2000,2000,0,0,2000,2000,2000,2000,2000,0,0,2000,2000,2000,0
"Pasar Baru","Cabe Rawit Hijau",22200,23000,23000,0,0,23000,23000,23000,20000,20000,0,0,20000,20000,20000,20000,20000,0,0,20000,20000,20000,20000,20000,0,0,20000,20000,20000,0
"Pasar Baru","Kacang Hijau",20600,18000,18000,0,0,18000,18000,18000,18000,18000,0,0,18000,18000,18000,18000,18000,0,0,18000,18000,18000,18000,18000,0,0,18000,18000,18000,0
"Pasar Baru","Susu Bubuk Dancow",35710,36000,36000,0,0,36000,36000,36000,36000,36000,0,0,36000,36000,36000,36000,36000,0,0,36000,36000,36000,36000,36000,0,0,36000,36000,36000,0
"Pasar Baru","Susu Bubuk Indomilk",31840,33500,33500,0,0,33500,33500,33500,33500,33500,0,0,33500,33500,33500,33500,33500,0,0,33500,33500,33500,33500,33500,0,0,33500,33500,33500,0
"Pasar Baru","Ikan Kembung",29800,30000,30000,0,0,30000,30000,30000,30000,30000,0,0,30000,30000,30000,30000,30000,0,0,30000,30000,30000,30000,30000,0,0,30000,30000,30000,0
