No,Tgl,Waktu,Simpang,Tidak Menggunakan Helm,Berhenti di Zebra Cross,Berhenti di RHK,Berhenti Melebihi Stopline,Merokok,Kelebihan Penumpang,Lainnya,Total Pelanggaran,Roda 2,Roda 4/Lebih,Lainnya,Total Kendaraan
1,01/04/2018,Pagi,Gedebage,54,4,5,0,0,4,0,67,57,5,0,62
2,01/04/2018,Pagi,Tamansari,0,3,0,7,0,0,0,10,8,2,0,10
3,01/04/2018,Pagi,Aceh,0,0,0,0,0,0,0,0,0,0,0,0
4,01/04/2018,Sore,Cibaduyut,16,6,4,22,0,0,3,51,41,6,0,47
5,01/04/2018,Sore,Supratman,0,0,2,1,0,0,1,4,1,2,0,3
6,01/04/2018,Sore,S Lima,0,0,0,3,0,0,0,3,2,1,0,3
7,02/04/2018,Pagi,Cipaganti,0,0,6,1,0,0,0,7,1,6,0,7
8,02/04/2018,Pagi,Telkom,0,10,6,7,0,0,0,23,13,10,0,23
9,02/04/2018,Pagi,Banda,0,0,0,0,0,0,0,0,0,0,0,0
10,02/04/2018,Sore,Kopo,1,3,7,31,0,0,0,42,35,7,0,42
11,02/04/2018,Sore,Gardujati,0,9,7,17,0,0,0,33,26,7,0,33
12,02/04/2018,Sore,Cipaganti 1,0,0,0,2,0,0,0,2,2,0,0,2
13,03/04/2018,Pagi,Cimuncang,1,14,0,7,0,1,0,23,18,3,0,21
14,03/04/2018,Pagi,Moch. Toha,0,1,0,18,0,0,1,20,18,2,0,20
15,03/04/2018,Pagi,Tamblong,0,0,10,5,0,0,0,15,5,10,0,15
16,03/04/2018,Sore,Tol Pasteur,0,7,0,17,0,0,1,25,21,4,0,25
17,03/04/2018,Sore,A Yani Laswi,1,2,17,17,0,0,1,38,18,19,0,37
18,03/04/2018,Sore,Trunojoyo,0,10,10,13,0,0,0,33,17,16,0,33
19,04/04/2018,Pagi,Buah Batu,0,1,2,23,0,0,4,30,25,5,0,30
20,04/04/2018,Pagi,Gudang Utara,0,3,5,3,0,0,0,11,3,8,0,11
21,04/04/2018,Pagi,Merdeka Aceh,0,0,1,4,0,0,0,5,4,1,0,5
22,04/04/2018,Sore,Batununggal,0,0,0,0,0,0,0,0,0,0,0,0
23,04/04/2018,Sore,Merdeka Juanda,0,0,0,0,0,0,0,0,0,0,0,0
24,04/04/2018,Sore,Cikutra,17,68,27,41,0,1,0,154,110,35,0,145
25,05/04/2018,Pagi,Pasir Koja,1,6,0,12,0,0,0,19,18,0,0,18
26,05/04/2018,Pagi,Pahlawan,2,8,2,0,0,0,0,12,8,4,0,12
27,05/04/2018,Pagi,Jamika,0,6,0,4,0,0,0,10,9,1,0,10
28,05/04/2018,Sore,Ujung Berung,1,67,0,38,0,0,2,108,84,18,0,102
29,05/04/2018,Sore,Anggrek,0,0,0,0,0,0,0,0,0,0,0,0
30,05/04/2018,Sore,Otista,0,11,51,10,0,0,0,72,22,49,2,73
31,06/04/2018,Pagi,Cibeuruem,1,0,17,49,0,0,0,67,47,19,0,66
32,06/04/2018,Pagi,Lombok,0,0,0,0,0,0,0,0,0,0,0,0
33,06/04/2018,Pagi,Paskal Baru,1,1,7,3,0,0,0,12,4,8,0,12
34,06/04/2018,Sore,Sulanjana,2,24,0,7,0,0,0,33,28,5,0,33
35,06/04/2018,Sore,Paskal IP Cam,1,0,4,0,0,0,0,5,1,4,0,5
36,06/04/2018,Sore,Cihapit,0,0,0,0,0,0,0,0,0,0,0,0
37,07/04/2018,Pagi,Samsat,0,0,0,2,0,0,0,2,2,0,0,2
38,07/04/2018,Pagi,Cihampelas PTZ,0,5,0,9,0,0,0,14,13,1,0,14
39,07/04/2018,Pagi,Padasuka,10,56,0,33,0,1,0,100,89,3,0,92
40,07/04/2018,Sore,Cicaheum,0,8,6,8,0,0,0,22,1,21,0,22
41,07/04/2018,Sore,Caringin,15,29,0,95,0,0,0,139,130,2,0,132
42,07/04/2018,Sore,Cikapayang PTZ,0,0,2,0,0,0,0,2,0,2,0,2
43,08/04/2018,Pagi,Gedebage,48,6,0,2,0,10,0,66,50,5,0,55
44,08/04/2018,Pagi,Tamansari,0,16,0,15,0,0,0,31,18,13,0,31
45,08/04/2018,Pagi,Aceh ,0,0,0,0,0,0,0,0,0,0,0,0
46,08/04/2018,Sore,Cibaduyut,0,14,8,40,0,0,0,62,46,11,0,57
47,08/04/2018,Sore,Supratman,0,9,10,6,0,0,0,25,15,10,0,25
48,08/04/2018,Sore,S.Lima,0,0,0,0,0,0,0,0,40,0,0,40
49,09/04/2018,Pagi,Cipaganti 2,0,0,2,2,0,0,0,4,2,2,0,4
50,09/04/2018,Pagi,Telkom,1,13,23,14,0,0,0,51,24,24,0,48
51,09/04/2018,Pagi,Banda,0,0,0,0,0,0,0,0,0,0,0,0
52,09/04/2018,Sore,Kopo,0,0,0,0,0,0,0,0,0,0,0,0
53,09/04/2018,Sore,Gardujati,0,40,19,14,0,0,23,96,75,21,0,96
54,09/04/2018,Sore,Cipaganti 1,0,0,0,0,0,0,0,0,0,0,0,0
55,10/04/2018,Pagi,M Toha,0,1,0,1,0,0,0,2,2,0,0,2
56,10/04/2018,Pagi,Tamblong,0,0,11,0,0,0,0,11,0,11,0,11
57,10/04/2018,Pagi,Cimuncang,4,8,1,4,0,0,0,17,15,1,0,16
58,10/04/2018,Sore,Pasteur,0,23,0,24,0,0,0,47,46,6,0,52
59,10/04/2018,Sore,A Yani Laswi,0,11,8,16,0,0,0,35,25,7,0,32
60,10/04/2018,Sore,Trunojoyo,0,23,15,24,0,0,0,62,45,19,0,64
61,11/04/2018,Pagi,Buah Batu,0,0,5,21,0,0,0,26,23,3,0,26
62,11/04/2018,Pagi,Gudang Utara,0,0,4,6,0,0,0,10,4,6,0,10
63,11/04/2018,Pagi,Merdeka Aceh,0,3,1,4,0,0,0,8,7,1,0,8
64,11/04/2018,Sore,Batununggal,0,0,0,0,0,0,0,0,0,0,0,0
65,11/04/2018,Sore,Merdeka Juanda,0,0,0,0,0,0,0,0,0,0,0,0
66,11/04/2018,Sore,Cikutra,7,28,16,37,0,0,0,88,69,16,0,85
67,12/04/2018,Pagi,Pasir Koja,0,8,0,17,0,1,0,26,24,2,0,26
68,12/04/2018,Pagi,Pahlawan,0,8,1,12,0,0,0,21,19,2,0,21
69,12/04/2018,Pagi,Jamika,0,1,0,46,0,0,0,47,45,2,0,47
70,12/04/2018,Sore,Ujung Berung,2,29,0,3,0,0,0,34,28,6,0,34
71,12/04/2018,Sore,Anggrek,0,0,0,0,0,0,0,0,0,0,0,0
72,12/04/2018,Sore,Otista,1,9,36,4,0,0,0,50,12,38,0,50
73,13/04/2018,Pagi,Cibeuruem,0,0,7,20,0,0,0,27,20,7,0,27
74,13/04/2018,Pagi,Lombok,0,0,0,0,0,0,0,0,0,0,0,0
75,13/04/2018,Pagi,Paskal Baru,0,1,6,2,0,0,0,9,2,7,0,9
76,13/04/2018,Sore,Sulanjana,1,28,0,45,0,0,0,74,64,10,0,74
77,13/04/2018,Sore,Paskal IP,1,1,4,1,0,0,2,9,5,4,0,9
78,13/04/2018,Sore,Cihapit,0,0,0,0,0,0,0,0,0,0,0,0
79,14/04/2018,Pagi,Samsat,0,0,2,7,0,0,0,9,7,2,0,9
80,14/04/2018,Pagi,Cihampelas PTZ,0,7,0,17,0,0,0,24,19,1,0,20
81,14/04/2018,Pagi,Padasuka,0,24,0,16,0,0,0,40,35,2,0,37
82,14/04/2018,Sore,Cicaheum,0,14,30,5,0,0,3,52,10,42,0,52
83,14/04/2018,Sore,Caringin,2,31,0,49,0,0,4,86,81,4,0,85
84,14/04/2018,Sore,Cikapayang PTZ,0,3,6,5,0,0,0,14,7,7,0,14
85,15/04/2018,Pagi,Tamansari,1,17,0,19,0,0,0,37,34,2,0,36
86,15/04/2018,Pagi,Gedebage,0,0,0,0,0,0,0,0,0,0,0,0
87,15/04/2018,Pagi,Aceh,0,0,0,0,0,0,0,0,0,0,0,0
88,15/04/2018,Sore,Simpang Lima,0,6,5,20,0,0,0,31,23,5,0,28
89,15/04/2018,Sore,Supratman,0,9,4,19,0,0,0,32,15,10,0,25
90,15/04/2018,Sore,Cibaduyut,4,20,18,39,0,0,0,81,54,21,0,75
91,16/04/2018,Pagi,Cipaganti 2,0,0,3,4,0,0,0,7,4,3,0,7
92,16/04/2018,Pagi,Telkom,0,6,9,3,0,0,0,18,8,10,0,18
93,16/04/2018,Pagi,Banda,0,0,0,0,0,0,0,0,0,0,0,0
94,16/04/2018,Sore,Kopo,0,0,0,0,0,0,0,0,0,0,0,0
95,16/04/2018,Sore,Gardujati,0,10,5,15,0,0,0,30,24,6,0,30
96,16/04/2018,Sore,Cipaganti,0,0,0,9,0,0,0,9,5,3,0,8
97,17/04/2018,Pagi,M Toha,0,3,0,10,0,0,0,13,13,0,0,13
98,17/04/2018,Pagi,Tamblong,0,13,7,0,0,0,0,20,12,8,0,20
99,17/04/2018,Pagi,Cimuncang,1,12,0,4,0,0,33,50,46,4,0,50
100,17/04/2018,Sore,Pasteur,1,5,0,18,0,0,0,24,20,4,0,24
101,17/04/2018,Sore,A Yani Laswi,2,4,4,15,0,1,0,26,18,6,0,24
102,17/04/2018,Sore,Trunojoyo,3,1,9,11,0,1,0,25,15,9,0,24
103,18/04/2018,Pagi,Buahbatu,0,0,0,1,0,0,0,1,1,0,0,1
104,18/04/2018,Pagi,Gudang Utara,0,0,0,0,0,0,0,0,0,0,0,0
105,18/04/2018,Pagi,Merdeka Aceh,0,7,1,24,0,0,0,32,28,4,0,32
106,18/04/2018,Sore,Batununggal,0,0,0,0,0,0,0,0,0,0,0,0
107,18/04/2018,Sore,Merdeka Juanda,0,0,0,9,0,0,0,9,8,1,0,9
108,18/04/2018,Sore,Cikutra,26,39,11,16,0,0,7,99,84,11,0,95
109,19/04/2018,Pagi,Pasir Koja,5,18,0,63,0,0,7,93,82,7,0,89
110,19/04/2018,Pagi,Pahlawan,3,13,4,11,0,0,1,32,24,8,0,32
111,19/04/2018,Pagi,jamika,0,6,1,13,0,0,0,20,14,6,0,20
112,19/04/2018,Sore,Ujung Berung,0,13,0,4,0,0,0,17,16,1,0,17
113,19/04/2018,Sore,Anggrek,0,0,0,0,0,0,0,0,0,0,0,0
114,19/04/2018,Sore,Otista,2,4,18,1,0,0,0,25,5,20,0,25
115,20/04/2018,Pagi,Cibeurem,0,0,11,15,0,0,0,26,14,12,0,26
116,20/04/2018,Pagi,Lombok,0,0,0,0,0,0,0,0,0,0,0,0
117,20/04/2018,Pagi,Paskal Baru ,1,3,4,1,0,2,0,11,5,4,0,9
118,20/04/2018,Sore,Sulanjana,2,44,0,23,0,0,49,118,107,10,0,117
119,20/04/2018,Sore,Paskal IP CAM,2,1,18,3,0,0,1,25,5,20,0,25
120,20/04/2018,Sore,Cihapit,0,0,0,0,0,0,0,0,0,0,0,0
121,21/04/2018,Pagi,Cihampelas,1,1,2,1,0,0,0,5,3,2,0,5
122,21/04/2018,Pagi,Padasuka,7,73,0,12,0,3,0,95,86,1,0,87
123,21/04/2018,Pagi,Samsat,0,8,2,1,0,0,7,18,16,2,0,18
124,21/04/2018,Sore,Cicaheum,0,3,40,1,0,0,0,44,2,42,0,44
125,21/04/2018,Sore,Caringin,1,61,0,9,0,1,0,72,65,5,0,70
126,21/04/2018,Sore,Cikapayang,0,7,9,4,0,0,0,20,7,13,0,20
127,22/04/2018,Pagi,Gedebage,14,1,0,4,0,0,0,19,17,0,0,17
128,22/04/2018,Pagi,Tamansari,0,1,0,6,0,0,0,7,7,0,0,7
129,22/04/2018,Pagi,Aceh,0,0,0,0,0,0,0,0,0,0,0,0
130,22/04/2018,Sore,Cibaduyut,9,6,4,10,0,6,1,36,24,5,0,29
131,22/04/2018,Sore,Supratman,3,0,8,7,0,1,0,19,9,8,0,17
132,22/04/2018,Sore,Simpang Lima,0,1,0,6,0,0,0,7,6,1,0,7
133,23/04/2018,Pagi,Cipaganti 2,0,0,5,1,0,0,0,6,1,5,0,6
134,23/04/2018,Pagi,Telkom,1,17,13,0,0,0,0,31,16,15,0,31
135,23/04/2018,Pagi,Aceh,0,0,0,0,0,0,0,0,0,0,0,0
136,23/04/2018,Sore,Kopo,0,0,0,0,0,0,0,0,0,0,0,0
137,23/04/2018,Sore,Gardujati,0,25,6,37,0,1,1,70,55,13,0,68
138,23/04/2018,Sore,Cipaganti 1,0,2,0,4,0,0,0,6,4,1,0,5
139,24/04/2018,Pagi,Moch. Toha,0,39,0,37,0,0,57,133,95,3,0,98
140,24/04/2018,Pagi,Tamblong ,0,5,2,6,0,0,0,13,11,1,0,12
141,24/04/2018,Pagi,Cimuncang,0,26,5,34,0,0,33,98,78,10,0,88
142,24/04/2018,Sore,Toll Pasteur,0,13,0,2,0,0,0,15,13,2,0,15
143,24/04/2018,Sore,Ahmad Yani Laswi,0,0,1,0,0,0,0,1,0,1,0,1
144,24/04/2018,Sore,Trunojoyo,0,0,1,0,0,0,0,1,0,1,0,1
145,25/04/2018,Pagi,Buahbatu,0,0,0,1,0,0,0,1,1,0,0,1
146,25/04/2018,Pagi,Gudang Utara,0,12,20,6,0,0,0,38,16,22,0,38
147,25/04/2018,Pagi,Merdeka Aceh,0,7,0,19,0,0,0,26,24,2,0,26
148,25/04/2018,Sore,Batununggal,0,0,0,0,0,0,0,0,0,0,0,0
149,25/04/2018,Sore,Merdeka Juanda,0,0,0,0,0,0,0,0,0,0,0,0
150,25/04/2018,Sore,Cikutra,2,84,27,18,0,0,11,142,109,31,0,140
151,26/04/2018,Pagi,Pasir Koja,0,7,0,25,0,0,7,39,38,2,0,40
152,26/04/2018,Pagi,Pahlawan,0,7,1,14,0,1,0,23,19,3,0,22
153,26/04/2018,Pagi,Jamika,0,2,1,11,0,0,0,14,11,3,0,14
154,26/04/2018,Sore,Ujung Berung,0,54,0,13,0,0,0,67,61,6,0,67
155,26/04/2018,Sore,Anggrek,0,0,0,0,0,0,0,0,0,0,0,0
156,26/04/2018,Sore,Otista,0,9,61,4,0,0,0,74,10,64,0,74
157,27/04/2018,Pagi,Cibeureum,0,0,11,11,0,0,0,22,11,11,0,22
158,27/04/2018,Pagi,Lombok,0,0,0,0,0,0,0,0,0,0,0,0
159,27/04/2018,Pagi,Paskal Baru,1,1,7,4,0,1,1,15,7,7,0,14
160,27/04/2018,Sore,Sulanjana,2,15,0,23,0,0,114,154,146,7,0,153
161,27/04/2018,Sore,Paskal IP CAM,0,1,2,2,0,0,0,5,0,3,0,3
162,27/04/2018,Sore,Cihapit,0,0,0,0,0,0,0,0,0,0,0,0
163,28/04/2018,Pagi,Samsat,0,0,3,0,0,0,0,3,0,3,0,3
164,28/04/2018,Pagi,Cihampelas,0,0,3,0,0,0,0,3,0,3,0,3
165,28/04/2018,Pagi,Padasuka,19,38,0,18,0,0,4,79,73,2,0,75
166,28/04/2018,Sore,Cicaheum,0,11,23,18,0,0,0,52,24,24,0,48
167,28/04/2018,Sore,Caringin,0,0,0,0,0,0,0,0,0,0,0,0
168,28/04/2018,Sore,Cikapayang,15,27,0,145,0,1,0,188,150,14,0,164
