lokasi,nama_komoditas,2016-10-01,2016-10-02,2016-10-03,2016-10-04,2016-10-05,2016-10-06,2016-10-07,2016-10-08,2016-10-09,2016-10-10,2016-10-11,2016-10-12,2016-10-13,2016-10-14,2016-10-15,2016-10-16,2016-10-17,2016-10-18,2016-10-19,2016-10-20,2016-10-21,2016-10-22,2016-10-23,2016-10-24,2016-10-25,2016-10-26,2016-10-27,2016-10-28,2016-10-29,2016-10-30,2016-10-31
"Pasar Sederhana","Beras Medium",0,0,10000,10000,10000,10000,10000,0,0,10000,0,10000,10000,10000,0,0,10000,10000,10000,10000,0,0,0,10000,10000,0,10000,0,0,0,0
"Pasar Sederhana","Cabe Merah",0,0,55000,55000,55000,55000,55000,0,0,75000,75000,75000,75000,75000,0,0,80000,80000,80000,80000,0,0,0,80000,80000,0,80000,0,0,0,0
"Pasar Sederhana","Bawang Merah",0,0,40000,40000,40000,40000,40000,0,0,36000,36000,36000,36000,36000,0,0,40000,40000,40000,40000,0,0,0,40000,40000,0,40000,0,0,0,0
"Pasar Sederhana","Daging Ayam Ras",0,0,35000,35000,35000,35000,35000,0,0,35000,35000,35000,35000,35000,0,0,35000,35000,35000,35000,0,0,0,35000,35000,0,35000,0,0,0,0
"Pasar Sederhana","Telur Ayam Ras",0,0,20000,20000,20000,20000,20000,0,0,20000,35000,35000,35000,35000,0,0,20000,20000,20000,20000,0,0,0,20000,20000,0,20000,0,0,0,0
"Pasar Sederhana","Daging Sapi",0,0,120000,120000,120000,120000,120000,0,0,120000,120000,120000,120000,120000,0,0,120000,120000,120000,120000,0,0,0,120000,120000,0,120000,0,0,0,0
"Pasar Sederhana","Minyak Goreng",0,0,14500,14500,14500,14500,14500,0,0,14500,14500,14500,14500,14500,0,0,14500,14500,14500,14500,0,0,0,14500,14500,0,14500,0,0,0,0
"Pasar Sederhana","Gula Pasir",0,0,16000,16000,16000,16000,16000,0,0,15000,15000,15000,15000,15000,0,0,15000,15000,15000,15000,0,0,0,15000,15000,0,15000,0,0,0,0
"Pasar Sederhana",Kentang,0,0,0,20000,20000,20000,20000,0,0,16000,16000,16000,16000,16000,0,0,15000,15000,15000,15000,0,0,0,15000,15000,0,15000,0,0,0,0
"Pasar Sederhana",Kedelai,0,0,12000,12000,12000,0,12000,0,0,12000,12000,12000,12000,12000,0,0,12000,12000,12000,12000,0,0,0,12000,0,0,12000,0,0,0,0
"Pasar Sederhana","Tepung Terigu",0,0,8000,8000,8000,8000,8000,0,0,8000,8000,8000,8000,8000,0,0,8000,8000,8000,8000,0,0,0,8000,8000,0,8000,0,0,0,0
"Pasar Sederhana","Bawang Putih",0,0,35000,35000,35000,35000,35000,0,0,35000,35000,35000,35000,35000,0,0,40000,40000,40000,0,0,0,0,40000,40000,0,40000,0,0,0,0
"Pasar Sederhana","Cabe Keriting",0,0,45000,45000,45000,45000,0,0,0,60000,60000,0,0,60000,0,0,70000,70000,70000,70000,0,0,0,70000,70000,0,70000,0,0,0,0
"Pasar Sederhana","Cabe Rawit",0,0,45000,0,45000,45000,45000,0,0,36000,36000,36000,36000,36000,0,0,45000,45000,45000,45000,0,0,0,0,45000,0,45000,0,0,0,0
"Pasar Sederhana","Kacang Tanah",0,0,30000,30000,30000,30000,30000,0,0,30000,30000,30000,30000,30000,0,0,30000,30000,30000,30000,0,0,0,30000,30000,0,30000,0,0,0,0
"Pasar Sederhana","Ubi Kayu",0,0,4000,4000,4000,4000,4000,0,0,4000,4000,4000,4000,4000,0,0,4000,4000,4000,4000,0,0,0,4000,4000,0,4000,0,0,0,0
"Pasar Sederhana","Ubi Jalar",0,0,0,0,0,0,0,0,0,0,0,0,0,0,0,0,0,0,0,0,0,0,0,0,0,0,0,0,0,0,0
"Pasar Sederhana",Jagung,0,0,7000,7000,7000,7000,7000,0,0,0,7000,7000,7000,7000,0,0,7000,7000,7000,7000,0,0,0,7000,7000,0,7000,0,0,0,0
"Pasar Sederhana","Ikan Olahan",0,0,70000,70000,70000,70000,70000,0,0,70000,70000,70000,70000,70000,0,0,70000,70000,70000,70000,0,0,0,70000,70000,0,70000,0,0,0,0
"Pasar Sederhana","Beras Premium",0,0,0,0,0,0,0,0,0,0,0,0,0,0,0,0,0,0,0,0,0,0,0,0,0,0,0,0,0,0,0
"Pasar Sederhana","Minyak Goreng Curah",0,0,12000,12000,12000,12000,12000,0,0,12000,12000,12000,12000,12000,0,0,12000,12000,12000,12000,0,0,0,12000,12000,0,12000,0,0,0,0
"Pasar Sederhana","Daging Ayam Kampung",0,0,75000,75000,75000,75000,75000,0,0,75000,75000,75000,75000,75000,0,0,75000,75000,75000,75000,0,0,0,75000,75000,0,75000,0,0,0,0
"Pasar Sederhana","Telur Ayam Kampung",0,0,44000,44000,44000,44000,44000,0,0,44000,44000,44000,44000,44000,0,0,44000,44000,44000,44000,0,0,0,44000,44000,0,44000,0,0,0,0
"Pasar Sederhana","Susu Kental Manis Merk Bendera",0,0,10000,10000,10000,10000,10000,0,0,10000,10000,10000,10000,10000,0,0,10000,0,0,10000,0,0,0,10000,10000,0,10000,0,0,0,0
"Pasar Sederhana","Susu Kental Manis Merk Indomilk",0,0,9500,9500,9500,9500,9500,0,0,9500,9500,9500,9500,9500,0,0,9500,9500,9500,9500,0,0,0,9500,9500,0,9500,0,0,0,0
"Pasar Sederhana","Garam Beryodium Bata",0,0,1500,1500,1500,1500,1500,0,0,1500,1500,1500,1500,1500,0,0,1500,1500,1500,1500,0,0,0,1500,1500,0,1500,0,0,0,0
"Pasar Sederhana","Garam Beryodium Halus",0,0,6000,6000,6000,6000,6000,0,0,6000,6000,6000,6000,6000,0,0,6000,6000,6000,6000,0,0,0,6000,6000,0,6000,0,0,0,0
"Pasar Sederhana","Tepung Terigu Cakra Kembar",0,0,8500,8500,8500,8500,8500,0,0,8500,8500,8500,8500,0,0,0,8500,8500,8500,8500,0,0,0,8500,8500,0,8500,0,0,0,0
"Pasar Sederhana","Tepung Terigu Kunci",0,0,7500,7500,7500,7500,7500,0,0,7500,7500,7500,7500,7500,0,0,7500,7500,7500,7500,0,0,0,7500,7500,0,7500,0,0,0,0
"Pasar Sederhana","Mie Instan",0,0,2200,2200,2200,2200,2200,0,0,2200,2200,2200,2200,2200,0,0,0,2200,2200,2200,0,0,0,2200,2200,0,2200,0,0,0,0
"Pasar Sederhana","Cabe Rawit Hijau",0,0,40000,40000,40000,40000,40000,0,0,36000,36000,36000,36000,36000,0,0,40000,40000,40000,40000,0,0,0,40000,40000,0,0,0,0,0,0
"Pasar Sederhana","Kacang Hijau",0,0,24000,24000,24000,24000,24000,0,0,24000,24000,24000,24000,24000,0,0,24000,24000,24000,24000,0,0,0,24000,24000,0,24000,0,0,0,0
"Pasar Sederhana","Susu Bubuk Dancow",0,0,41200,41200,0,41200,41200,0,0,41200,41200,41200,41200,41200,0,0,41200,41200,41200,41200,0,0,0,41200,41200,0,41200,0,0,0,0
"Pasar Sederhana","Susu Bubuk Indomilk",0,0,36500,36500,36500,36500,36500,0,0,36500,36500,36500,36500,36500,0,0,36500,36500,36500,36500,0,0,0,36500,36500,0,36500,0,0,0,0
"Pasar Sederhana","Ikan Kembung",0,0,30000,30000,30000,30000,30000,0,0,30000,30000,30000,30000,30000,0,0,30000,30000,30000,30000,0,0,0,30000,30000,0,30000,0,0,0,0
