Bulan,A,B,O,AB,Total
Januari/January,2537,2683,3400,780,9400
Pebruari/February,3247,3381,4370,994,11992
Maret/March,3274,3214,4281,1050,11819
April/April,2941,3027,4018,867,10853
Mei/May,3405,3443,4594,999,12441
Juni/June,1904,1746,2302,506,6458
Juli/July,2314,2945,3729,876,9864
Agustus/August,3483,3506,4654,1004,12647
September/September,2660,2803,3558,801,9822
Oktober/October,3177,3137,4104,959,11377
Nopember/November,3138,3319,4239,976,11672
Desember/December,2534,2476,3286,741,9037
