lokasi,nama_komoditas,2014-08-01,2014-08-02,2014-08-03,2014-08-04,2014-08-05,2014-08-06,2014-08-07,2014-08-08,2014-08-09,2014-08-10,2014-08-11,2014-08-12,2014-08-13,2014-08-14,2014-08-15,2014-08-16,2014-08-17,2014-08-18,2014-08-19,2014-08-20,2014-08-21,2014-08-22,2014-08-23,2014-08-24,2014-08-25,2014-08-26,2014-08-27,2014-08-28,2014-08-29,2014-08-30,2014-08-31
"Pasar Baru","Beras Medium",0,0,0,0,0,9000,9000,9000,9000,9000,0,0,9000,9000,9000,0,0,0,0,0,0,0,0,0,0,0,9000,9000,9000,9000,9000
"Pasar Baru","Cabe Merah",0,0,0,0,0,28000,22000,22000,22000,22000,0,0,22000,22000,22000,0,0,0,0,0,0,0,0,0,0,0,25000,25000,25000,22000,22000
"Pasar Baru","Bawang Merah",0,0,0,0,0,25000,25000,25000,25000,25000,0,0,25000,25000,25000,0,0,0,0,0,0,0,0,0,0,0,18000,18000,18000,18000,18000
"Pasar Baru","Daging Ayam Ras",0,0,0,0,0,38000,34000,34000,34000,34000,0,0,28000,28000,28000,0,0,0,0,0,0,0,0,0,0,0,33000,33000,33000,36000,36000
"Pasar Baru","Telur Ayam Ras",0,0,0,0,0,19500,19500,19500,19500,19500,0,0,19500,19000,19000,0,0,0,0,0,0,0,0,0,0,0,19000,19000,19000,19500,19500
"Pasar Baru","Daging Sapi",0,0,0,0,0,110000,110000,110000,110000,110000,0,0,100000,100000,100000,0,0,0,0,0,0,0,0,0,0,0,100000,100000,100000,100000,100000
"Pasar Baru","Minyak Goreng",0,0,0,0,0,14000,14000,14000,14000,14000,0,0,14000,14000,14000,0,0,0,0,0,0,0,0,0,0,0,14000,14000,14000,14000,14000
"Pasar Baru","Gula Pasir",0,0,0,0,0,11000,11000,11000,11000,11000,0,0,11000,11000,11000,0,0,0,0,0,0,0,0,0,0,0,11000,11000,11000,11000,11000
"Pasar Baru",Kentang,0,0,0,0,0,14000,14000,14000,14000,12000,0,0,12000,12000,12000,0,0,0,0,0,0,0,0,0,0,0,12000,12000,12000,12000,12000
"Pasar Baru",Kedelai,0,0,0,0,0,12000,12000,12000,12000,12000,0,0,12000,12000,12000,0,0,0,0,0,0,0,0,0,0,0,12000,12000,12000,12000,12000
"Pasar Baru","Tepung Terigu",0,0,0,0,0,7000,7000,7000,7000,7000,0,0,7000,7000,7000,0,0,0,0,0,0,0,0,0,0,0,7000,7000,7000,7000,7000
"Pasar Baru","Bawang Putih",0,0,0,0,0,16000,16000,16000,16000,16000,0,0,16000,16000,16000,0,0,0,0,0,0,0,0,0,0,0,16000,16000,16000,16000,16000
"Pasar Baru","Cabe Keriting",0,0,0,0,0,20000,15000,15000,15000,15000,0,0,15000,15000,15000,0,0,0,0,0,0,0,0,0,0,0,15000,15000,15000,15000,15000
"Pasar Baru","Cabe Rawit",0,0,0,0,0,28000,25000,25000,25000,25000,0,0,25000,25000,25000,0,0,0,0,0,0,0,0,0,0,0,35000,35000,35000,30000,30000
"Pasar Baru","Kacang Tanah",0,0,0,0,0,20000,20000,20000,20000,20000,0,0,20000,20000,20000,0,0,0,0,0,0,0,0,0,0,0,20000,20000,20000,20000,20000
"Pasar Baru","Ubi Kayu",0,0,0,0,0,3000,3000,3000,3000,3000,0,0,2500,3000,3000,0,0,0,0,0,0,0,0,0,0,0,3000,3000,3000,3000,3000
"Pasar Baru","Ubi Jalar",0,0,0,0,0,0,0,0,0,0,0,0,0,0,0,0,0,0,0,0,0,0,0,0,0,0,0,0,0,0,0
"Pasar Baru",Jagung,0,0,0,0,0,7000,7000,7000,7000,7000,0,0,7000,7000,7000,0,0,0,0,0,0,0,0,0,0,0,7000,7000,7000,7000,7000
"Pasar Baru","Ikan Olahan",0,0,0,0,0,50000,50000,50000,50000,50000,0,0,50000,50000,50000,0,0,0,0,0,0,0,0,0,0,0,50000,50000,50000,50000,50000
"Pasar Baru","Beras Premium",0,0,0,0,0,0,0,0,0,0,0,0,0,0,0,0,0,0,0,0,0,0,0,0,0,0,0,0,0,0,0
"Pasar Baru","Minyak Goreng Curah",0,0,0,0,0,11500,11500,11500,11500,11500,0,0,11500,11500,11500,0,0,0,0,0,0,0,0,0,0,0,11500,11500,11500,11500,11000
"Pasar Baru","Daging Ayam Kampung",0,0,0,0,0,0,0,0,0,0,0,0,0,0,0,0,0,0,0,0,0,0,0,0,0,0,0,0,0,0,0
"Pasar Baru","Telur Ayam Kampung",0,0,0,0,0,45000,45000,45000,45000,45000,0,0,45000,45000,45000,0,0,0,0,0,0,0,0,0,0,0,45000,45000,45000,45000,45000
"Pasar Baru","Susu Kental Manis Merk Bendera",0,0,0,0,0,11000,11000,11000,11000,11000,0,0,11000,11000,11000,0,0,0,0,0,0,0,0,0,0,0,11000,11000,11000,11000,11000
"Pasar Baru","Susu Kental Manis Merk Indomilk",0,0,0,0,0,0,0,0,0,0,0,0,0,0,0,0,0,0,0,0,0,0,0,0,0,0,0,0,0,0,0
"Pasar Baru","Garam Beryodium Bata",0,0,0,0,0,1000,1000,1000,1000,1000,0,0,1000,1000,1000,0,0,0,0,0,0,0,0,0,0,0,1000,1000,1000,1000,1000
"Pasar Baru","Garam Beryodium Halus",0,0,0,0,0,3500,3500,3500,3500,3500,0,0,3500,3500,3500,0,0,0,0,0,0,0,0,0,0,0,3500,3500,3500,3500,3500
"Pasar Baru","Tepung Terigu Cakra Kembar",0,0,0,0,0,7200,7200,7200,7200,7200,0,0,7200,7200,7200,0,0,0,0,0,0,0,0,0,0,0,7200,7200,7200,7200,7200
"Pasar Baru","Tepung Terigu Kunci",0,0,0,0,0,8200,8200,8200,8200,8200,0,0,8200,8200,8200,0,0,0,0,0,0,0,0,0,0,0,8200,8200,8200,8200,8200
"Pasar Baru","Mie Instan",0,0,0,0,0,0,0,0,0,0,0,0,0,0,0,0,0,0,0,0,0,0,0,0,0,0,0,0,0,0,0
"Pasar Baru","Cabe Rawit Hijau",0,0,0,0,0,23000,23000,23000,23000,23000,0,0,20000,20000,20000,0,0,0,0,0,0,0,0,0,0,0,20000,20000,20000,18000,18000
"Pasar Baru","Kacang Hijau",0,0,0,0,0,0,0,0,0,0,0,0,0,0,0,0,0,0,0,0,0,0,0,0,0,0,0,0,0,0,0
"Pasar Baru","Susu Bubuk Dancow",0,0,0,0,0,0,0,0,0,0,0,0,0,0,0,0,0,0,0,0,0,0,0,0,0,0,0,0,0,0,0
"Pasar Baru","Susu Bubuk Indomilk",0,0,0,0,0,0,0,0,0,0,0,0,0,0,0,0,0,0,0,0,0,0,0,0,0,0,0,0,0,0,0
"Pasar Baru","Ikan Kembung",0,0,0,0,0,0,0,0,0,0,0,0,0,0,0,0,0,0,0,0,0,0,0,0,0,0,0,0,0,0,0
