lokasi,nama_komoditas,2014-07-01,2014-07-02,2014-07-03,2014-07-04,2014-07-05,2014-07-06,2014-07-07,2014-07-08,2014-07-09,2014-07-10,2014-07-11,2014-07-12,2014-07-13,2014-07-14,2014-07-15,2014-07-16,2014-07-17,2014-07-18,2014-07-19,2014-07-20,2014-07-21,2014-07-22,2014-07-23,2014-07-24,2014-07-25,2014-07-26,2014-07-27,2014-07-28,2014-07-29,2014-07-30,2014-07-31
"Pasar Baru","Beras Medium",0,9000,9000,9000,9000,9000,0,0,9000,9000,0,9000,9000,0,0,9000,9000,9000,9000,9000,0,0,9000,9000,9000,9000,9000,0,0,0,0
"Pasar Baru","Cabe Merah",0,24000,24000,24000,24000,24000,0,0,22000,22000,0,22000,22000,0,0,22000,22000,22000,22000,22000,0,0,22000,28000,28000,28000,28000,0,0,0,0
"Pasar Baru","Bawang Merah",0,24000,24000,24000,24000,24000,0,0,25000,25000,0,25000,25000,0,0,25000,25000,25000,25000,25000,0,0,25000,25000,25000,25000,25000,0,0,0,0
"Pasar Baru","Daging Ayam Ras",0,35000,35000,35000,34000,34000,0,0,32000,32000,0,32000,32000,0,0,32000,32000,32000,32000,32000,0,0,32000,32000,32000,32000,32000,0,0,0,0
"Pasar Baru","Telur Ayam Ras",0,19500,19500,19500,19500,19500,0,0,19500,19500,0,19500,19500,0,0,19500,19500,19500,19500,19500,0,0,19500,19500,19500,19500,19500,0,0,0,0
"Pasar Baru","Daging Sapi",0,100000,100000,100000,100000,100000,0,0,100000,100000,0,100000,100000,0,0,100000,100000,100000,100000,100000,0,0,100000,100000,100000,110000,110000,0,0,0,0
"Pasar Baru","Minyak Goreng",0,14000,14000,14000,14000,14000,0,0,14000,14000,0,14000,14000,0,0,14000,14000,14000,14000,14000,0,0,14000,14000,14000,14000,14000,0,0,0,0
"Pasar Baru","Gula Pasir",0,11000,11000,11000,11000,11000,0,0,11000,11000,0,11000,11000,0,0,11000,11000,11000,11000,11000,0,0,11000,11000,11000,11000,11000,0,0,0,0
"Pasar Baru",Kentang,0,12000,12000,12000,12000,12000,0,0,12000,12000,0,12000,12000,0,0,12000,12000,12000,12000,12000,0,0,12000,12000,13000,13000,13000,0,0,0,0
"Pasar Baru",Kedelai,0,12000,12000,12000,12000,12000,0,0,12000,12000,0,12000,12000,0,0,12000,12000,12000,12000,12000,0,0,12000,12000,12000,12000,12000,0,0,0,0
"Pasar Baru","Tepung Terigu",0,7000,7000,7000,7000,7000,0,0,7000,7000,0,7000,7000,0,0,7000,7000,7000,7000,7000,0,0,7000,7000,7000,7000,7000,0,0,0,0
"Pasar Baru","Bawang Putih",0,16000,16000,16000,16000,16000,0,0,16000,16000,0,16000,16000,0,0,16000,16000,16000,16000,16000,0,0,16000,16000,16000,16000,16000,0,0,0,0
"Pasar Baru","Cabe Keriting",0,15000,15000,15000,15000,15000,0,0,15000,15000,0,15000,15000,0,0,15000,15000,15000,15000,15000,0,0,15000,18000,18000,18000,18000,0,0,0,0
"Pasar Baru","Cabe Rawit",0,22000,22000,22000,22000,22000,0,0,22000,22000,0,22000,22000,0,0,22000,22000,22000,22000,22000,0,0,22000,28000,28000,28000,28000,0,0,0,0
"Pasar Baru","Kacang Tanah",0,20000,20000,20000,20000,20000,0,0,20000,20000,0,20000,20000,0,0,20000,20000,20000,20000,20000,0,0,20000,20000,20000,20000,20000,0,0,0,0
"Pasar Baru","Ubi Kayu",0,3000,3000,3000,3000,3000,0,0,3000,3000,0,3000,3000,0,0,3000,3000,3000,3000,3000,0,0,3000,3000,3000,3000,3000,0,0,0,0
"Pasar Baru","Ubi Jalar",0,0,0,0,0,0,0,0,0,0,0,0,0,0,0,0,0,0,0,0,0,0,0,0,0,0,0,0,0,0,0
"Pasar Baru",Jagung,0,7000,7000,7000,7000,7000,0,0,7000,7000,0,7000,7000,0,0,7000,7000,7000,7000,7000,0,0,7000,7000,7000,7000,7000,0,0,0,0
"Pasar Baru","Ikan Olahan",0,50000,50000,50000,50000,50000,0,0,50000,50000,0,50000,50000,0,0,50000,50000,50000,50000,50000,0,0,50000,50000,50000,50000,50000,0,0,0,0
"Pasar Baru","Beras Premium",0,0,0,0,0,0,0,0,0,0,0,0,0,0,0,0,0,0,0,0,0,0,0,0,0,0,0,0,0,0,0
"Pasar Baru","Minyak Goreng Curah",0,11500,11500,11500,11500,11500,0,0,11500,11500,0,11500,11500,0,0,11500,11500,11500,11500,11500,0,0,11500,11500,11500,11500,11500,0,0,0,0
"Pasar Baru","Daging Ayam Kampung",0,0,0,0,0,0,0,0,0,0,0,0,0,0,0,0,0,0,0,0,0,0,0,0,0,0,0,0,0,0,0
"Pasar Baru","Telur Ayam Kampung",0,45000,45000,45000,45000,45000,0,0,45000,45000,0,45000,45000,0,0,45000,45000,45000,45000,45000,0,0,45000,45000,45000,45000,45000,0,0,0,0
"Pasar Baru","Susu Kental Manis Merk Bendera",0,11000,11000,11000,11000,11000,0,0,11000,11000,0,11000,11000,0,0,11000,11000,11000,11000,11000,0,0,11000,11000,11000,11000,11000,0,0,0,0
"Pasar Baru","Susu Kental Manis Merk Indomilk",0,0,0,0,0,0,0,0,0,0,0,0,0,0,0,0,0,0,0,0,0,0,0,0,0,0,0,0,0,0,0
"Pasar Baru","Garam Beryodium Bata",0,1000,1000,1000,1000,1000,0,0,1000,1000,0,1000,1000,0,0,1000,1000,1000,1000,1000,0,0,1000,1000,1000,1000,1000,0,0,0,0
"Pasar Baru","Garam Beryodium Halus",0,3500,3500,3500,3500,3500,0,0,3500,3500,0,3500,3500,0,0,3500,3500,3500,3500,3500,0,0,3500,3500,3500,3500,3500,0,0,0,0
"Pasar Baru","Tepung Terigu Cakra Kembar",0,7200,7200,7200,7200,7200,0,0,7200,7200,0,7200,7200,0,0,7200,7200,7200,7200,7200,0,0,7200,7200,7200,7200,7200,0,0,0,0
"Pasar Baru","Tepung Terigu Kunci",0,8200,8200,8200,8200,8200,0,0,8200,8200,0,8200,8200,0,0,8200,8200,8200,8200,8200,0,0,8200,8200,8200,8200,8200,0,0,0,0
"Pasar Baru","Mie Instan",0,0,0,0,0,0,0,0,0,0,0,0,0,0,0,0,0,0,0,0,0,0,0,0,0,0,0,0,0,0,0
"Pasar Baru","Cabe Rawit Hijau",0,15000,15000,15000,15000,15000,0,0,15000,15000,0,15000,15000,0,0,15000,15000,15000,15000,15000,0,0,15000,23000,23000,23000,23000,0,0,0,0
"Pasar Baru","Kacang Hijau",0,0,0,0,0,0,0,0,0,0,0,0,0,0,0,0,0,0,0,0,0,0,0,0,0,0,0,0,0,0,0
"Pasar Baru","Susu Bubuk Dancow",0,0,0,0,0,0,0,0,0,0,0,0,0,0,0,0,0,0,0,0,0,0,0,0,0,0,0,0,0,0,0
"Pasar Baru","Susu Bubuk Indomilk",0,0,0,0,0,0,0,0,0,0,0,0,0,0,0,0,0,0,0,0,0,0,0,0,0,0,0,0,0,0,0
"Pasar Baru","Ikan Kembung",0,0,0,0,0,0,0,0,0,0,0,0,0,0,0,0,0,0,0,0,0,0,0,0,0,0,0,0,0,0,0
