nama_kecamatan,jumlah_pengguna_IUD,persentase_pengguna_IUD,jumlah_pengguna_MOW,persentase_pengguna_MOW,jumlah_pengguna_MOP,persentase_pengguna_MOP,jumlah_pengguna_kondom,persentase_pengguna_kondom,jumlah_pengguna_implan,persentase_pengguna_implan,jumlah_pengguna_suntikan,persentase_pengguna_suntikan,jumlah_pengguna_pil,persentase_pengguna_pil,jumlah_peserta_kb_aktif
Sukasari ,2080,32.95,187,2.96,14,0.22,122,1.93,85,1.35,2520,39.92,1305,20.67,6313
Coblong ,4493,35.74,1213,9.65,23,0.18,671,5.34,287,2.28,4463,35.5,1423,11.32,12573
Babakan Ciparay ,3502,20.25,249,1.44,33,0.19,103,0.6,254,1.47,10462,60.49,2693,15.57,17296
Bojongloa Kaler ,5613,39.37,449,3.15,60,0.42,271,1.9,221,1.55,4699,32.96,2943,20.64,14256
Andir ,2603,33.48,802,10.32,21,0.27,161,2.07,282,3.63,1434,18.44,2472,31.79,7775
Cicendo ,2661,27.06,516,5.25,4,0.04,237,2.41,177,1.8,4246,43.18,1993,20.27,9834
Sukajadi ,3223,26.34,1809,14.79,31,0.25,502,4.1,171,1.4,3991,32.62,2508,20.5,12235
Cidadap ,1415,21.77,277,4.26,7,0.11,121,1.86,563,8.66,3166,48.72,950,14.62,6499
Bandung Wetan ,1653,46.88,449,12.73,73,2.07,82,2.33,111,3.15,710,20.14,448,12.71,3526
Astana Anyar ,2567,35.24,281,3.86,48,0.66,130,1.78,244,3.35,3106,42.64,908,12.47,7284
Regol ,4561,50.97,387,4.32,47,0.53,287,3.21,154,1.72,2931,32.76,581,6.49,8948
Batununggal ,3729,30.13,278,2.25,18,0.15,208,1.68,95,0.77,6059,48.95,1991,16.08,12378
Lengkong ,2197,41.41,234,4.41,16,0.3,199,3.75,212,4,1878,35.39,570,10.74,5306
Cibeunying Kidul ,4184,31.86,1144,8.71,53,0.4,284,2.16,316,2.41,5583,42.51,1568,11.94,13132
Bandung Kulon ,5137,53.31,300,3.11,10,0.1,145,1.5,316,3.28,2339,24.27,1389,14.41,9636
Kiaracondong ,4072,29.41,241,1.74,20,0.14,460,3.32,187,1.35,6408,46.28,2457,17.75,13845
Bojongloa Kidul ,2267,24.07,133,1.41,32,0.34,88,0.93,241,2.56,5853,62.15,804,8.54,9418
Cibeunying Kaler ,2508,36.61,299,4.36,27,0.39,114,1.66,57,0.83,2526,36.87,1320,19.27,6851
Sumur Bandung ,876,34.64,103,4.07,2,0.08,151,5.97,92,3.64,899,35.55,406,16.05,2529
Antapani ,2957,37.97,176,2.26,31,0.4,232,2.98,89,1.14,3338,42.87,964,12.38,7787
Bandung Kidul ,1597,26.87,122,2.05,7,0.12,118,1.99,62,1.04,2918,49.09,1120,18.84,5944
Buahbatu ,2922,30.48,141,1.47,26,0.27,160,1.67,156,1.63,4885,50.96,1296,13.52,9586
Rancasari ,2337,36.28,144,2.24,11,0.17,242,3.76,44,0.68,2576,39.99,1087,16.88,6441
Arcamanik ,2415,34.05,238,3.36,24,0.34,111,1.57,407,5.74,3091,43.58,806,11.36,7092
Cibiru ,1780,22.35,165,2.07,33,0.41,145,1.82,220,2.76,3931,49.36,1690,21.22,7964
Ujung Berung ,14078,69.98,148,0.74,58,0.29,486,2.42,409,2.03,3214,15.98,1725,8.57,20118
Gedebage ,2364,38.7,574,9.4,102,1.67,160,2.62,144,2.36,2041,33.41,724,11.85,6109
Panyileukan ,1610,37.43,144,3.35,3,0.07,202,4.7,91,2.12,1654,38.46,597,13.88,4301
Cinambo ,934,28.23,68,2.06,9,0.27,61,1.84,48,1.45,1633,49.35,556,16.8,3309
Mandalajati ,2065,23.31,287,3.24,10,0.11,221,2.49,166,1.87,4386,49.51,1724,19.46,8859
