lokasi,nama_komoditas,2018-04-01,2018-04-02,2018-04-03,2018-04-04,2018-04-05,2018-04-06,2018-04-07,2018-04-08,2018-04-09,2018-04-10,2018-04-11,2018-04-12,2018-04-13,2018-04-14,2018-04-15,2018-04-16,2018-04-17,2018-04-18,2018-04-19,2018-04-20,2018-04-21,2018-04-22,2018-04-23,2018-04-24,2018-04-25,2018-04-26,2018-04-27,2018-04-28,2018-04-29,2018-04-30
"Pasar Baru","Beras Medium",0,12000,12000,12000,12000,12000,0,0,12000,12000,0,12000,0,0,0,12000,12000,0,0,12000,0,0,12000,12000,0,12000,0,0,0,12000
"Pasar Baru","Cabe Merah",0,50000,50000,50000,50000,50000,0,0,50000,50000,0,50000,0,0,0,50000,50000,0,0,50000,0,0,50000,50000,0,50000,0,0,0,50000
"Pasar Baru","Bawang Merah",0,30000,30000,30000,30000,30000,0,0,30000,30000,0,30000,0,0,0,30000,30000,0,0,30000,0,0,30000,30000,0,30000,0,0,0,30000
"Pasar Baru","Daging Ayam Ras",0,34000,34000,34000,34000,34000,0,0,36000,36000,0,36000,0,0,0,35000,35000,0,0,35000,0,0,35000,35000,0,35000,0,0,0,35000
"Pasar Baru","Telur Ayam Ras",0,22000,22000,22000,22000,22000,0,0,22000,22000,0,22000,0,0,0,22000,22000,0,0,22000,0,0,23000,23000,0,23000,0,0,0,23000
"Pasar Baru","Daging Sapi",0,120000,120000,120000,120000,120000,0,0,120000,120000,0,120000,0,0,0,120000,120000,0,0,0,0,0,0,120000,0,0,0,0,0,0
"Pasar Baru","Minyak Goreng",0,15000,15000,15000,15000,15000,0,0,15000,15000,0,15000,0,0,0,15000,15000,0,0,15000,0,0,15000,15000,0,15000,0,0,0,15000
"Pasar Baru","Gula Pasir",0,12500,12500,12500,12500,12500,0,0,12500,12500,0,12500,0,0,0,12500,12500,0,0,12500,0,0,12500,12500,0,12500,0,0,0,12500
"Pasar Baru",Kentang,0,15000,15000,15000,15000,15000,0,0,15000,15000,0,15000,0,0,0,15000,15000,0,0,15000,0,0,15000,15000,0,15000,0,0,0,15000
"Pasar Baru",Kedelai,0,11000,11000,11000,11000,11000,0,0,11000,11000,0,11000,0,0,0,11000,11000,0,0,12000,0,0,12000,12000,0,12000,0,0,0,12000
"Pasar Baru","Tepung Terigu",0,7500,7500,7500,7500,7500,0,0,7500,7500,0,7500,0,0,0,7500,7500,0,0,7500,0,0,7500,7500,0,7500,0,0,0,7500
"Pasar Baru","Bawang Putih",0,32000,30000,30000,30000,30000,0,0,30000,30000,0,30000,0,0,0,30000,30000,0,0,30000,0,0,30000,30000,0,30000,0,0,0,30000
"Pasar Baru","Cabe Keriting",0,60000,40000,40000,40000,40000,0,0,40000,40000,0,40000,0,0,0,40000,40000,0,0,40000,0,0,40000,40000,0,40000,0,0,0,40000
"Pasar Baru","Cabe Rawit",0,70000,50000,50000,50000,50000,0,0,50000,50000,0,50000,0,0,0,50000,50000,0,0,50000,0,0,50000,50000,0,50000,0,0,0,40000
"Pasar Baru","Kacang Tanah",0,28000,28000,28000,28000,28000,0,0,28000,28000,0,28000,0,0,0,28000,28000,0,0,28000,0,0,28000,28000,0,28000,0,0,0,28000
"Pasar Baru","Ubi Kayu",0,3000,3000,3000,3000,3000,0,0,3000,3000,0,3000,0,0,0,3000,3000,0,0,3000,0,0,3000,3000,0,3000,0,0,0,3000
"Pasar Baru","Ubi Jalar",0,0,0,0,0,0,0,0,0,0,0,0,0,0,0,0,0,0,0,0,0,0,0,0,0,0,0,0,0,0
"Pasar Baru",Jagung,0,10000,10000,10000,10000,10000,0,0,10000,10000,0,10000,0,0,0,10000,10000,0,0,10000,0,0,10000,10000,0,10000,0,0,0,10000
"Pasar Baru","Ikan Olahan",0,70000,70000,70000,70000,70000,0,0,70000,70000,0,70000,0,0,0,70000,70000,0,0,70000,0,0,70000,70000,0,70000,0,0,0,70000
"Pasar Baru","Beras Premium",0,0,0,0,0,0,0,0,0,0,0,0,0,0,0,0,0,0,0,0,0,0,0,0,0,0,0,0,0,0
"Pasar Baru","Minyak Goreng Curah",0,12000,12000,12000,12000,12000,0,0,12000,12000,0,12000,0,0,0,12000,12000,0,0,12000,0,0,12000,12000,0,12000,0,0,0,12000
"Pasar Baru","Daging Ayam Kampung",0,75000,75000,75000,75000,75000,0,0,75000,75000,0,75000,0,0,0,75000,75000,0,0,75000,0,0,75000,75000,0,75000,0,0,0,75000
"Pasar Baru","Telur Ayam Kampung",0,54000,54000,54000,54000,54000,0,0,54000,54000,0,54000,0,0,0,54000,54000,0,0,54000,0,0,54000,54000,0,54000,0,0,0,54000
"Pasar Baru","Susu Kental Manis Merk Bendera",0,11000,11000,11000,11000,11000,0,0,11000,11000,0,11000,0,0,0,11000,11000,0,0,11000,0,0,11000,11000,0,11000,0,0,0,11000
"Pasar Baru","Susu Kental Manis Merk Indomilk",0,9500,9500,9500,9500,9500,0,0,9500,9500,0,9500,0,0,0,9500,9500,0,0,9500,0,0,9500,9500,0,9500,0,0,0,9500
"Pasar Baru","Garam Beryodium Bata",0,3000,3000,3000,3000,3000,0,0,3000,3000,0,3000,0,0,0,3000,3000,0,0,3000,0,0,3000,3000,0,3000,0,0,0,3000
"Pasar Baru","Garam Beryodium Halus",0,12000,12000,12000,12000,12000,0,0,12000,12000,0,12000,0,0,0,12000,12000,0,0,12000,0,0,12000,12000,0,12000,0,0,0,12000
"Pasar Baru","Tepung Terigu Cakra Kembar",0,8000,8000,8000,8000,8000,0,0,8000,0,0,0,0,0,0,0,0,0,0,8000,0,0,8000,8000,0,8000,0,0,0,8000
"Pasar Baru","Tepung Terigu Kunci",0,7500,7500,7500,7500,7500,0,0,7500,7500,0,7500,0,0,0,7500,7500,0,0,7500,0,0,7500,7500,0,7500,0,0,0,7500
"Pasar Baru","Mie Instan",0,2500,2500,2500,2500,2500,0,0,2500,2500,0,2500,0,0,0,2500,2500,0,0,2500,0,0,2500,2500,0,2500,0,0,0,2500
"Pasar Baru","Cabe Rawit Hijau",0,40000,40000,40000,40000,40000,0,0,40000,40000,0,40000,0,0,0,40000,40000,0,0,40000,0,0,35000,35000,0,35000,0,0,0,35000
"Pasar Baru","Kacang Hijau",0,22000,22000,22000,22000,22000,0,0,22000,22000,0,22000,0,0,0,22000,22000,0,0,22000,0,0,22000,22000,0,22000,0,0,0,22000
"Pasar Baru","Susu Bubuk Dancow",0,36000,36000,36000,36000,36000,0,0,36000,36000,0,36000,0,0,0,36000,36000,0,0,36000,0,0,36000,36000,0,36000,0,0,0,36000
"Pasar Baru","Susu Bubuk Indomilk",0,33500,33500,33500,33500,33500,0,0,33500,33500,0,33500,0,0,0,33500,33500,0,0,33500,0,0,33500,33500,0,33500,0,0,0,33500
"Pasar Baru","Ikan Kembung",0,40000,40000,40000,40000,40000,0,0,40000,40000,0,40000,0,0,0,40000,40000,0,0,40000,0,0,40000,40000,0,40000,0,0,0,40000
