lokasi,nama_komoditas,2015-02-01,2015-02-02,2015-02-03,2015-02-04,2015-02-05,2015-02-06,2015-02-07,2015-02-08,2015-02-09,2015-02-10,2015-02-11,2015-02-12,2015-02-13,2015-02-14,2015-02-15,2015-02-16,2015-02-17,2015-02-18,2015-02-19,2015-02-20,2015-02-21,2015-02-22,2015-02-23,2015-02-24,2015-02-25,2015-02-26,2015-02-27,2015-02-28
"Pasar Sederhana","Beras Medium",0,0,0,10000,10000,10000,10000,10000,0,0,10000,10000,0,10000,10000,0,0,10000,10000,10000,0,10000,0,0,11000,11000,11000,11000
"Pasar Sederhana","Cabe Merah",0,0,0,30000,30000,30000,30000,30000,0,0,24000,24000,0,24000,24000,0,0,24000,24000,24000,0,24000,0,0,22000,24000,24000,24000
"Pasar Sederhana","Bawang Merah",0,0,0,18000,18000,18000,18000,18000,0,0,18000,18000,0,18000,18000,0,0,18000,18000,18000,0,18000,0,0,18000,18000,18000,18000
"Pasar Sederhana","Daging Ayam Ras",0,0,0,30000,30000,30000,30000,30000,0,0,33000,33000,0,33000,33000,0,0,32000,32000,32000,0,32000,0,0,30000,30000,30000,30000
"Pasar Sederhana","Telur Ayam Ras",0,0,0,22000,22000,22000,22000,22000,0,0,22000,22000,0,22000,22000,0,0,21000,21000,21000,0,21000,0,0,20000,20000,20000,20000
"Pasar Sederhana","Daging Sapi",0,0,0,100000,100000,100000,100000,100000,0,0,100000,100000,0,100000,100000,0,0,100000,100000,100000,0,100000,0,0,100000,98000,0,98000
"Pasar Sederhana","Minyak Goreng",0,0,0,14000,14000,14000,14000,14000,0,0,14000,14000,0,14000,14000,0,0,14000,14000,14000,0,14000,0,0,14000,14000,14000,14000
"Pasar Sederhana","Gula Pasir",0,0,0,11000,11000,11000,11000,11000,0,0,11000,0,0,11000,11000,0,0,11000,11000,11000,0,11000,0,0,11000,11000,11000,11000
"Pasar Sederhana",Kentang,0,0,0,12000,12000,12000,12000,12000,0,0,12000,12000,0,12000,12000,0,0,12000,12000,12000,0,12000,0,0,12000,12000,11000,11000
"Pasar Sederhana",Kedelai,0,0,0,12000,12000,12000,12000,12000,0,0,12000,12000,0,0,12000,0,0,12000,12000,12000,0,12000,0,0,12000,12000,12000,12000
"Pasar Sederhana","Tepung Terigu",0,0,0,8000,8000,8500,8500,8000,0,0,8000,8000,0,0,8000,0,0,8000,8000,8000,0,8000,0,0,8000,8000,8000,8000
"Pasar Sederhana","Bawang Putih",0,0,0,16000,16000,16000,16000,16000,0,0,16000,16000,0,16000,16000,0,0,16000,16000,16000,0,16000,0,0,16000,16000,16000,16000
"Pasar Sederhana","Cabe Keriting",0,0,0,40000,40000,40000,40000,40000,0,0,24000,24000,0,0,24000,0,0,24000,24000,24000,0,24000,0,0,24000,24000,24000,24000
"Pasar Sederhana","Cabe Rawit",0,0,0,50000,50000,50000,50000,50000,0,0,40000,40000,0,40000,40000,0,0,35000,35000,35000,0,35000,0,0,28000,28000,28000,28000
"Pasar Sederhana","Kacang Tanah",0,0,0,20000,20000,20000,20000,20000,0,0,20000,20000,0,20000,20000,0,0,20000,20000,20000,0,20000,0,0,20000,20000,20000,20000
"Pasar Sederhana","Ubi Kayu",0,0,0,4000,4000,4000,4000,4000,0,0,4000,4000,0,4000,4000,0,0,4000,4000,0,0,4000,0,0,4000,4000,4000,4000
"Pasar Sederhana","Ubi Jalar",0,0,0,0,0,0,0,0,0,0,0,0,0,0,0,0,0,0,0,0,0,0,0,0,0,0,0,0
"Pasar Sederhana",Jagung,0,0,0,7000,7000,7000,7000,7000,0,0,7000,7000,0,0,7000,0,0,7000,7000,7000,0,7000,0,0,7000,7000,7000,7000
"Pasar Sederhana","Ikan Olahan",0,0,0,70000,70000,70000,70000,70000,0,0,70000,70000,0,70000,70000,0,0,70000,70000,70000,0,70000,0,0,70000,70000,70000,70000
"Pasar Sederhana","Beras Premium",0,0,0,0,0,0,0,0,0,0,0,0,0,0,0,0,0,0,0,0,0,0,0,0,0,0,0,0
"Pasar Sederhana","Minyak Goreng Curah",0,0,0,11000,11000,11000,11000,11000,0,0,11000,11000,0,11000,11000,0,0,11000,11000,11000,0,11000,0,0,11000,11000,11000,11000
"Pasar Sederhana","Daging Ayam Kampung",0,0,0,0,0,0,0,0,0,0,0,0,0,0,0,0,0,0,0,0,0,0,0,0,0,0,0,0
"Pasar Sederhana","Telur Ayam Kampung",0,0,0,45000,45000,45000,45000,45000,0,0,45000,45000,0,45000,45000,0,0,45000,45000,45000,0,45000,0,0,45000,45000,45000,45000
"Pasar Sederhana","Susu Kental Manis Merk Bendera",0,0,0,9500,9500,9500,9500,9500,0,0,9500,9500,0,9500,9500,0,0,9500,9500,9500,0,9500,0,0,9500,9500,9500,9500
"Pasar Sederhana","Susu Kental Manis Merk Indomilk",0,0,0,0,0,0,0,0,0,0,0,0,0,0,0,0,0,0,0,0,0,0,0,0,0,0,0,0
"Pasar Sederhana","Garam Beryodium Bata",0,0,0,1000,1000,1000,1000,1000,0,0,1000,1000,0,0,1000,0,0,1000,1000,1000,0,1000,0,0,1000,1000,1000,1000
"Pasar Sederhana","Garam Beryodium Halus",0,0,0,4000,4000,4000,4000,4000,0,0,4000,4000,0,0,4000,0,0,4000,4000,4000,0,4000,0,0,4000,4000,4000,4000
"Pasar Sederhana","Tepung Terigu Cakra Kembar",0,0,0,8500,8500,8000,8000,8500,0,0,8500,8500,0,0,8500,0,0,8500,8500,8500,0,8500,0,0,8500,8500,8500,8500
"Pasar Sederhana","Tepung Terigu Kunci",0,0,0,7500,7500,7500,7500,7500,0,0,7500,7500,0,0,7500,0,0,7500,7500,7500,0,7500,0,0,7500,7500,7500,7500
"Pasar Sederhana","Mie Instan",0,0,0,0,0,0,0,0,0,0,0,0,0,0,0,0,0,0,0,0,0,0,0,0,0,0,0,0
"Pasar Sederhana","Cabe Rawit Hijau",0,0,0,30000,0,0,0,0,0,0,0,20000,0,0,0,0,0,0,20000,20000,0,20000,0,0,0,0,0,0
"Pasar Sederhana","Kacang Hijau",0,0,0,0,0,0,0,0,0,0,0,0,0,0,0,0,0,0,0,0,0,0,0,0,0,0,0,0
"Pasar Sederhana","Susu Bubuk Dancow",0,0,0,0,0,0,0,0,0,0,0,0,0,0,0,0,0,0,0,0,0,0,0,0,0,0,0,0
"Pasar Sederhana","Susu Bubuk Indomilk",0,0,0,0,0,0,0,0,0,0,0,0,0,0,0,0,0,0,0,0,0,0,0,0,0,0,0,0
"Pasar Sederhana","Ikan Kembung",0,0,0,0,0,0,0,0,0,0,0,0,0,0,0,0,0,0,0,0,0,0,0,0,0,0,0,0
