lokasi,nama_komoditas,2015-12-01,2015-12-02,2015-12-03,2015-12-04,2015-12-05,2015-12-06,2015-12-07,2015-12-08,2015-12-09,2015-12-10,2015-12-11,2015-12-12,2015-12-13,2015-12-14,2015-12-15,2015-12-16,2015-12-17,2015-12-18,2015-12-19,2015-12-20,2015-12-21,2015-12-22,2015-12-23,2015-12-24,2015-12-25,2015-12-26,2015-12-27,2015-12-28,2015-12-29,2015-12-30,2015-12-31
"Pasar Kiaracondong","Beras Medium",10000,10000,10000,0,0,0,10000,10000,0,10000,10000,0,0,10000,10000,10000,10000,10000,0,0,0,10000,10000,0,0,0,0,10000,10000,10000,10000
"Pasar Kiaracondong","Cabe Merah",30000,30000,40000,0,0,0,45000,45000,0,45000,45000,0,0,32000,32000,25000,32000,0,0,0,0,32000,32000,0,0,0,0,70000,0,70000,50000
"Pasar Kiaracondong","Bawang Merah",18000,18000,18000,0,0,0,0,20000,0,20000,20000,0,0,26000,20000,20000,26000,26000,0,0,0,26000,26000,0,0,0,0,32000,0,32000,32000
"Pasar Kiaracondong","Daging Ayam Ras",33000,33000,33000,0,0,0,33000,33000,0,33000,33000,0,0,34000,34000,31000,34000,34000,0,0,0,34000,34000,0,0,0,0,35000,35000,35000,36000
"Pasar Kiaracondong","Telur Ayam Ras",22000,0,22000,0,0,0,22000,22000,0,22000,22000,0,0,22000,22000,19000,22000,22000,0,0,0,22000,22000,0,0,0,0,26000,26000,26000,26000
"Pasar Kiaracondong","Daging Sapi",110000,110000,110000,0,0,0,110000,110000,0,110000,110000,0,0,110000,110000,110000,110000,110000,0,0,0,110000,110000,0,0,0,0,112000,112000,112000,112000
"Pasar Kiaracondong","Minyak Goreng",14000,14000,14000,0,0,0,0,13000,0,13000,13000,0,0,14000,14000,14000,14000,14000,0,0,0,14000,14000,0,0,0,0,14000,14000,14000,14000
"Pasar Kiaracondong","Gula Pasir",12500,12500,12500,0,0,0,12500,0,0,12500,12500,0,0,12500,12500,12000,0,12500,0,0,0,12500,12500,0,0,0,0,12500,12500,12500,12500
"Pasar Kiaracondong",Kentang,10000,10000,10000,0,0,0,11000,11000,0,11000,11000,0,0,11000,11000,10000,0,11000,0,0,0,11000,11000,0,0,0,0,0,0,13000,13000
"Pasar Kiaracondong",Kedelai,10000,10000,10000,0,0,0,11000,11000,0,11000,11000,0,0,11000,11000,11000,11000,11000,0,0,0,11000,11000,0,0,0,0,11000,0,11000,0
"Pasar Kiaracondong","Tepung Terigu",7000,7000,7000,0,0,0,7000,0,0,7000,7000,0,0,7000,7000,7000,7000,7000,0,0,0,7000,7000,0,0,0,0,7000,0,0,7000
"Pasar Kiaracondong","Bawang Putih",22000,22000,22000,0,0,0,22000,22000,0,22000,22000,0,0,23000,23000,24000,23000,23000,0,0,0,23000,23000,0,0,0,0,26000,0,26000,26000
"Pasar Kiaracondong","Cabe Keriting",35000,35000,35000,0,0,0,35000,35000,0,35000,35000,0,0,35000,32000,30000,32000,32000,0,0,0,32000,32000,0,0,0,0,50000,0,50000,50000
"Pasar Kiaracondong","Cabe Rawit",30000,30000,30000,0,0,0,31000,31000,0,31000,31000,0,0,30000,30000,30000,30000,30000,0,0,0,30000,30000,0,0,0,0,50000,0,50000,50000
"Pasar Kiaracondong","Kacang Tanah",26000,0,0,0,0,0,26000,26000,0,26000,26000,0,0,26000,26000,28000,26000,26000,0,0,0,26000,26000,0,0,0,0,26000,0,26000,26000
"Pasar Kiaracondong","Ubi Kayu",5000,5000,5000,0,0,0,0,5000,0,5000,5000,0,0,5000,5000,5000,5000,5000,0,0,0,5000,0,0,0,0,0,5000,0,5000,5000
"Pasar Kiaracondong","Ubi Jalar",0,0,0,0,0,0,0,0,0,0,0,0,0,0,0,0,0,0,0,0,0,0,0,0,0,0,0,0,0,0,0
"Pasar Kiaracondong",Jagung,8000,8000,8000,0,0,0,8000,8000,0,8000,8000,0,0,8000,8000,10000,8000,8000,0,0,0,0,8000,0,0,0,0,8000,0,8000,8000
"Pasar Kiaracondong","Ikan Olahan",0,50000,50000,0,0,0,50000,50000,0,50000,0,0,0,50000,50000,50000,50000,50000,0,0,0,50000,50000,0,0,0,0,50000,0,50000,50000
"Pasar Kiaracondong","Beras Premium",0,0,0,0,0,0,0,0,0,0,0,0,0,0,0,0,0,0,0,0,0,0,0,0,0,0,0,0,0,0,0
"Pasar Kiaracondong","Minyak Goreng Curah",9500,9500,9500,0,0,0,9500,9500,0,9500,9500,0,0,9500,9500,10500,9500,9500,0,0,0,9500,9500,0,0,0,0,9500,9500,9500,9500
"Pasar Kiaracondong","Daging Ayam Kampung",65000,65000,65000,0,0,0,65000,65000,0,65000,65000,0,0,65000,65000,65000,65000,65000,0,0,0,65000,65000,0,0,0,0,65000,65000,65000,65000
"Pasar Kiaracondong","Telur Ayam Kampung",45000,45000,45000,0,0,0,45000,0,0,0,45000,0,0,45000,45000,45000,0,45000,0,0,0,45000,45000,0,0,0,0,45000,45000,45000,45000
"Pasar Kiaracondong","Susu Kental Manis Merk Bendera",10000,10000,10000,0,0,0,10000,10000,0,10000,10000,0,0,11000,11000,10000,11000,11000,0,0,0,11000,11000,0,0,0,0,11000,11000,11000,11000
"Pasar Kiaracondong","Susu Kental Manis Merk Indomilk",9000,9000,9000,0,0,0,9000,9000,0,9000,9000,0,0,10000,10000,9000,10000,10000,0,0,0,10000,10000,0,0,0,0,10000,10000,10000,10000
"Pasar Kiaracondong","Garam Beryodium Bata",1000,1000,1000,0,0,0,1000,1000,0,1000,1000,0,0,1000,1000,1000,1000,1000,0,0,0,1000,1000,0,0,0,0,1000,0,1000,1000
"Pasar Kiaracondong","Garam Beryodium Halus",3300,3300,3300,0,0,0,3300,3300,0,3300,3300,0,0,3300,3300,3300,3300,3300,0,0,0,3300,3300,0,0,0,0,3300,0,3300,3300
"Pasar Kiaracondong","Tepung Terigu Cakra Kembar",8000,8000,8000,0,0,0,8000,8000,0,8000,8000,0,0,8000,8000,8000,8000,0,0,0,0,8000,8000,0,0,0,0,8000,0,8000,8000
"Pasar Kiaracondong","Tepung Terigu Kunci",7500,7500,7500,0,0,0,7500,7500,0,7500,7500,0,0,7500,7500,7500,7500,7500,0,0,0,7500,7500,0,0,0,0,7500,0,7500,7500
"Pasar Kiaracondong","Mie Instan",2500,25000,25000,0,0,0,2500,2500,0,2500,2500,0,0,2500,2500,2500,2500,2500,0,0,0,2500,2500,0,0,0,0,2500,0,2500,2500
"Pasar Kiaracondong","Cabe Rawit Hijau",30000,30000,30000,0,0,0,30000,30000,0,30000,30000,0,0,30000,30000,0,30000,30000,0,0,0,30000,30000,0,0,0,0,35000,0,35000,30000
"Pasar Kiaracondong","Kacang Hijau",24000,24000,24000,0,0,0,24000,24000,0,24000,24000,0,0,24000,24000,24000,24000,24000,0,0,0,24000,24000,0,0,0,0,24000,0,24000,24000
"Pasar Kiaracondong","Susu Bubuk Dancow",38300,38300,38300,0,0,0,38300,0,0,38300,38300,0,0,38300,38300,38300,38300,0,0,0,0,38300,38300,0,0,0,0,38300,0,38300,38300
"Pasar Kiaracondong","Susu Bubuk Indomilk",34950,0,34950,0,0,0,34950,34950,0,34950,34950,0,0,34950,34950,34950,34950,0,0,0,0,34950,34950,0,0,0,0,34950,0,34950,34950
"Pasar Kiaracondong","Ikan Kembung",35000,35000,35000,0,0,0,35000,35000,0,35000,35000,0,0,35000,35000,35000,35000,35000,0,0,0,35000,35000,0,0,0,0,35000,0,35000,35000
