lokasi,nama_komoditas,2018-12-01,2018-12-02,2018-12-03,2018-12-04,2018-12-05,2018-12-06,2018-12-07,2018-12-08,2018-12-09,2018-12-10,2018-12-11,2018-12-12,2018-12-13,2018-12-14,2018-12-15,2018-12-16,2018-12-17,2018-12-18,2018-12-19,2018-12-20,2018-12-21,2018-12-22,2018-12-23,2018-12-24,2018-12-25,2018-12-26,2018-12-27,2018-12-28,2018-12-29,2018-12-30,2018-12-31
"Pasar Sederhana","Beras Medium",0,0,11000,0,11000,11000,11000,0,0,11000,0,11000,11000,0,0,0,11000,11000,11000,11000,0,0,0,0,0,0,11000,11000,0,0,0
"Pasar Sederhana","Cabe Merah",0,0,40000,0,40000,40000,40000,0,0,35000,0,35000,35000,0,0,0,40000,40000,40000,40000,0,0,0,0,0,0,40000,40000,0,0,0
"Pasar Sederhana","Bawang Merah",0,0,28000,0,28000,28000,28000,0,0,28000,0,28000,28000,0,0,0,32000,32000,32000,32000,0,0,0,0,0,0,28000,28000,0,0,0
"Pasar Sederhana","Daging Ayam Ras",0,0,35000,0,35000,35000,35000,0,0,35000,0,35000,35000,0,0,0,36000,36000,39000,39000,0,0,0,0,0,0,40000,40000,0,0,0
"Pasar Sederhana","Telur Ayam Ras",0,0,26000,0,26000,26000,26000,0,0,26500,0,26500,26500,0,0,0,26000,26000,26000,26000,0,0,0,0,0,0,27000,27000,0,0,0
"Pasar Sederhana","Daging Sapi",0,0,120000,0,120000,120000,120000,0,0,120000,0,120000,120000,0,0,0,120000,120000,120000,120000,0,0,0,0,0,0,125000,125000,0,0,0
"Pasar Sederhana","Minyak Goreng",0,0,14000,0,14000,14000,14000,0,0,14000,0,14000,14000,0,0,0,14000,14000,14000,14000,0,0,0,0,0,0,14000,14000,0,0,0
"Pasar Sederhana","Gula Pasir",0,0,12000,0,12000,12000,12000,0,0,12000,0,12000,12000,0,0,0,12000,12000,12000,12000,0,0,0,0,0,0,12000,12000,0,0,0
"Pasar Sederhana",Kentang,0,0,14000,0,14000,14000,14000,0,0,14000,0,14000,14000,0,0,0,14000,14000,14000,14000,0,0,0,0,0,0,14000,14000,0,0,0
"Pasar Sederhana",Kedelai,0,0,12000,0,12000,12000,12000,0,0,12000,0,12000,12000,0,0,0,12000,12000,12000,12000,0,0,0,0,0,0,12000,12000,0,0,0
"Pasar Sederhana","Tepung Terigu",0,0,7500,0,7500,7500,7500,0,0,7500,0,7500,7500,0,0,0,7500,7500,7500,7500,0,0,0,0,0,0,7500,7500,0,0,0
"Pasar Sederhana","Bawang Putih",0,0,23000,0,23000,23000,23000,0,0,23000,0,23000,23000,0,0,0,25000,25000,25000,25000,0,0,0,0,0,0,25000,25000,0,0,0
"Pasar Sederhana","Cabe Keriting",0,0,35000,0,35000,35000,35000,0,0,32000,0,32000,32000,0,0,0,30000,30000,30000,30000,0,0,0,0,0,0,30000,30000,0,0,0
"Pasar Sederhana","Cabe Rawit",0,0,32000,0,32000,32000,32000,0,0,32000,0,32000,32000,0,0,0,32000,32000,32000,32000,0,0,0,0,0,0,60000,60000,0,0,0
"Pasar Sederhana","Kacang Tanah",0,0,27000,0,27000,27000,27000,0,0,27000,0,27000,27000,0,0,0,27000,27000,27000,27000,0,0,0,0,0,0,27000,27000,0,0,0
"Pasar Sederhana","Ubi Kayu",0,0,5000,0,5000,5000,5000,0,0,5000,0,5000,5000,0,0,0,5000,5000,5000,5000,0,0,0,0,0,0,5000,5000,0,0,0
"Pasar Sederhana","Ubi Jalar",0,0,0,0,0,0,0,0,0,0,0,0,0,0,0,0,0,0,0,0,0,0,0,0,0,0,0,0,0,0,0
"Pasar Sederhana",Jagung,0,0,12000,0,12000,12000,12000,0,0,12000,0,12000,12000,0,0,0,12000,12000,12000,12000,0,0,0,0,0,0,12000,12000,0,0,0
"Pasar Sederhana","Ikan Olahan",0,0,70000,0,70000,70000,70000,0,0,70000,0,70000,70000,0,0,0,70000,70000,70000,70000,0,0,0,0,0,0,70000,70000,0,0,0
"Pasar Sederhana","Beras Premium",0,0,0,0,0,0,0,0,0,0,0,0,0,0,0,0,0,0,0,0,0,0,0,0,0,0,0,0,0,0,0
"Pasar Sederhana","Minyak Goreng Curah",0,0,11500,0,11500,11500,11500,0,0,11500,0,11500,11500,0,0,0,11500,11500,11500,11500,0,0,0,0,0,0,11500,11500,0,0,0
"Pasar Sederhana","Daging Ayam Kampung",0,0,70000,0,70000,70000,70000,0,0,70000,0,70000,70000,0,0,0,70000,70000,70000,70000,0,0,0,0,0,0,70000,70000,0,0,0
"Pasar Sederhana","Telur Ayam Kampung",0,0,44000,0,44000,44000,44000,0,0,44000,0,44000,44000,0,0,0,44000,44000,44000,44000,0,0,0,0,0,0,44000,44000,0,0,0
"Pasar Sederhana","Susu Kental Manis Merk Bendera",0,0,10000,0,10000,10000,10000,0,0,10000,0,10000,10000,0,0,0,10000,10000,10000,10000,0,0,0,0,0,0,10000,10000,0,0,0
"Pasar Sederhana","Susu Kental Manis Merk Indomilk",0,0,10000,0,10000,10000,10000,0,0,10000,0,10000,10000,0,0,0,10000,10000,10000,10000,0,0,0,0,0,0,10000,10000,0,0,0
"Pasar Sederhana","Garam Beryodium Bata",0,0,3500,0,3500,3500,3500,0,0,3500,0,3500,3500,0,0,0,3500,3500,3500,3500,0,0,0,0,0,0,3500,3500,0,0,0
"Pasar Sederhana","Garam Beryodium Halus",0,0,12000,0,12000,12000,12000,0,0,12000,0,12000,12000,0,0,0,12000,12000,12000,12000,0,0,0,0,0,0,12000,12000,0,0,0
"Pasar Sederhana","Tepung Terigu Cakra Kembar",0,0,8000,0,8000,8000,8000,0,0,8000,0,8000,8000,0,0,0,8000,8000,8000,8000,0,0,0,0,0,0,8000,8000,0,0,0
"Pasar Sederhana","Tepung Terigu Kunci",0,0,7000,0,7000,7000,7000,0,0,7000,0,7000,7000,0,0,0,7000,7000,7000,7000,0,0,0,0,0,0,7000,7000,0,0,0
"Pasar Sederhana","Mie Instan",0,0,3500,0,3500,3500,3500,0,0,2500,0,2500,2500,0,0,0,2500,25000,25000,25000,0,0,0,0,0,0,2500,2500,0,0,0
"Pasar Sederhana","Cabe Rawit Hijau",0,0,32000,0,32000,32000,32000,0,0,32000,0,32000,32000,0,0,0,32000,32000,32000,32000,0,0,0,0,0,0,35000,35000,0,0,0
"Pasar Sederhana","Kacang Hijau",0,0,21000,0,21000,21000,21000,0,0,21000,0,21000,21000,0,0,0,21000,21000,21000,21000,0,0,0,0,0,0,21000,21000,0,0,0
"Pasar Sederhana","Susu Bubuk Dancow",0,0,43700,0,43700,43700,43700,0,0,43700,0,43700,43700,0,0,0,43700,43700,43700,43700,0,0,0,0,0,0,43700,43700,0,0,0
"Pasar Sederhana","Susu Bubuk Indomilk",0,0,36100,0,36100,36100,36100,0,0,36100,0,36100,36100,0,0,0,36100,36100,36100,36100,0,0,0,0,0,0,36100,36100,0,0,0
"Pasar Sederhana","Ikan Kembung",0,0,38000,0,38000,38000,38000,0,0,38000,0,38000,38000,0,0,0,38000,38000,38000,38000,0,0,0,0,0,0,38000,38000,0,0,0
