NAMA_KEC,0Thn_P,1Thn_P,2Thn_P,3Thn_P,4Thn_P,5Thn_P,6Thn_P,7Thn_P,8Thn_P,9Thn_P,10Thn_P,11Thn_P,12Thn_P,13Thn_P,14Thn_P,15Thn_P,16Thn_P,17Thn_P,18Thn_P,19Thn_P,20Thn_P,21Thn_P,22Thn_P,23Thn_P,24Thn_P,25Thn_P,26Thn_P,27Thn_P,28Thn_P,29Thn_P,30Thn_P,31Thn_P,32Thn_P,33Thn_P,34Thn_P,35Thn_P,36Thn_P,37Thn_P,38Thn_P,39Thn_P,40Thn_P,41Thn_P,42Thn_P,43Thn_P,44Thn_P,45Thn_P,46Thn_P,47Thn_P,48Thn_P,49Thn_P,50Thn_P,51Thn_P,52Thn_P,53Thn_P,54Thn_P,55Thn_P,56Thn_P,57Thn_P,58Thn_P,59Thn_P,60Thn_P,61Thn_P,62Thn_P,63Thn_P,64Thn_P,65Thn_P,66Thn_P,67Thn_P,68Thn_P,69Thn_P,70Thn_P,71Thn_P,72Thn_P,73Thn_P,74Thn_P,75Thn_P,76Thn_P,77Thn_P,78Thn_P,79Thn_P,80Thn_P,81Thn_P,82Thn_P,83Thn_P,84Thn_P,85Thn_P,86Thn_P,87Thn_P,88Thn_P,89Thn_P,90Thn_P,91Thn_P,92Thn_P,93Thn_P,94Thn_P,95Thn_P,96Thn_P,97Thn_P,98Thn_P,99Thn_P,100Thn_P,>100Thn_P,JML_DUK
SUKASARI,0,343,551,467,512,496,578,576,559,551,581,582,522,610,585,584,502,507,475,522,529,495,546,565,527,543,487,536,541,557,557,521,565,598,608,658,656,617,611,597,582,610,643,593,595,562,557,549,561,492,475,455,509,411,414,424,333,405,406,327,324,339,295,300,279,287,232,262,237,201,174,151,202,156,160,193,115,122,90,76,55,79,59,52,52,47,25,49,30,20,15,10,12,3,8,2,3,1,1,0,0,2,36040
COBLONG,0,539,764,757,840,831,848,909,850,879,843,842,884,874,918,872,899,854,728,836,812,799,836,821,884,870,841,854,886,821,835,900,893,909,954,1060,961,970,930,891,870,865,884,814,848,918,765,835,875,741,717,655,759,641,670,644,523,569,527,541,486,474,479,433,456,414,258,311,291,245,247,184,301,192,207,272,144,182,189,114,109,92,114,87,59,64,35,62,37,20,19,17,20,9,12,7,2,3,2,3,1,6,54814
BABAKAN CIPARAY,0,614,1007,1023,1059,1091,1113,1113,1077,1081,1094,1129,1113,1141,1209,1143,1124,1163,996,1076,1044,1059,1108,1091,1111,1102,1033,1061,1046,1016,1051,1076,1175,1182,1197,1285,1127,1191,1149,1049,1044,1057,1077,931,929,937,749,891,860,775,676,673,787,674,624,629,526,668,604,572,512,500,467,417,406,396,243,305,229,214,177,152,243,140,141,178,90,123,85,77,46,54,55,42,32,31,19,31,12,12,14,3,11,7,4,0,4,3,1,1,0,2,63681
BOJONGLOA KALER,0,633,869,936,904,991,941,1084,991,1039,995,1028,977,1028,1107,1067,1009,1101,810,920,932,1013,980,950,944,985,998,968,921,850,931,953,1007,1093,1057,1172,1066,1062,1057,958,878,918,931,837,891,950,784,789,832,770,730,661,764,638,622,673,541,658,595,516,496,463,480,442,374,405,253,300,270,215,178,192,255,179,183,200,111,136,128,87,76,100,87,70,54,33,24,37,10,15,11,12,7,6,4,6,4,4,0,0,0,2,59214
ANDIR,0,496,654,742,693,732,769,804,787,769,776,779,776,783,806,848,793,831,713,786,770,785,858,705,774,761,723,771,739,716,765,797,779,886,857,893,955,900,893,878,852,909,866,827,783,851,731,767,850,736,663,641,705,599,566,572,440,517,555,475,451,440,383,418,363,364,263,319,272,223,221,186,274,200,191,241,131,155,125,104,94,87,101,62,56,59,39,45,23,25,28,13,18,7,11,7,3,0,2,3,1,5,50460
CICENDO,0,448,635,650,662,685,670,723,672,686,719,687,753,726,759,723,725,796,662,715,730,723,777,728,726,738,678,702,707,666,656,685,749,763,825,859,835,797,819,811,737,787,740,708,722,748,643,718,690,653,636,609,676,550,547,538,448,529,483,492,421,429,355,364,329,362,254,252,239,240,221,174,232,174,174,187,128,185,128,111,99,94,82,69,68,54,37,53,32,21,21,26,19,16,9,4,3,5,1,6,0,3,46405
SUKAJADI,0,483,677,700,686,798,759,856,767,801,838,775,720,833,839,885,834,835,712,766,751,769,769,748,778,848,766,794,785,759,748,751,838,833,853,898,825,830,809,753,784,804,782,800,725,764,691,699,716,633,605,607,720,538,540,548,449,545,523,454,441,432,379,412,383,373,258,295,249,231,204,170,253,165,162,205,101,135,117,102,78,86,90,60,53,55,26,60,25,24,16,20,17,9,9,7,4,5,0,4,0,1,49112
CIDADAP,0,243,398,399,407,396,409,424,463,405,428,395,379,407,436,405,444,451,394,373,366,378,441,417,414,411,390,395,384,415,380,399,421,419,472,473,465,457,442,397,406,384,392,375,386,425,357,372,377,332,351,305,324,305,312,305,237,296,260,231,251,200,202,181,155,192,110,152,132,116,85,70,123,84,81,121,67,66,61,62,43,31,31,27,18,22,28,17,17,10,18,7,6,5,5,3,5,1,0,0,0,0,25529
BANDUNG WETAN,0,103,185,164,178,169,181,222,212,206,212,202,210,204,235,225,237,223,206,221,211,232,246,242,244,177,227,242,204,219,224,252,256,262,251,283,228,283,248,286,250,255,255,274,233,235,231,285,277,236,198,210,189,217,202,173,181,176,193,164,189,153,154,146,126,137,99,102,86,88,82,59,76,57,58,92,71,70,43,57,52,47,46,39,29,33,22,35,11,21,17,17,18,2,6,4,8,8,1,2,1,2,15412
ASTANA ANYAR,0,324,474,444,582,539,588,578,597,571,536,577,581,568,608,608,543,626,493,530,557,573,552,554,584,571,547,550,477,529,559,581,575,608,606,685,640,664,624,532,608,585,553,585,538,559,498,484,503,486,489,459,493,476,415,411,368,424,412,365,387,350,318,331,303,285,230,276,233,208,176,185,193,136,148,161,120,155,103,107,103,90,81,54,47,51,39,45,15,27,12,16,7,15,6,5,2,2,6,1,0,3,36678
REGOL,0,362,507,577,546,556,577,601,549,593,602,623,579,619,637,680,634,678,548,592,655,643,660,604,623,634,638,551,597,598,595,635,629,705,709,752,766,734,729,750,702,651,681,672,627,642,572,640,582,525,562,494,545,505,476,512,407,443,419,383,402,364,350,350,340,326,253,293,236,228,230,184,219,153,163,189,127,133,128,98,88,88,86,53,53,39,24,43,27,20,19,14,16,11,5,5,2,5,3,2,2,4,40682
BATUNUNGGAL,0,458,802,884,846,833,896,919,888,906,969,892,922,954,1025,994,997,965,903,992,877,926,1045,1016,889,909,864,886,855,805,809,822,881,971,956,1108,963,969,943,958,956,982,973,991,906,1006,824,898,885,837,842,740,817,679,725,720,521,616,529,554,495,483,464,438,421,401,269,356,258,195,218,185,296,219,225,245,132,209,153,116,113,98,87,79,50,59,32,52,28,20,22,9,14,7,8,0,3,5,0,1,0,0,57963
LENGKONG,0,307,454,455,486,455,488,497,484,502,506,510,508,548,561,592,583,581,482,510,547,558,573,508,545,542,475,526,499,526,540,467,513,583,578,637,544,581,626,555,552,564,629,528,543,636,549,552,619,536,506,498,534,456,425,452,357,421,392,382,312,310,321,313,310,281,229,225,229,214,201,191,222,199,178,186,138,144,154,124,83,112,106,78,81,63,53,64,43,27,33,11,13,19,8,5,5,1,6,1,2,2,35860
CIBEUNYING KIDUL,0,488,792,789,827,832,874,869,893,911,821,901,859,871,946,962,898,911,778,835,837,858,902,826,829,911,813,850,823,795,765,852,822,843,909,1033,945,957,936,874,857,859,830,809,827,871,743,796,816,792,729,643,771,648,591,638,538,611,606,579,583,435,450,412,387,374,239,318,227,195,205,160,273,184,173,265,121,184,131,109,103,91,103,75,41,48,50,64,21,28,14,12,9,12,10,7,0,2,2,3,0,2,54113
BANDUNG KULON,0,593,945,1035,1016,1013,1092,1133,1117,1139,1145,1177,1167,1070,1284,1250,1181,1230,1074,1112,1049,1110,1111,1094,1089,1128,996,1075,1069,1023,955,1042,1140,1228,1186,1306,1136,1183,1194,1118,1043,1081,1085,1006,971,1030,837,950,915,776,761,667,785,716,631,633,468,657,571,462,466,404,425,383,345,312,203,277,244,203,175,166,247,142,140,184,59,138,105,84,69,72,88,51,41,32,23,32,15,8,12,9,5,7,6,3,1,2,1,4,1,5,64239
KIARACONDONG,0,624,965,918,944,915,954,1016,990,1014,1025,999,944,1003,1004,1082,1017,1035,947,953,1039,1058,1055,1029,946,957,921,907,913,890,887,922,922,978,1021,1162,1035,1063,1072,1019,1002,970,987,979,926,969,878,903,969,894,862,774,831,754,705,685,571,666,646,601,563,475,473,451,445,416,310,342,249,243,195,185,257,171,150,231,100,165,125,108,75,71,69,49,37,29,23,35,16,14,17,11,5,5,4,3,0,2,0,1,0,1,60838
BOJONGLOA KIDUL,0,398,658,648,666,690,655,745,685,730,718,691,666,730,759,744,695,750,595,721,617,643,677,660,688,699,636,639,598,640,679,632,709,766,804,852,721,746,758,690,692,674,672,628,573,682,509,600,547,518,501,427,471,492,402,409,330,383,372,354,344,289,277,279,248,233,163,205,171,155,131,122,149,113,106,134,64,90,90,61,35,56,50,39,21,34,22,28,9,16,12,11,5,5,2,2,0,1,1,1,2,3,40813
CIBEUNYING KALER,0,298,471,475,527,491,564,523,554,520,547,518,528,538,555,551,581,591,505,525,528,524,518,541,533,548,476,570,533,533,477,511,508,553,561,597,573,614,528,575,552,519,526,510,542,528,489,531,508,473,478,452,482,417,404,366,346,365,383,323,305,278,273,294,241,227,186,206,133,155,145,115,166,130,134,168,78,128,89,70,67,68,67,33,35,49,24,25,14,13,12,11,4,4,4,4,2,2,1,2,2,1,33822
SUMUR BANDUNG,0,169,239,224,223,252,260,245,253,269,264,231,278,278,276,340,326,313,267,293,272,254,284,253,266,258,265,240,267,268,241,265,283,286,291,295,276,277,281,293,274,256,292,262,288,293,270,284,274,255,229,221,295,219,216,223,152,197,168,181,162,169,173,136,138,137,103,85,108,85,69,72,91,66,78,84,56,55,62,54,55,48,37,29,21,24,24,26,10,8,11,10,6,15,3,5,4,2,1,1,1,2,17590
ANTAPANI,0,399,569,582,551,563,563,537,609,572,546,499,528,558,534,544,571,541,531,542,553,534,669,577,624,646,654,610,692,626,620,623,623,641,708,701,675,648,656,591,541,536,551,502,515,482,452,494,495,421,473,440,488,500,521,599,527,538,502,484,431,393,317,327,298,250,198,186,168,123,88,76,123,84,86,92,40,64,46,41,37,30,41,23,23,29,16,26,4,6,5,6,7,4,2,5,1,3,0,0,0,0,36770
BANDUNG KIDUL,0,299,436,434,452,448,436,475,443,440,486,455,488,486,485,482,537,463,422,443,442,491,455,490,419,414,448,436,436,441,463,424,444,505,480,542,468,545,512,507,473,451,474,433,461,443,444,409,438,378,380,336,392,342,319,311,239,290,271,233,220,203,209,209,193,169,131,142,133,81,116,86,127,67,82,96,64,69,53,49,40,35,33,24,20,14,13,22,6,6,6,1,6,6,2,4,3,2,0,0,0,0,28231
BUAHBATU,0,493,700,711,724,741,749,779,784,782,745,763,758,768,814,795,760,824,706,754,748,812,774,827,804,776,791,781,797,774,805,758,833,862,786,884,861,853,859,792,742,782,778,705,704,740,657,707,715,658,631,586,691,578,598,614,487,551,507,425,455,394,392,367,284,326,208,258,202,168,161,126,204,123,111,157,82,111,68,74,59,54,58,30,27,28,18,28,16,14,7,8,8,4,7,0,1,1,1,0,0,0,47823
RANCASARI,0,435,593,598,595,636,591,631,628,612,641,639,647,608,660,664,658,723,568,603,614,612,629,683,644,628,644,660,673,572,669,653,680,654,653,785,701,695,727,676,626,651,684,577,603,593,510,570,579,524,482,444,515,498,414,476,330,432,389,380,363,319,356,350,292,287,202,254,200,153,124,115,173,91,95,149,58,85,63,68,48,51,54,29,32,34,13,28,14,15,9,7,8,6,5,2,1,1,0,1,0,1,39415
ARCAMANIK,0,361,572,563,568,561,568,610,607,585,544,551,592,574,563,603,587,599,532,573,560,563,597,593,588,527,554,603,627,561,546,581,580,661,582,665,611,624,551,571,526,518,537,545,530,545,446,529,525,478,485,409,500,421,402,424,320,383,344,318,328,289,300,264,219,212,127,172,126,109,112,98,113,88,77,117,49,83,63,51,37,36,32,38,23,30,12,24,8,13,6,5,4,2,0,0,1,3,1,0,1,4,34920
CIBIRU,0,402,519,576,546,542,581,612,625,594,624,594,583,665,615,658,642,638,549,581,585,619,656,615,590,617,553,541,582,514,521,505,548,536,543,660,609,607,658,576,521,590,524,522,576,605,485,539,553,469,415,391,446,411,383,373,265,337,293,252,242,207,231,198,187,190,119,137,105,86,76,70,99,67,67,98,40,57,43,37,33,22,35,17,8,23,5,17,5,10,5,5,6,2,0,3,2,0,2,0,0,2,34289
UJUNG BERUNG,0,427,648,638,681,632,680,720,689,731,675,703,680,676,708,683,750,704,611,622,633,674,669,650,642,671,629,615,593,569,565,558,632,639,703,742,684,756,705,644,626,597,631,611,632,642,524,643,566,532,499,452,499,434,406,464,345,410,348,342,345,274,269,258,259,241,147,203,137,117,120,90,175,104,98,117,62,90,59,55,41,47,55,36,23,28,16,31,14,10,10,6,5,0,3,3,1,2,0,1,1,2,39389
GEDEBAGE,0,184,271,291,309,305,282,349,333,338,322,335,283,334,320,361,369,303,289,282,301,308,321,287,293,261,273,294,273,282,263,298,280,287,318,370,331,375,351,350,348,358,333,304,307,333,255,300,263,224,269,204,238,224,196,179,136,211,176,174,143,112,125,128,96,102,69,73,60,45,48,36,69,44,50,47,24,32,21,31,11,18,25,22,12,11,8,15,5,6,5,4,4,1,1,0,2,0,0,0,0,1,18514
PANYILEUKAN,0,185,274,316,266,260,262,271,249,277,261,262,260,277,318,322,334,322,295,318,328,372,382,362,362,366,339,362,364,316,284,265,267,277,289,306,269,260,285,262,265,291,247,246,227,296,261,258,310,279,306,289,322,316,310,310,247,264,200,192,181,136,116,112,103,83,55,49,48,51,38,42,53,34,40,43,8,34,26,12,16,19,11,11,11,6,5,12,5,4,2,1,4,0,2,0,1,2,0,1,0,0,18459
CINAMBO,0,127,216,218,191,217,221,198,213,225,207,196,184,200,201,209,188,216,189,192,202,178,204,197,190,198,173,186,194,162,194,174,198,208,199,250,204,232,254,216,196,226,205,173,183,205,166,144,175,160,139,133,147,108,123,113,100,115,115,79,83,91,67,69,51,63,44,46,52,26,31,23,49,19,19,36,20,21,26,16,18,10,13,4,7,7,6,3,4,5,1,0,3,0,3,1,0,1,0,0,0,0,11764
MANDALAJATI,0,369,545,549,531,577,625,606,538,581,555,568,544,589,590,591,535,595,511,529,505,541,558,505,547,522,571,556,553,507,489,504,550,561,554,649,595,612,623,535,497,485,540,514,490,487,411,424,438,432,432,378,426,380,360,372,282,381,311,284,319,249,238,223,194,193,149,141,107,96,93,82,138,69,76,88,52,66,42,33,36,30,30,22,22,14,10,12,3,5,4,2,5,2,2,0,1,0,0,0,0,0,32737
