nama_kecamatan,jumlah_pengguna_IUD,persentase_pengguna_IUD,jumlah_pengguna_MOW,persentase_pengguna_MOW,jumlah_pengguna_MOP,persentase_pengguna_MOP,jumlah_pengguna_kondom,persentase_pengguna_kondom,jumlah_pengguna_implan,persentase_pengguna_implan,jumlah_pengguna_suntikan,persentase_pengguna_suntikan,jumlah_pengguna_pil,persentase_pengguna_pil,jumlah_peserta_kb_aktif
Sukasari ,1717,29.9,175,3.05,12,0.21,137,2.39,44,0.77,2626,45.73,1032,17.97,5743
Coblong ,4111,34.9,1195,10.15,23,0.2,664,5.64,225,1.91,3981,33.8,1579,13.41,11778
Babakan Ciparay ,3344,19.76,244,1.44,26,0.15,102,0.6,228,1.35,10365,61.26,2612,15.44,16921
Bojongloa Kaler ,5483,39.65,446,3.23,56,0.4,221,1.6,181,1.31,4587,33.17,2855,20.65,13829
Andir ,2176,22.14,648,6.59,19,0.19,152,1.55,253,2.57,4120,41.92,2461,25.04,9829
Cicendo ,2375,28.97,324,3.95,22,0.27,183,2.23,106,1.29,4149,50.6,1040,12.68,8199
Sukajadi ,3072,27.45,1974,17.64,37,0.33,507,4.53,126,1.13,3453,30.86,2022,18.07,11191
Cidadap ,1246,20.62,220,3.64,7,0.12,42,0.7,494,8.17,3082,51,952,15.75,6043
Bandung Wetan ,2022,51.99,441,11.34,27,0.69,101,2.6,110,2.83,733,18.85,455,11.7,3889
Astana Anyar ,1886,29.6,184,2.89,16,0.25,82,1.29,154,2.42,3343,52.46,707,11.1,6372
Regol ,4518,40.66,378,3.4,279,2.51,23,0.21,122,1.1,4341,39.07,1451,13.06,11112
Batununggal ,3293,29.61,273,2.45,18,0.16,204,1.83,77,0.69,5341,48.03,1915,17.22,11121
Lengkong ,4117,38.99,292,2.77,20,0.19,403,3.82,189,1.79,4289,40.62,1250,11.84,10560
Cibeunying Kidul ,3748,32.49,1125,9.75,53,0.46,60,0.52,79,0.68,5104,44.25,1366,11.84,11535
Bandung Kulon ,6856,53.71,282,2.21,10,0.08,124,0.97,288,2.26,2822,22.11,2382,18.66,12764
Kiaracondong ,3113,28.7,218,2.01,20,0.18,236,2.18,118,1.09,5292,48.78,1851,17.06,10848
Bojongloa Kidul ,2198,23.33,63,0.67,32,0.34,28,0.3,228,2.42,6074,64.48,797,8.46,9420
Cibeunying Kaler ,2990,42.53,225,3.2,28,0.4,98,1.39,191,2.72,2440,34.7,1059,15.06,7031
Sumur Bandung ,4273,55.65,1351,17.59,164,2.14,2,0.03,23,0.3,16,0.21,1850,24.09,7679
Antapani ,2791,39.83,169,2.41,31,0.44,196,2.8,73,1.04,2830,40.38,918,13.1,7008
Bandung Kidul ,610,22.76,58,2.16,7,0.26,74,2.76,21,0.78,1372,51.19,538,20.07,2680
Buahbatu ,2617,30.93,124,1.47,26,0.31,150,1.77,101,1.19,4184,49.45,1259,14.88,8461
Rancasari ,2649,36.72,166,2.3,25,0.35,234,3.24,33,0.46,3143,43.56,965,13.37,7215
Arcamanik ,2223,33.07,236,3.51,24,0.36,111,1.65,364,5.42,2968,44.15,796,11.84,6722
Cibiru ,1169,18.41,127,2,31,0.49,132,2.08,190,2.99,3459,54.48,1241,19.55,6349
Ujung Berung ,8154,69.37,126,1.07,58,0.49,246,2.09,323,2.75,1197,10.18,1651,14.05,11755
Gedebage ,2003,33.46,809,13.51,124,2.07,205,3.42,126,2.1,2068,34.54,652,10.89,5987
Panyileukan ,1469,37.41,104,2.65,16,0.41,176,4.48,79,2.01,1463,37.25,620,15.79,3927
Cinambo ,820,26.74,66,2.15,9,0.29,58,1.89,29,0.95,1539,50.18,546,17.8,3067
Mandalajati ,1682,23.02,242,3.31,18,0.25,142,1.94,138,1.89,3881,53.11,1205,16.49,7308
