No,Tgl,Waktu,Tidak Menggunakan Helm,Berhenti di Zebra Cross,Berhenti di RHK,Berhenti Melebihi Stopline,Merokok,Kelebihan Muatan,Lainnya,Total Pelanggaran,Roda 2,Roda 4/Lebih,Lainnya,Total Kendaraan
1,02/01/2018,Pagi,0,1,2,6,0,0,0,9,7,2,0,9
2,02/01/2018,Pagi,0,4,0,13,0,0,0,17,14,2,0,16
3,02/01/2018,Pagi,0,0,0,0,0,0,0,0,0,0,0,0
4,02/01/2018,Sore,1,2,8,16,0,0,0,27,19,8,0,27
5,02/01/2018,Sore,0,0,0,9,0,0,0,9,8,1,0,9
6,02/01/2018,Sore,0,2,6,3,0,0,0,11,3,8,0,11
7,02/02/2018,Pagi,0,0,0,2,0,0,0,2,2,0,0,2
8,02/02/2018,Pagi,0,7,10,1,0,0,0,18,6,12,0,18
9,02/02/2018,Pagi,0,2,0,3,0,0,3,8,6,2,0,8
10,02/02/2018,Sore,0,0,0,1,0,0,0,1,0,1,0,1
11,02/02/2018,Sore,0,36,6,30,0,0,0,72,62,10,0,72
12,02/02/2018,Sore,1,27,15,76,0,0,0,119,94,24,0,118
13,03/02/2018,Pagi,0,0,0,50,0,0,188,238,234,4,0,238
14,03/02/2018,Pagi,0,2,1,3,0,0,0,6,5,1,0,6
15,03/02/2018,Pagi,3,10,7,19,0,0,0,39,32,7,0,39
16,03/02/2018,Sore,0,1,1,8,0,0,0,10,8,2,0,10
17,03/02/2018,Sore,0,3,0,6,0,0,0,9,7,2,0,9
18,03/02/2018,Sore,0,8,3,11,0,0,0,22,15,6,0,21
19,04/02/2018,Pagi,1,0,4,39,0,0,10,54,46,6,0,52
20,04/02/2018,Pagi,0,0,0,0,0,0,0,0,0,0,0,0
21,04/02/2018,Pagi,0,0,0,17,0,0,0,17,16,1,0,17
22,04/02/2018,Sore,2,5,5,9,0,2,0,23,14,5,0,19
23,04/02/2018,Sore,25,26,2,20,0,7,0,80,56,3,1,60
24,04/02/2018,Sore,0,0,0,0,0,0,0,0,0,0,0,0
25,05/02/2018,Pagi,0,22,0,41,0,0,11,74,69,4,0,73
26,05/02/2018,Pagi,0,1,3,4,0,0,0,8,5,3,0,8
27,05/02/2018,Pagi,0,2,1,19,0,0,0,22,20,2,0,22
28,05/02/2018,Sore,0,0,0,0,0,0,0,0,0,0,0,0
29,05/02/2018,Sore,1,21,5,5,0,0,0,32,26,6,0,32
30,05/02/2018,Sore,0,14,48,0,0,0,0,62,11,51,0,62
31,06/02/2018,Pagi,1,0,3,29,0,0,0,33,29,3,0,32
32,06/02/2018,Pagi,1,2,0,9,0,0,0,12,9,2,0,11
33,06/02/2018,Pagi,0,0,8,1,0,0,0,9,1,8,0,9
34,06/02/2018,Sore,0,0,0,0,0,0,0,0,0,0,0,0
35,06/02/2018,Sore,2,2,5,1,0,0,0,10,4,6,0,10
36,06/02/2018,Sore,2,6,0,9,0,0,1,18,17,1,0,18
37,07/02/2018,Pagi,1,0,0,0,0,0,1,2,2,0,0,2
38,07/02/2018,Pagi,12,88,0,25,0,1,0,126,110,2,1,113
39,07/02/2018,Pagi,0,2,6,4,0,0,0,12,6,6,0,12
40,07/02/2018,Sore,1,13,26,10,0,0,0,50,15,35,0,50
41,07/02/2018,Sore,0,0,0,0,0,0,0,0,0,0,0,0
42,07/02/2018,Sore,0,0,9,6,0,0,0,15,6,9,0,15
43,08/02/2018,Pagi,4,0,1,2,0,0,1,8,7,1,0,8
44,08/02/2018,Pagi,0,0,0,0,0,0,0,0,0,0,0,0
45,08/02/2018,Pagi,0,4,0,5,0,0,0,9,7,2,0,9
46,08/02/2018,Sore,1,2,1,2,0,0,1,7,5,2,0,7
47,08/02/2018,Sore,1,5,3,12,0,0,0,21,15,6,0,21
48,08/02/2018,Sore,0,6,15,2,0,0,0,23,6,16,0,22
49,09/02/2018,Pagi,0,1,4,4,0,0,0,9,4,4,0,8
50,09/02/2018,Pagi,0,10,21,0,0,0,0,31,11,20,0,31
51,09/02/2018,Pagi,0,10,0,7,0,0,0,17,9,8,0,17
52,09/02/2018,Sore,0,0,0,0,0,0,0,0,0,0,0,0
53,09/02/2018,Sore,0,0,0,0,0,0,0,0,0,0,0,0
54,09/02/2018,Sore,0,4,0,4,0,0,0,8,5,2,0,7
55,10/02/2018,Pagi,0,0,0,19,0,0,124,143,143,0,0,143
56,10/02/2018,Pagi,0,0,0,3,0,0,0,3,3,0,0,3
57,10/02/2018,Pagi,3,8,6,15,0,0,0,32,26,6,0,32
58,10/02/2018,Sore,0,0,0,3,0,0,0,3,2,1,0,3
59,10/02/2018,Sore,0,10,23,1,0,0,0,34,4,30,0,34
60,10/02/2018,Sore,0,0,0,4,0,0,0,4,4,0,0,4
61,11/02/2018,Pagi,0,0,1,3,0,0,0,4,3,1,0,4
62,11/02/2018,Pagi,0,0,0,0,0,0,0,0,0,0,0,0
63,11/02/2018,Pagi,0,15,0,26,0,0,0,41,31,10,0,41
64,11/02/2018,Sore,1,0,3,10,0,0,0,14,9,5,0,14
65,11/02/2018,Sore,0,0,0,0,0,0,0,0,0,0,0,0
66,11/02/2018,Sore,31,13,6,5,0,0,0,55,46,1,0,47
67,12/02/2018,Pagi,2,7,0,24,0,0,0,33,31,1,0,32
68,12/02/2018,Pagi,2,0,5,4,0,0,0,11,6,5,0,11
69,12/02/2018,Pagi,0,6,0,44,0,0,0,50,48,2,0,50
70,12/02/2018,Sore,0,0,0,0,0,0,0,0,0,0,0,0
71,12/02/2018,Sore,5,18,2,20,0,0,0,45,44,1,0,45
72,12/02/2018,Sore,0,0,24,0,0,0,0,24,0,24,0,24
73,13/02/2018,Pagi,1,0,1,11,0,0,0,13,12,1,0,13
74,13/02/2018,Pagi,0,0,1,1,0,0,0,2,1,1,0,2
75,13/02/2018,Pagi,0,0,0,0,0,0,0,0,0,0,0,0
76,13/02/2018,Sore,0,0,0,0,0,0,0,0,0,0,0,0
77,13/02/2018,Sore,3,0,5,1,0,0,0,9,3,6,0,9
78,13/02/2018,Sore,0,0,0,0,0,0,0,0,0,0,0,0
79,14/02/2018,Pagi,0,0,1,0,0,0,0,1,0,1,0,1
80,14/02/2018,Pagi,12,71,0,2,1,0,0,86,74,3,0,77
81,14/02/2018,Pagi,0,1,1,2,0,0,15,19,18,1,0,19
82,14/02/2018,Sore,0,20,24,6,0,0,0,50,13,37,0,50
83,14/02/2018,Sore,0,1,6,1,0,0,0,8,2,6,0,8
84,15/02/2018,Pagi,0,0,0,1,0,0,0,1,11,0,0,11
85,15/02/2018,Pagi,0,0,0,0,0,0,0,0,0,0,0,0
86,15/02/2018,Pagi,0,2,0,0,0,0,0,2,2,0,0,2
87,15/02/2018,Sore,0,3,2,10,0,0,0,15,12,3,1,16
88,15/02/2018,Sore,0,3,12,9,0,0,0,24,7,15,0,22
89,15/02/2018,Sore,0,0,0,0,0,0,0,0,0,0,0,0
90,16/02/2018,Pagi,0,0,6,2,0,0,0,8,2,6,0,8
91,16/02/2018,Pagi,0,0,1,2,0,0,0,3,0,1,0,1
92,16/02/2018,Pagi,0,3,0,11,0,0,0,14,10,6,0,16
93,16/02/2018,Sore,0,5,2,6,0,0,0,13,7,6,0,13
94,16/02/2018,Sore,0,0,0,0,0,0,0,0,0,0,0,0
95,16/02/2018,Sore,0,0,0,0,0,0,0,0,0,0,0,0
96,17/02/2018,Pagi,0,0,0,3,0,0,0,3,3,0,0,3
97,17/02/2018,Pagi,0,0,0,0,0,0,0,0,0,0,0,0
98,17/02/2018,Pagi,11,8,9,19,0,0,0,47,40,10,0,50
99,17/02/2018,Sore,0,0,0,4,0,0,0,4,3,1,0,4
100,17/02/2018,Sore,0,0,3,0,0,0,0,3,0,3,0,3
101,17/02/2018,Sore,0,0,8,1,0,0,0,9,1,8,0,9
102,18/02/2018,Pagi,0,0,1,6,0,0,0,7,6,1,0,7
103,18/02/2018,Pagi,0,0,0,0,0,0,0,0,0,0,0,0
104,18/02/2018,Pagi,1,5,0,17,0,0,0,23,21,3,0,24
105,18/02/2018,Sore,0,0,7,7,0,0,0,14,6,7,0,13
106,18/02/2018,Sore,0,0,0,0,0,0,0,0,0,0,0,0
107,18/02/2018,Sore,12,3,0,14,0,0,0,29,27,0,0,27
108,19/02/2018,Pagi,1,11,0,44,0,0,0,56,54,1,0,55
109,19/02/2018,Pagi,1,21,0,12,0,0,0,34,30,0,0,30
110,19/02/2018,Pagi,0,0,0,0,0,0,0,0,0,0,0,0
111,19/02/2018,Sore,0,0,0,0,0,0,0,0,0,0,0,0
112,19/02/2018,Sore,3,42,8,28,0,0,11,92,79,10,0,89
113,19/02/2018,Sore,0,0,0,0,0,0,0,0,0,0,0,0
114,20/02/2018,Pagi,0,7,0,7,0,0,0,14,11,2,0,13
115,20/02/2018,Pagi,0,0,10,0,0,0,2,12,0,10,0,10
116,20/02/2018,Pagi,0,0,0,0,0,0,0,0,0,0,0,0
117,20/02/2018,Sore,0,0,0,0,0,0,0,0,0,0,0,0
118,20/02/2018,Sore,0,0,6,4,0,0,0,10,4,6,0,10
119,20/02/2018,Sore,6,15,0,24,0,0,2,47,42,4,0,46
120,21/02/2018,Pagi,0,0,0,0,0,0,15,15,15,0,0,15
121,21/02/2018,Pagi,0,0,1,2,0,0,2,5,2,1,0,3
122,21/02/2018,Pagi,6,37,0,5,0,0,0,48,47,0,0,47
123,21/02/2018,Sore,0,13,24,16,0,0,1,54,15,37,0,52
124,21/02/2018,Sore,0,0,0,0,0,0,0,0,0,0,0,0
125,21/02/2018,Sore,0,0,0,0,0,0,0,0,0,0,0,0
126,22/02/2018,Pagi,0,1,1,2,0,0,1,5,3,1,0,4
127,22/02/2018,Pagi,0,0,0,0,0,0,0,0,0,0,0,0
128,22/02/2018,Pagi,0,4,0,1,0,0,0,5,5,0,0,5
129,22/02/2018,Sore,3,4,4,25,0,0,0,36,32,5,0,37
130,22/02/2018,Sore,0,0,0,0,0,0,0,0,0,0,0,0
131,22/02/2018,Sore,1,1,2,8,0,0,0,12,8,4,0,12
132,23/02/2018,Pagi,0,0,2,1,0,0,0,3,1,2,0,3
133,23/02/2018,Pagi,0,17,22,3,0,0,0,42,17,25,0,42
134,23/02/2018,Pagi,1,7,0,16,0,0,0,24,21,4,0,25
135,23/02/2018,Sore,0,0,0,18,0,0,2,20,16,2,0,18
136,23/02/2018,Sore,1,0,0,2,0,0,1,4,2,1,0,3
137,23/02/2018,Sore,0,0,0,1,0,0,0,1,1,0,0,1
138,24/02/2018,Pagi,0,8,0,36,0,0,0,44,44,0,0,44
139,24/02/2018,Pagi,0,0,0,0,0,0,0,0,0,0,0,0
140,24/02/2018,Pagi,3,25,4,19,0,0,28,79,70,7,0,77
141,24/02/2018,Sore,0,1,0,4,0,0,1,6,5,0,0,5
142,24/02/2018,Sore,0,0,3,0,0,0,2,5,0,3,0,3
143,24/02/2018,Sore,1,0,8,12,0,0,5,26,13,8,0,21
144,25/02/2018,Pagi,0,0,0,1,0,0,0,1,1,0,0,1
145,25/02/2018,Pagi,0,0,0,0,0,0,0,0,0,0,0,0
146,25/02/2018,Pagi,1,4,0,35,0,0,0,40,36,4,0,40
147,25/02/2018,Sore,3,0,1,10,0,0,0,14,13,1,0,14
148,25/02/2018,Sore,0,0,0,0,0,0,0,0,0,0,0,0
149,25/02/2018,Sore,12,8,0,12,1,0,0,33,27,3,0,30
150,26/02/2018,Pagi,0,3,1,31,0,0,5,40,38,2,0,40
151,26/02/2018,Pagi,2,10,5,13,0,0,0,30,18,7,0,25
152,26/02/2018,Pagi,0,0,0,0,0,0,0,0,0,0,0,0
153,26/02/2018,Sore,0,0,0,0,0,0,0,0,0,0,0,0
154,26/02/2018,Sore,6,29,19,32,0,0,4,90,69,20,0,89
155,26/02/2018,Sore,0,0,0,0,0,0,0,0,0,0,0,0
156,27/02/2018,Pagi,0,0,0,0,0,0,0,0,0,0,0,0
157,27/02/2018,Pagi,0,0,0,0,0,0,0,0,0,0,0,0
158,27/02/2018,Pagi,0,0,0,0,0,0,0,0,0,0,0,0
159,27/02/2018,Sore,0,0,0,0,0,0,0,0,0,0,0,0
160,27/02/2018,Sore,2,0,1,0,0,0,20,23,21,1,0,22
161,27/02/2018,Sore,2,15,0,3,0,0,1,21,16,1,1,18
162,28/02/2018,Pagi,0,1,0,0,0,0,0,1,0,1,0,1
163,28/02/2018,Pagi,0,1,0,0,0,0,0,1,1,0,0,1
164,28/02/2018,Pagi,10,49,0,32,0,0,0,91,83,3,0,86
165,28/02/2018,Sore,0,60,60,49,0,0,0,169,55,112,0,167
166,28/02/2018,Sore,0,0,0,0,0,0,0,0,0,0,0,0
167,28/02/2018,Sore,0,0,0,0,0,0,0,0,0,0,0,0
