NAMA_KEC,DESA_KEL,0Thn_L,1Thn_L,2Thn_L,3Thn_L,4Thn_L,5Thn_L,6Thn_L,7Thn_L,8Thn_L,9Thn_L,10Thn_L,11Thn_L,12Thn_L,13Thn_L,14Thn_L,15Thn_L,16Thn_L,17Thn_L,18Thn_L,19Thn_L,20Thn_L,21Thn_L,22Thn_L,23Thn_L,24Thn_L,25Thn_L,26Thn_L,27Thn_L,28Thn_L,29Thn_L,30Thn_L,31Thn_L,32Thn_L,33Thn_L,34Thn_L,35Thn_L,36Thn_L,37Thn_L,38Thn_L,39Thn_L,40Thn_L,41Thn_L,42Thn_L,43Thn_L,44Thn_L,45Thn_L,46Thn_L,47Thn_L,48Thn_L,49Thn_L,50Thn_L,51Thn_L,52Thn_L,53Thn_L,54Thn_L,55Thn_L,56Thn_L,57Thn_L,58Thn_L,59Thn_L,60Thn_L,61Thn_L,62Thn_L,63Thn_L,64Thn_L,65Thn_L,66Thn_L,67Thn_L,68Thn_L,69Thn_L,70Thn_L,71Thn_L,72Thn_L,73Thn_L,74Thn_L,75Thn_L,76Thn_L,77Thn_L,78Thn_L,79Thn_L,80Thn_L,81Thn_L,82Thn_L,83Thn_L,84Thn_L,85Thn_L,86Thn_L,87Thn_L,88Thn_L,89Thn_L,90Thn_L,91Thn_L,92Thn_L,93Thn_L,94Thn_L,95Thn_L,96Thn_L,97Thn_L,98Thn_L,99Thn_L,100Thn_L,>100Thn_L,JML_DUK
SUKASARI,SUKARASA,0,68,72,95,91,118,100,111,115,115,114,112,93,97,101,96,109,110,83,79,105,96,87,94,94,110,76,106,97,99,103,63,95,109,136,118,110,111,83,101,97,116,108,88,103,100,91,85,92,83,84,88,84,71,68,63,48,75,64,56,48,41,44,53,36,38,34,44,32,27,39,27,26,17,26,30,15,17,10,11,12,7,9,5,4,6,3,5,1,2,7,2,2,1,1,0,1,0,0,0,0,1,6220
SUKASARI,GEGERKALONG,0,111,143,176,160,150,157,172,185,180,169,172,171,170,204,204,157,155,163,168,192,154,158,170,161,181,158,145,167,169,149,156,163,127,159,186,189,201,194,176,161,180,195,156,186,192,158,177,162,201,156,145,136,146,106,109,107,132,123,109,84,91,87,92,80,73,52,58,45,58,48,44,42,30,41,45,29,48,37,33,25,19,26,7,14,12,6,9,6,9,7,6,3,3,1,1,1,0,0,0,0,0,10831
SUKASARI,ISOLA,0,64,98,95,92,123,107,123,93,110,116,94,106,129,135,122,90,101,83,108,86,102,102,84,80,106,95,83,103,97,107,102,91,132,118,111,109,120,104,103,94,99,86,109,100,117,92,83,115,89,79,82,92,66,81,70,56,62,64,64,46,58,45,57,52,65,37,43,36,17,15,14,21,18,21,25,12,17,14,13,6,7,6,6,8,4,1,1,3,0,1,0,1,0,0,1,0,0,1,1,0,0,6397
SUKASARI,SARIJADI,0,160,215,198,209,205,198,207,208,212,218,207,193,211,192,213,182,198,161,211,197,186,206,220,186,190,172,223,193,178,189,198,200,206,210,247,211,226,223,241,230,233,209,189,209,197,187,223,208,174,200,158,173,148,134,136,128,136,122,108,115,90,104,89,80,95,65,76,69,63,68,50,79,70,66,78,48,48,46,31,39,23,14,13,8,9,7,5,3,3,3,1,4,1,2,2,0,1,0,0,0,0,12970
COBLONG,CIPAGANTI,0,53,95,102,92,78,101,87,88,102,90,86,97,105,83,95,99,111,98,81,81,90,108,92,125,83,100,83,107,88,87,85,92,108,89,119,113,124,93,96,99,107,113,79,93,105,97,82,81,90,93,65,71,65,74,52,59,51,63,56,69,45,47,40,34,42,27,28,30,29,15,19,25,24,21,23,7,19,20,14,12,7,8,5,4,3,7,4,2,0,1,0,0,3,0,0,0,0,1,0,0,1,5937
COBLONG,LEBAKGEDE,0,49,89,79,73,87,80,85,73,95,71,71,74,77,81,84,75,102,83,68,86,92,68,81,75,77,76,69,68,77,71,82,99,84,101,89,98,91,94,92,97,117,83,93,70,86,84,74,100,78,68,51,68,58,58,62,45,50,45,65,35,56,45,45,45,34,21,29,22,28,18,20,28,22,20,29,15,22,21,10,12,13,6,5,4,5,7,7,2,2,4,2,2,1,0,0,0,0,0,0,0,0,5255
COBLONG,SADANGSERANG,0,124,213,210,231,229,198,223,236,214,210,219,213,219,244,230,206,200,194,213,212,215,250,222,192,194,190,213,200,186,230,227,221,248,231,263,271,249,221,207,229,228,206,215,183,223,205,232,205,206,170,163,179,165,140,138,96,133,107,110,110,85,105,98,81,112,48,76,55,48,48,34,35,36,33,53,20,43,38,31,18,21,13,17,15,9,5,12,10,4,4,2,4,5,2,3,0,0,1,0,0,0,13335
COBLONG,DAGO,0,167,252,239,263,293,266,302,255,232,299,276,255,239,291,294,271,267,229,260,242,279,312,232,245,275,258,269,245,259,258,255,225,281,291,353,333,269,264,267,254,224,236,236,222,250,238,221,208,229,199,207,189,165,173,176,145,166,166,139,141,130,127,137,115,126,75,99,67,54,49,43,52,45,47,72,37,55,39,28,34,27,23,22,21,26,17,10,7,5,3,2,6,2,6,3,1,1,0,1,0,3,16163
COBLONG,SEKELOA,0,171,204,215,234,244,229,236,218,207,217,215,199,207,232,215,205,208,178,202,212,192,234,211,188,199,235,229,202,202,215,233,224,236,233,296,265,301,216,221,217,212,238,175,200,201,186,185,217,153,156,151,154,159,130,161,120,118,123,104,119,102,87,75,88,94,43,66,60,51,42,40,61,49,52,53,26,44,39,26,28,13,21,15,8,7,4,10,3,1,4,3,5,5,0,0,0,2,0,0,1,1,13288
COBLONG,LEBAK SILIWANGI,0,22,32,30,30,26,38,47,40,39,21,28,28,35,39,29,24,23,30,45,21,33,32,28,25,34,36,33,36,31,32,33,30,23,35,29,36,37,50,43,28,26,25,23,34,33,27,35,27,23,29,23,26,18,22,28,25,23,23,21,19,23,15,15,24,13,11,9,7,6,8,4,11,7,6,7,3,8,5,5,2,4,6,5,2,1,1,0,1,2,1,1,0,0,0,0,0,0,0,0,0,0,2014
BABAKAN CIPARAY,BABAKAN CIPARAY,0,179,259,270,270,287,255,307,276,300,270,271,263,299,275,284,264,271,248,270,265,236,263,283,286,278,246,241,261,228,273,252,270,321,305,370,282,318,254,275,270,260,255,215,215,205,193,235,206,199,183,176,182,138,141,164,94,155,153,117,115,108,119,106,80,81,65,73,51,36,41,38,48,40,33,41,16,26,18,13,15,7,11,7,3,3,3,3,0,0,6,0,1,1,0,2,1,1,0,0,0,0,15593
BABAKAN CIPARAY,BABAKAN,0,169,256,244,284,252,273,298,259,210,290,250,279,294,227,287,251,292,229,248,229,205,271,227,241,265,255,251,236,224,258,262,288,284,274,313,274,267,252,252,256,232,228,200,208,225,166,184,189,159,147,134,162,119,137,155,110,155,137,104,114,120,107,101,93,103,47,60,64,45,39,24,48,30,28,46,14,29,25,6,15,12,10,6,6,8,1,4,3,3,2,1,0,0,1,1,1,0,0,0,0,0,14644
BABAKAN CIPARAY,SUKAHAJI,0,142,230,286,260,237,249,273,257,271,275,284,263,288,268,299,247,304,239,243,236,239,261,275,229,271,230,243,219,236,237,241,255,248,275,289,267,289,275,244,230,239,228,214,204,235,200,219,194,182,182,150,172,130,142,158,120,141,140,135,101,107,104,102,97,92,67,84,39,51,42,39,58,31,40,45,29,41,23,29,14,14,13,6,11,4,3,5,3,6,1,1,1,2,0,1,0,0,0,1,0,0,14896
BABAKAN CIPARAY,MARGAHAYU UTARA,0,113,178,172,161,185,179,197,197,190,181,178,194,181,167,223,193,175,146,175,177,145,164,182,164,143,154,150,189,172,163,169,205,209,201,222,191,210,198,176,204,155,202,140,166,171,141,171,135,120,104,126,104,83,108,92,67,83,78,96,79,63,93,73,87,77,59,63,43,41,20,26,38,31,24,26,8,26,19,11,15,2,16,6,8,3,2,1,2,1,5,1,0,0,1,0,0,0,1,0,0,1,10487
BABAKAN CIPARAY,MARGASUKA,0,54,88,97,100,94,109,104,96,101,101,85,105,105,118,137,99,123,84,107,110,92,111,108,89,104,99,81,96,82,86,97,119,106,111,126,96,112,126,93,98,101,78,69,87,108,72,82,82,66,83,49,53,51,49,59,41,57,54,38,43,36,42,32,22,43,34,34,20,10,9,12,19,11,17,9,9,7,2,5,6,5,3,1,3,3,2,3,1,3,0,2,0,1,0,0,0,1,0,0,0,0,5778
BABAKAN CIPARAY,CIRANGRANG,0,45,101,97,93,86,98,117,105,84,85,81,87,78,86,86,95,93,73,111,106,84,82,101,85,83,81,118,110,80,78,103,103,104,99,114,101,107,84,76,80,95,105,76,98,74,60,74,75,58,63,31,61,66,45,64,42,60,53,47,45,45,33,41,35,33,30,33,20,18,16,15,15,13,14,19,4,10,5,4,4,2,4,1,0,2,1,3,0,0,0,0,1,0,0,0,0,0,0,0,1,0,5394
BOJONGLOA KALER,KOPO,0,195,227,254,239,240,270,268,264,300,283,296,278,265,288,298,264,277,191,255,209,265,251,253,257,240,210,240,233,232,239,238,267,304,314,318,283,272,253,268,249,243,246,236,230,223,189,201,203,189,187,162,208,148,164,136,111,150,109,125,118,120,99,103,106,90,83,71,52,33,27,34,49,31,33,49,25,33,17,23,21,16,14,9,10,10,7,2,7,2,3,1,0,0,1,1,0,1,0,0,0,1,15109
BOJONGLOA KALER,BABAKAN TAROGONG,0,144,245,259,236,238,271,270,254,288,255,269,228,246,261,269,256,261,235,235,255,250,253,270,215,247,237,221,230,228,225,241,278,283,259,316,262,271,298,255,252,248,253,209,213,191,171,183,202,181,182,159,174,132,137,144,109,158,130,123,110,126,124,105,95,83,72,82,56,51,33,31,55,34,24,35,14,39,19,17,14,14,13,8,8,10,5,5,1,3,3,2,2,1,0,0,0,0,0,0,0,0,14659
BOJONGLOA KALER,JAMIKA,0,144,225,188,202,227,248,257,261,237,233,248,256,232,247,270,233,264,212,227,217,233,212,204,206,188,183,218,214,198,235,215,239,260,292,285,255,271,243,246,222,247,202,220,198,235,172,215,190,190,184,145,196,157,156,175,122,155,137,130,104,101,123,97,93,70,69,92,62,65,52,40,49,36,36,48,22,33,38,18,26,14,15,15,14,9,7,15,4,2,3,1,1,1,1,1,1,2,0,0,0,0,14053
BOJONGLOA KALER,BABAKAN ASIH,0,78,132,125,120,135,164,158,140,138,159,172,138,138,165,164,163,157,117,159,137,139,146,141,136,122,120,121,136,134,122,134,156,152,158,188,129,138,152,125,160,162,128,119,144,128,115,124,115,114,89,107,103,93,77,89,78,82,78,87,68,58,60,76,49,58,36,45,37,36,14,21,38,18,19,31,11,20,19,14,5,9,11,7,5,3,1,2,2,0,1,1,0,1,0,0,1,0,0,0,0,0,8477
BOJONGLOA KALER,SUKA ASIH,0,106,140,173,163,148,183,158,186,179,164,163,153,176,187,179,184,180,148,156,181,144,172,169,141,157,155,161,146,154,143,153,174,172,163,186,167,170,170,175,145,145,160,156,147,144,147,136,129,110,117,76,123,100,83,87,73,96,101,80,73,87,60,65,80,47,36,59,34,39,28,19,35,37,24,26,21,16,11,11,9,6,9,5,4,6,2,5,1,1,3,0,3,1,0,0,0,1,0,0,0,0,9598
ANDIR,MALEBER,0,105,170,143,149,159,160,169,178,173,163,166,156,170,179,204,169,163,138,161,146,155,161,184,172,164,145,152,130,155,128,145,171,167,152,193,161,208,194,178,166,170,160,172,161,184,158,155,141,164,134,93,120,124,108,111,69,115,95,90,87,85,91,89,58,66,47,47,64,44,34,24,50,29,37,52,27,22,30,13,12,20,11,7,13,5,5,5,5,3,3,1,4,0,0,0,0,0,0,0,0,0,10116
ANDIR,DUNGUS CARIANG,0,90,130,146,146,154,159,162,162,156,160,161,169,148,182,181,160,181,144,152,135,166,159,187,154,147,133,127,127,130,141,127,139,178,158,207,197,187,172,155,171,183,191,155,150,188,149,148,154,142,143,132,143,111,98,97,80,83,93,88,69,71,77,67,67,72,55,71,45,32,28,28,33,34,36,31,19,27,24,18,15,11,14,10,7,8,7,6,6,1,5,2,2,2,2,1,1,0,0,0,0,0,9772
ANDIR,CIROYOM,0,111,166,152,181,156,165,180,183,196,184,166,183,182,194,173,179,175,139,174,160,141,161,142,146,186,154,146,153,156,136,136,188,177,186,186,172,199,160,183,173,157,140,145,122,173,120,124,151,117,127,121,116,108,100,106,71,107,98,88,84,82,65,78,68,64,40,54,34,39,24,34,32,24,29,36,15,33,15,12,17,18,11,10,7,9,5,7,4,3,4,3,2,0,0,1,0,0,0,0,0,0,9934
ANDIR,KEBON JERUK,0,52,74,68,83,90,79,96,76,90,75,111,101,101,96,112,106,120,98,122,103,116,119,128,108,117,88,118,111,91,105,115,112,112,139,158,124,171,153,133,130,169,128,139,148,141,146,139,120,141,137,115,111,120,120,94,98,85,69,77,66,79,48,59,58,54,47,55,51,49,32,28,39,26,22,29,31,29,17,21,18,11,15,10,14,12,10,12,5,5,3,4,1,4,1,0,0,0,0,0,0,0,7563
ANDIR,GARUDA,0,49,74,76,75,83,86,85,79,84,74,79,84,94,92,101,96,103,66,76,85,77,80,94,88,75,74,79,77,84,78,52,94,92,98,110,99,93,82,90,92,85,100,78,70,94,82,80,99,72,69,63,76,66,46,56,45,48,65,57,46,44,42,53,40,38,25,37,28,25,25,13,37,22,15,17,10,25,12,13,14,8,6,4,3,4,6,5,2,2,0,2,2,0,2,1,0,1,0,0,0,0,5329
ANDIR,CAMPAKA,0,79,95,118,137,139,148,171,133,142,155,154,153,148,181,161,173,165,126,151,146,156,170,139,156,148,133,117,126,136,132,122,126,138,159,190,161,181,143,152,146,129,132,151,149,160,139,133,129,126,123,118,113,83,84,107,67,90,72,83,81,63,69,54,59,57,39,45,28,29,21,28,27,18,21,40,21,21,12,12,11,6,8,6,7,5,2,7,3,0,3,2,2,0,0,1,0,0,0,0,0,0,8802
CICENDO,HUSEN SASTRANEGARA,0,83,118,148,119,118,135,132,139,145,138,134,136,158,143,167,160,174,131,120,163,132,133,163,126,123,123,124,112,110,116,121,131,132,148,159,130,158,132,104,126,109,126,121,127,128,114,132,127,119,105,105,117,101,84,98,76,88,88,81,66,63,64,61,52,42,39,41,27,23,16,20,22,12,14,30,12,15,15,11,10,9,10,8,4,6,3,2,2,2,2,2,4,0,1,1,0,0,0,0,0,0,8121
CICENDO,ARJUNA,0,66,90,100,88,90,93,92,115,89,92,107,94,119,96,125,112,112,84,96,98,106,107,105,112,113,111,102,96,120,104,114,116,113,110,157,128,114,102,118,129,107,131,113,114,126,102,100,99,99,95,91,104,103,87,89,74,88,71,66,74,63,66,74,61,65,41,45,47,37,28,34,32,25,28,32,29,21,19,16,13,16,15,14,13,11,6,9,7,6,2,2,3,1,2,1,0,3,0,0,2,1,7058
CICENDO,PAJAJARAN,0,147,191,240,214,214,197,241,239,192,212,214,187,254,220,241,207,231,187,216,214,198,207,185,205,188,175,171,180,206,176,152,193,242,245,240,209,218,253,243,220,212,194,193,200,207,171,151,182,160,145,156,178,123,151,141,119,121,108,98,106,101,76,87,96,68,73,54,54,42,34,28,47,32,24,51,30,32,24,18,23,13,11,3,6,13,5,2,1,4,1,1,1,1,0,0,0,1,0,0,0,0,12537
CICENDO,PASIR KALIKI,0,43,48,52,64,57,71,59,71,49,57,55,54,77,61,75,51,64,49,61,71,59,54,80,64,65,63,61,70,70,71,79,80,73,77,79,81,85,69,76,76,80,71,63,67,52,59,63,70,70,57,54,70,57,57,51,56,51,56,46,49,44,49,53,34,34,25,36,25,31,20,30,22,30,13,19,16,19,11,17,9,11,14,10,7,8,6,6,1,8,3,2,1,1,0,2,0,0,0,0,0,0,4437
CICENDO,PAMOYANAN,0,36,49,41,60,54,51,51,50,63,58,42,60,52,62,67,46,67,56,49,49,54,50,50,60,54,53,46,66,56,56,49,66,57,56,78,76,71,73,61,89,67,50,68,60,64,60,61,62,65,57,56,62,42,44,39,47,34,46,32,42,46,36,53,53,49,27,29,32,20,10,19,26,14,17,18,16,21,20,13,11,11,11,8,7,8,5,6,0,3,3,2,4,2,2,1,0,1,0,0,0,2,3948
CICENDO,SUKARAJA,0,128,163,134,203,192,178,194,187,194,176,181,210,191,220,210,218,193,202,174,196,189,175,194,196,219,196,176,191,170,145,191,148,208,182,212,201,194,208,151,177,181,195,163,177,181,166,170,154,148,139,160,149,113,116,110,93,134,123,88,80,81,78,76,65,66,44,54,47,47,31,22,46,37,36,36,19,27,24,13,13,21,8,7,7,4,5,4,4,4,2,1,2,0,1,0,0,0,0,0,0,1,11240
SUKAJADI,PASTEUR,0,95,129,116,147,139,140,149,133,130,143,135,140,146,152,146,136,184,121,154,143,139,131,155,110,147,124,113,117,128,131,116,146,157,164,168,139,161,162,146,116,134,144,126,149,155,103,124,145,139,118,93,137,122,123,105,88,95,95,80,103,68,80,69,67,53,45,57,55,41,28,29,36,28,25,33,15,29,26,25,19,12,17,9,9,9,8,5,3,4,2,0,1,1,2,0,0,1,1,0,0,0,8838
SUKAJADI,CIPEDES,0,143,203,249,225,231,251,276,275,243,252,261,228,242,254,225,285,267,203,249,225,249,224,232,228,235,227,240,219,239,204,221,277,270,278,316,274,276,240,233,230,236,226,226,231,219,204,223,190,208,197,161,175,165,138,152,139,155,141,134,104,118,115,120,95,83,56,91,47,52,33,44,48,38,33,48,34,27,27,19,11,15,17,9,2,8,8,7,2,4,3,3,2,1,2,0,1,2,0,0,1,1,14550
SUKAJADI,SUKAWARNA,0,77,120,132,97,123,112,98,127,111,112,109,87,120,112,120,109,104,99,107,105,111,120,105,128,115,120,107,104,102,111,114,125,151,122,137,107,128,132,132,98,101,110,100,106,116,112,80,83,93,78,86,68,69,65,77,55,72,71,84,63,53,46,48,50,56,30,31,33,25,30,26,43,29,21,25,19,31,9,7,8,6,6,6,4,4,3,6,1,3,3,2,2,1,0,1,0,0,0,0,0,0,6907
SUKAJADI,SUKAGALIH,0,96,151,161,135,149,163,163,132,142,165,116,140,140,144,157,175,171,114,137,123,137,128,137,117,150,154,128,136,140,160,154,155,174,164,200,150,178,145,155,156,147,130,128,128,151,126,132,130,98,87,93,98,82,82,84,59,88,83,80,75,83,70,67,52,66,52,50,37,56,33,33,46,23,16,42,17,22,17,14,10,16,6,6,2,10,3,6,3,5,0,3,1,4,2,1,0,0,0,0,0,1,8848
SUKAJADI,SUKABUNGAH,0,119,182,175,171,174,172,176,165,179,170,194,184,194,188,201,189,198,167,173,156,167,164,171,151,170,169,151,151,147,184,151,159,172,164,223,191,226,184,177,179,184,144,167,152,194,140,161,136,133,154,131,149,119,118,114,104,107,123,98,86,91,102,94,79,62,62,55,60,54,32,23,47,23,30,41,18,29,21,26,23,20,11,7,8,5,6,2,4,2,4,2,2,2,0,0,2,1,0,1,1,0,10744
CIDADAP,HEGARMANAH,0,94,141,155,161,163,190,165,166,180,185,167,160,165,159,155,158,186,152,153,183,138,169,167,164,145,139,154,161,167,143,173,176,195,193,181,181,183,168,156,156,141,152,174,159,163,149,161,160,129,119,131,142,127,122,124,114,124,105,111,86,86,83,67,86,69,49,62,52,45,33,29,48,34,33,42,35,43,27,22,19,16,6,12,9,3,6,11,5,3,3,1,1,0,4,2,0,0,0,1,0,0,10287
CIDADAP,CIUMBULEUIT,0,122,174,188,203,206,193,198,173,184,177,186,189,179,182,194,207,202,173,189,171,189,200,208,185,171,172,164,164,174,171,136,199,191,189,231,188,194,190,156,165,172,163,151,160,176,135,151,149,160,141,114,145,124,122,98,83,115,98,74,108,103,102,79,74,73,54,63,34,38,33,20,38,27,23,47,23,29,24,14,21,12,10,11,6,6,5,11,0,4,2,2,4,0,1,2,1,0,0,0,0,1,10963
CIDADAP,LEDENG,0,49,76,98,77,83,102,89,91,79,102,93,85,76,103,79,107,97,94,77,84,93,83,82,78,92,83,59,77,77,85,69,78,110,109,114,105,86,86,96,77,93,92,72,82,92,70,76,82,66,63,69,67,67,55,50,36,39,50,36,49,44,36,46,37,37,33,16,14,32,15,18,24,17,18,27,17,16,10,18,10,8,8,1,3,3,3,4,2,4,1,0,2,1,2,0,0,0,0,0,0,0,5313
BANDUNG WETAN,CIHAPIT,0,32,19,23,25,25,19,35,27,21,28,18,28,28,33,32,34,30,24,25,31,27,29,22,36,31,33,27,37,29,40,33,36,32,40,41,49,35,37,39,51,30,44,28,31,29,23,30,31,28,38,26,31,28,25,31,31,30,32,39,38,28,28,34,38,19,21,9,21,14,18,15,15,11,12,10,8,8,12,10,4,6,8,5,5,3,6,4,4,2,1,0,2,5,1,1,0,0,1,0,0,0,2253
BANDUNG WETAN,TAMANSARI,0,99,164,169,187,147,177,169,181,171,176,190,170,171,188,204,184,203,149,197,194,178,197,187,165,181,172,174,159,199,178,168,187,202,203,232,214,219,196,214,217,198,203,189,192,193,172,177,171,154,164,147,175,147,128,140,95,131,108,97,107,86,94,114,75,83,66,64,52,35,32,31,41,35,31,47,23,45,29,25,31,16,20,13,13,11,12,15,12,3,4,2,3,5,0,1,0,3,0,1,0,0,11593
BANDUNG WETAN,CITARUM,0,5,8,8,12,10,15,17,9,14,19,8,11,14,15,21,17,16,26,20,22,25,18,24,25,17,17,25,27,15,21,18,30,29,13,41,48,44,33,37,32,26,25,27,25,36,27,44,34,26,35,35,29,39,29,29,29,29,24,31,19,26,17,25,20,26,12,12,12,8,6,9,11,5,4,9,4,8,9,7,9,7,7,3,3,3,1,3,0,1,1,4,0,2,1,0,0,0,0,0,0,1,1700
ASTANA ANYAR,KARASAK,0,76,99,109,98,102,104,103,90,111,109,108,97,104,121,125,115,106,87,114,113,109,93,113,88,105,97,99,96,89,85,94,107,129,121,137,140,109,111,110,118,102,128,101,110,125,90,100,100,90,86,78,85,71,87,73,56,66,56,61,71,56,52,49,54,52,51,42,43,30,34,21,26,20,33,34,20,15,18,8,10,13,8,6,8,6,4,3,3,2,3,0,1,0,1,1,0,0,0,0,0,0,6704
ASTANA ANYAR,NYENGSERET,0,46,98,91,95,97,84,110,125,98,98,87,87,94,100,101,113,107,90,98,108,93,97,116,100,104,86,103,75,94,77,87,91,109,118,119,118,97,116,100,113,104,93,105,90,90,82,110,92,88,84,61,86,76,66,54,58,74,64,52,66,52,44,45,49,28,34,34,36,32,24,27,20,13,23,18,17,20,15,10,8,5,7,9,11,7,6,7,1,5,1,0,0,1,0,0,0,0,1,0,0,0,6145
ASTANA ANYAR,KARANGANYAR,0,23,26,45,35,38,50,55,41,38,54,48,39,34,44,38,47,66,34,50,45,50,47,47,42,42,58,45,35,66,49,42,35,63,47,54,57,56,67,56,40,51,47,57,51,42,48,50,49,38,52,39,52,54,38,39,46,41,35,30,53,34,32,47,40,56,33,32,41,23,21,31,23,20,24,14,15,18,12,8,9,9,10,10,9,6,6,3,3,5,1,1,3,3,0,0,0,0,0,0,0,0,3362
ASTANA ANYAR,PANJUNAN,0,35,56,60,49,63,62,62,76,77,62,70,55,64,72,76,65,75,62,76,65,64,68,48,56,51,52,79,71,56,65,64,62,63,67,96,57,69,64,68,49,57,62,59,47,54,44,53,53,69,37,47,48,39,38,55,31,47,37,30,27,48,32,32,36,19,21,26,14,18,16,6,15,14,7,12,12,10,9,11,6,11,3,4,1,7,1,4,3,4,2,1,0,0,0,1,0,1,0,0,0,0,3892
ASTANA ANYAR,CIBADAK,0,66,74,96,91,99,104,87,93,91,99,110,120,102,110,97,97,120,90,101,88,105,95,81,92,114,114,95,114,95,114,106,102,120,115,141,123,114,108,126,98,95,99,98,97,119,84,99,100,93,68,79,104,82,79,73,67,86,73,78,76,61,70,62,45,57,46,56,46,52,42,31,41,34,33,29,22,27,29,18,14,12,11,8,4,4,5,9,3,7,6,1,1,2,2,2,0,1,1,0,0,0,6750
ASTANA ANYAR,PELINDUNG HEWAN,0,129,165,163,169,158,151,173,130,158,222,167,183,171,196,170,169,190,164,154,151,152,195,179,154,158,153,179,157,125,160,143,175,194,184,214,183,211,201,161,134,167,164,154,155,144,137,148,150,126,126,107,123,119,97,107,90,96,92,94,94,76,76,75,65,60,44,54,56,34,30,43,35,26,26,41,15,16,14,15,16,11,9,9,2,10,5,7,1,2,0,1,1,1,0,0,0,0,1,0,0,1,10113
REGOL,CIGERELENG,0,52,74,91,69,91,84,92,95,74,76,82,92,90,80,84,93,98,74,78,103,109,93,83,89,112,93,70,89,73,80,98,99,85,98,89,115,102,113,87,107,87,94,88,81,93,89,88,88,85,84,66,80,76,71,77,70,79,60,66,62,45,39,69,58,46,29,43,34,29,33,36,34,23,25,20,22,24,19,13,16,12,6,5,4,8,6,7,5,2,0,2,6,0,0,0,0,2,0,0,0,0,5862
REGOL,ANCOL,0,56,76,75,59,75,79,71,88,81,87,81,94,97,84,106,70,100,94,99,88,89,93,102,77,92,110,92,82,79,84,90,97,81,93,105,119,107,106,100,84,93,103,99,82,87,76,90,94,78,82,62,90,66,69,67,57,59,65,73,42,56,55,47,51,45,36,37,38,32,26,27,29,32,24,25,17,21,20,10,11,11,7,7,12,4,5,3,1,2,1,2,0,0,1,2,0,0,0,0,0,0,5773
REGOL,PUNGKUR,0,32,48,47,45,47,46,58,54,72,69,65,54,73,61,71,58,77,72,70,76,67,75,75,76,77,62,61,59,65,58,66,61,76,84,89,91,86,73,89,93,102,86,71,80,81,75,87,66,51,62,53,70,57,48,58,50,57,36,37,43,33,33,33,40,32,20,37,22,25,20,15,28,17,16,16,10,16,12,8,13,10,12,6,6,5,6,5,1,2,2,2,0,1,0,0,0,0,0,0,0,0,4452
REGOL,BALONGGEDE,0,50,57,67,74,61,74,60,60,72,63,63,58,52,57,51,57,73,46,76,59,56,64,66,46,69,62,46,58,75,71,56,83,69,74,100,101,80,74,83,78,57,72,67,73,69,84,62,57,72,57,67,65,61,46,52,35,56,37,41,38,37,45,28,37,44,35,33,29,20,28,23,18,14,21,12,16,15,18,15,8,6,8,5,6,11,4,4,0,2,1,1,0,0,1,0,0,0,0,0,0,0,4354
REGOL,CISEUREUH,0,75,121,133,123,121,127,164,170,143,142,153,151,134,169,164,155,137,149,148,145,132,147,128,119,124,117,124,119,128,119,120,155,127,152,165,145,159,162,166,131,179,164,144,118,131,102,120,112,122,105,103,91,86,105,81,57,91,67,76,59,50,58,62,45,68,43,57,32,19,25,25,33,17,26,22,10,14,22,14,15,10,9,1,11,6,6,2,4,1,3,1,0,0,0,2,0,0,1,1,0,0,8391
REGOL,CIATEUL,0,26,41,52,60,54,47,67,53,53,60,47,65,62,67,59,68,85,44,68,61,74,51,54,57,48,70,59,60,65,59,59,65,62,60,65,58,75,70,77,55,58,66,69,68,77,50,61,61,64,54,64,50,60,42,49,45,36,47,38,40,29,35,32,29,25,31,30,22,17,23,14,12,15,10,23,10,17,13,12,13,10,13,7,1,8,2,7,4,0,2,3,1,1,0,1,0,1,0,0,0,0,3954
REGOL,PASIRLUYU,0,85,136,144,122,136,138,141,116,130,126,153,166,138,160,151,162,163,152,128,137,137,130,133,132,142,147,134,119,117,101,120,170,139,154,184,170,167,137,138,150,128,142,132,135,130,118,103,104,124,86,101,75,80,70,106,70,82,66,89,58,59,56,71,52,46,36,51,37,22,28,27,21,16,32,21,14,17,10,14,9,8,5,6,4,3,2,5,4,1,2,1,0,1,2,0,0,0,0,1,0,0,8288
BATUNUNGGAL,GUMURUH,0,71,143,134,137,138,161,160,155,153,165,145,133,139,168,161,141,168,153,155,151,154,163,157,152,148,123,152,127,144,150,141,149,157,148,172,150,174,175,170,125,164,158,152,126,159,136,151,133,137,107,126,125,107,92,101,84,93,78,80,81,73,73,58,61,66,45,64,51,43,31,25,32,28,39,43,32,42,24,12,12,14,12,5,8,8,1,4,3,4,4,1,3,0,2,0,0,0,1,0,0,0,9276
BATUNUNGGAL,MALEER,0,69,124,139,131,142,141,133,119,121,124,143,118,141,156,177,141,150,121,138,146,150,157,144,150,140,125,127,121,138,123,124,142,141,143,157,148,167,150,147,129,111,116,124,116,107,109,138,151,100,116,96,125,104,97,87,84,84,72,91,66,67,65,65,59,55,36,46,34,19,23,24,24,21,15,30,15,25,20,12,6,18,8,3,5,5,4,5,2,3,3,1,0,0,1,0,0,1,0,0,0,0,8311
BATUNUNGGAL,CIBANGKONG,0,63,132,120,143,134,139,160,138,154,141,164,136,175,145,180,150,163,139,155,161,182,155,152,150,144,128,123,149,129,138,123,167,162,151,204,148,187,158,124,145,141,123,162,136,157,121,142,145,128,117,122,136,104,105,93,73,108,99,89,61,62,75,69,63,62,41,41,32,39,28,24,41,21,18,30,22,29,31,19,17,12,15,6,10,11,2,5,5,3,1,2,0,0,0,0,2,1,0,0,0,0,9112
BATUNUNGGAL,KACAPIRING,0,47,61,53,63,67,63,65,58,52,58,88,75,81,82,57,74,87,55,72,75,78,94,66,78,58,65,68,58,67,66,83,61,60,58,75,70,75,62,66,66,85,78,79,75,86,63,76,83,73,81,60,68,71,55,57,44,55,38,47,50,38,36,41,26,34,22,16,22,16,17,18,19,12,13,19,9,16,17,14,7,8,12,6,7,5,1,5,1,0,0,2,1,2,1,0,1,0,0,0,0,1,4496
BATUNUNGGAL,KEBONWARU,0,69,84,106,121,124,117,114,137,107,122,114,112,130,140,131,132,148,106,112,118,127,136,122,131,119,95,120,120,99,100,109,138,139,121,108,127,122,123,119,109,99,119,92,143,120,100,120,110,129,103,98,114,100,100,86,74,70,77,63,65,62,57,57,40,45,28,42,37,28,18,18,20,16,16,35,13,22,13,10,9,12,4,6,8,2,0,3,3,4,2,1,0,0,1,1,1,0,0,0,0,0,7344
BATUNUNGGAL,KEBONGEDANG,0,43,70,76,75,71,78,84,72,77,76,76,79,104,82,82,93,77,69,70,74,89,78,74,76,71,77,68,55,66,64,78,70,73,77,85,93,82,84,82,75,85,63,84,87,92,73,71,75,71,89,61,66,49,62,50,53,55,45,45,40,44,35,31,38,38,22,26,29,16,8,14,14,14,16,21,14,16,13,14,8,12,3,4,1,4,4,1,1,0,4,0,0,0,0,1,0,0,0,1,0,0,4828
BATUNUNGGAL,SAMOJA,0,57,86,91,112,110,92,129,113,113,100,98,104,108,136,140,114,109,99,100,109,120,110,106,119,128,87,105,91,103,102,100,112,115,129,123,112,103,102,118,97,88,110,75,83,99,79,102,101,102,97,68,95,91,83,77,55,68,58,61,60,51,47,47,43,39,31,35,20,22,16,16,27,15,11,16,9,19,15,8,8,10,10,6,3,5,0,4,1,0,4,4,0,0,1,0,0,1,0,1,0,0,6499
BATUNUNGGAL,BINONG,0,102,151,139,162,129,158,171,142,151,149,159,163,151,165,168,153,152,133,130,137,129,161,151,146,156,143,127,128,143,110,154,138,160,142,174,161,160,163,166,141,145,142,138,153,152,107,123,155,129,110,96,128,88,88,80,72,98,73,77,70,75,65,76,49,51,34,51,32,31,29,21,41,28,11,25,8,20,22,5,17,5,9,4,5,3,4,7,2,0,4,2,1,0,0,0,1,0,0,0,0,0,8880
LENGKONG,CIJAGRA,0,64,65,94,79,91,113,102,73,90,87,111,96,108,103,112,100,109,103,89,93,110,96,85,89,90,76,99,100,60,94,98,86,120,105,101,104,93,109,108,99,102,110,92,81,97,98,95,100,94,89,90,79,78,63,70,62,63,46,70,59,54,58,40,58,30,30,54,29,30,19,24,22,21,24,28,18,20,18,20,15,16,15,10,9,8,4,5,2,2,2,1,3,1,1,0,0,1,0,0,0,1,6135
LENGKONG,LINGKAR SELATAN,0,45,76,74,79,71,86,77,88,95,102,105,69,75,79,96,94,123,102,101,111,116,105,131,109,112,100,78,93,100,82,82,85,92,84,90,85,72,93,103,64,76,93,70,104,96,96,107,106,73,96,80,96,90,80,68,62,68,58,52,35,29,30,26,28,18,13,20,15,21,16,16,18,12,20,32,17,12,12,13,8,7,7,3,3,2,2,5,2,1,4,4,2,1,1,0,1,0,0,0,1,0,5652
LENGKONG,BURANGRANG,0,46,67,70,82,64,80,83,79,64,80,70,87,83,74,73,73,74,68,73,68,87,86,73,85,71,81,81,86,79,83,88,84,94,83,85,108,101,80,69,79,78,78,76,69,84,74,69,87,66,77,69,60,57,57,63,53,59,51,45,50,35,33,48,30,41,26,35,34,27,24,11,22,13,19,23,10,22,13,12,7,10,6,7,5,9,1,3,5,4,2,1,0,0,0,0,0,0,0,1,0,0,5002
LENGKONG,PALEDANG,0,36,29,34,40,43,41,44,43,47,57,39,35,54,45,54,62,47,42,46,53,46,44,54,54,46,44,49,42,43,38,52,55,57,45,59,63,64,56,47,55,33,54,39,44,53,32,45,49,44,54,43,54,40,40,50,30,43,34,26,30,29,38,37,30,25,25,33,19,16,12,18,11,15,11,21,6,8,7,9,12,6,7,4,3,6,0,3,1,2,3,0,1,1,0,1,0,0,0,2,1,0,3164
LENGKONG,TURANGGA,0,67,92,92,69,91,88,102,116,98,103,127,114,112,111,131,144,133,127,120,134,117,97,111,96,85,76,78,110,93,106,97,99,96,107,115,109,109,121,111,97,113,107,114,115,103,114,114,127,127,109,101,101,98,89,90,64,79,61,69,78,53,39,54,57,51,51,42,40,27,33,31,40,36,38,53,23,27,44,32,22,20,17,17,17,18,11,9,9,6,3,5,1,1,2,0,1,0,1,0,0,1,7106
LENGKONG,MALABAR,0,30,62,63,56,77,66,64,66,61,67,53,57,80,81,59,67,77,56,54,73,59,72,66,70,73,57,62,73,68,89,77,80,75,73,73,69,66,84,83,45,76,68,71,59,73,57,51,59,56,56,63,74,40,47,46,35,44,39,47,41,45,47,35,31,27,35,34,19,22,19,15,22,16,16,16,11,13,15,15,4,10,7,5,10,6,11,5,3,1,2,2,1,1,0,0,0,0,2,1,0,1,4310
LENGKONG,CIKAWAO,0,42,73,51,57,49,58,61,81,67,72,71,60,77,79,77,81,80,61,50,72,81,68,66,84,68,65,50,63,86,61,68,77,73,67,76,60,72,73,66,71,58,60,68,66,74,70,76,56,61,55,54,73,49,53,62,61,54,43,54,37,41,45,23,38,30,27,29,28,12,20,11,13,12,15,12,5,14,12,12,5,3,8,4,7,4,2,4,2,2,5,1,0,1,0,2,1,0,0,0,0,0,4348
CIBEUNYING KIDUL,PADASUKA,0,78,145,153,121,133,130,143,129,147,124,147,147,173,142,143,128,128,130,151,121,133,153,123,116,138,145,145,141,100,122,134,142,126,123,172,170,160,153,130,143,148,132,120,124,147,123,125,127,111,122,89,102,91,94,91,73,100,71,92,74,71,70,74,53,62,31,44,34,22,20,17,33,21,27,27,16,21,21,13,15,6,11,7,1,6,3,5,2,2,1,2,4,3,1,1,0,1,0,0,0,3,8389
CIBEUNYING KIDUL,CIKUTRA,0,110,170,168,162,171,179,205,192,201,183,183,196,195,179,172,190,193,161,171,172,169,179,170,153,154,153,152,187,155,165,180,202,176,204,230,192,191,216,203,159,195,195,173,180,166,194,170,159,162,154,142,133,113,107,95,99,113,113,110,112,80,102,83,90,61,53,66,45,49,36,37,48,38,44,60,26,40,40,32,34,18,20,13,12,11,10,7,5,3,4,3,1,3,1,1,0,0,1,0,0,1,11206
CIBEUNYING KIDUL,CICADAS,0,86,131,138,124,164,143,129,142,152,154,144,141,138,125,143,135,148,137,126,141,120,130,133,120,123,110,123,124,105,130,151,130,140,131,122,142,137,132,146,146,147,135,110,116,155,126,133,133,110,110,87,115,104,97,78,52,87,80,63,53,54,58,43,47,46,30,52,23,30,24,9,22,22,16,19,12,26,14,12,10,6,5,8,3,6,4,11,3,4,5,2,0,2,2,1,0,1,0,0,0,0,8059
CIBEUNYING KIDUL,SUKAMAJU,0,46,68,77,84,87,74,79,82,87,76,83,89,78,94,81,90,99,85,91,93,90,101,96,70,85,82,68,90,85,77,80,77,86,81,99,80,107,92,91,91,83,72,90,91,88,89,93,73,94,69,76,81,73,73,77,57,68,65,63,65,51,60,52,37,43,30,39,27,19,11,21,18,18,17,26,5,19,14,10,7,11,16,4,3,11,1,4,3,4,2,2,3,4,0,0,0,0,0,0,0,0,5503
CIBEUNYING KIDUL,SUKAPADA,0,122,163,170,183,175,171,188,182,174,189,211,188,175,191,217,211,177,156,165,189,176,186,200,172,191,182,165,196,167,162,163,183,208,200,205,185,220,181,167,154,181,153,163,157,156,140,157,162,129,141,134,131,114,117,118,85,132,117,133,99,110,101,90,80,90,52,57,44,28,29,25,43,23,27,35,24,24,19,14,12,8,6,9,1,7,5,8,1,0,2,3,1,1,2,0,0,0,0,0,0,0,10960
CIBEUNYING KIDUL,PASIRLAYUNG,0,123,174,190,179,173,198,186,190,186,179,185,183,173,189,192,179,207,138,154,164,174,187,166,155,173,164,178,192,136,173,166,168,193,188,208,215,199,200,218,181,190,163,164,145,151,145,150,119,147,118,138,119,124,111,108,83,99,102,86,111,97,102,94,95,90,60,66,57,40,32,24,33,17,37,55,19,26,33,22,11,11,10,11,5,5,3,6,3,1,2,0,1,0,1,0,0,0,0,0,0,0,10818
BANDUNG KULON,CIJERAH,0,109,188,194,180,188,190,213,219,203,221,214,210,206,212,245,189,229,205,218,173,246,224,195,171,180,169,185,171,163,183,175,181,208,204,272,238,244,228,228,202,207,214,178,208,193,163,174,200,158,152,141,150,126,123,108,87,123,108,87,84,81,90,80,71,70,41,59,50,46,35,41,49,30,36,40,26,25,17,15,15,16,16,4,7,8,5,8,1,3,1,0,1,0,1,0,1,0,0,0,0,0,12046
BANDUNG KULON,CIBUNTU,0,80,136,150,137,150,154,192,159,172,178,139,171,160,191,191,166,180,164,138,152,163,167,149,148,155,143,151,164,141,151,168,175,182,148,206,168,174,178,152,163,153,162,143,144,135,128,134,139,103,120,91,117,99,94,82,57,92,73,91,71,67,56,72,61,47,31,47,35,27,23,21,28,23,19,31,19,15,16,12,9,8,13,6,4,4,3,5,2,4,2,0,0,0,0,0,1,1,0,0,0,1,9347
BANDUNG KULON,WARUNG MUNCANG,0,88,161,170,170,180,230,209,202,193,194,233,214,172,191,208,196,185,175,182,170,174,181,200,191,170,163,156,170,164,172,180,191,199,219,224,188,199,203,192,167,172,175,166,182,173,151,119,125,124,127,101,125,100,89,99,75,104,92,77,71,61,54,61,77,78,45,43,29,42,29,24,30,25,27,34,21,22,16,12,15,7,10,9,3,3,3,6,3,3,1,3,0,0,0,0,0,1,0,0,0,0,10670
BANDUNG KULON,CARINGIN,0,48,79,77,90,76,72,72,92,80,84,76,87,70,82,84,70,82,79,62,70,68,80,79,89,55,72,75,93,72,78,88,95,91,80,97,107,93,94,93,72,102,59,64,67,69,54,71,53,59,40,44,54,41,46,47,44,44,48,32,41,37,44,42,40,31,26,33,27,14,14,13,25,14,12,19,5,13,5,8,4,3,3,0,4,1,1,3,2,1,1,0,0,0,1,1,1,0,0,0,0,0,4730
BANDUNG KULON,CIGONDEWAH KALER,0,92,163,185,164,188,184,204,206,197,205,186,207,176,201,214,200,199,170,204,174,190,178,206,147,190,167,170,142,176,168,155,192,184,193,215,158,212,163,186,150,152,163,155,150,169,119,136,122,113,81,84,105,73,77,77,46,57,50,32,49,37,39,48,36,38,22,29,25,19,14,9,26,18,16,14,4,11,5,5,8,2,7,2,1,3,3,3,0,1,3,0,0,2,1,0,0,0,0,0,0,0,9722
BANDUNG KULON,GEMPOLSARI,0,97,171,161,169,143,159,162,161,162,163,185,157,181,176,186,196,199,148,167,168,181,172,187,189,190,186,178,182,177,192,206,201,150,159,209,183,187,166,151,147,161,164,160,155,145,138,156,161,108,127,101,124,103,129,124,125,132,133,93,113,91,88,72,63,53,30,42,43,26,30,21,14,18,23,23,12,19,20,10,9,7,0,4,0,2,2,4,1,3,4,1,2,1,0,2,0,0,0,0,0,0,10296
BANDUNG KULON,CIGONDEWAH RAHAYU,0,63,92,77,107,89,93,94,90,80,75,93,81,95,97,97,86,111,84,93,107,101,116,92,84,85,87,116,90,82,78,89,80,87,97,115,86,93,79,76,83,85,83,69,63,81,65,60,70,57,64,46,57,60,51,55,41,52,51,31,33,36,27,32,22,19,14,20,18,16,10,7,15,15,11,4,6,6,6,5,9,7,4,4,3,2,0,0,2,0,0,0,1,0,0,0,0,0,0,0,0,1,5116
BANDUNG KULON,CIGONDEWAH KIDUL,0,38,74,67,69,72,70,69,104,68,80,77,74,81,72,97,78,95,88,76,90,92,83,87,66,78,75,74,88,69,77,82,64,85,71,86,84,71,79,69,61,62,66,74,64,57,68,74,47,60,56,38,48,69,35,42,43,36,33,16,23,20,25,34,27,23,11,11,14,14,21,8,13,11,5,13,5,6,12,5,3,6,4,4,2,1,0,2,2,1,1,1,0,0,0,0,1,0,0,0,0,0,4397
KIARACONDONG,SUKAPURA,0,155,224,203,192,199,238,192,211,224,212,199,211,240,231,232,230,236,175,255,206,218,222,218,203,203,238,176,215,216,182,176,174,196,208,219,220,212,213,204,183,196,213,169,205,184,213,158,179,185,174,162,166,155,138,148,128,137,124,121,109,114,100,103,90,85,45,52,43,40,38,31,39,30,37,41,22,36,17,25,15,10,14,4,4,5,1,4,2,1,2,2,0,0,0,1,0,1,0,0,0,1,12680
KIARACONDONG,KEBON JAYANTI,0,58,103,92,112,102,111,94,95,103,110,104,102,114,104,112,121,115,98,94,113,113,96,117,98,86,90,106,92,96,91,76,83,83,89,109,93,100,104,103,93,115,116,96,122,105,106,98,112,94,76,85,108,75,76,87,48,58,54,62,53,46,38,53,45,48,31,34,21,29,18,29,23,20,19,18,17,17,25,17,13,6,11,2,4,5,2,9,4,0,3,0,1,1,0,0,0,0,0,0,0,0,6330
KIARACONDONG,BABAKAN SURABAYA,0,108,142,144,161,132,154,160,199,174,159,162,148,180,175,193,186,159,162,150,151,140,153,158,158,153,154,166,166,146,154,153,141,174,158,201,173,146,154,160,151,154,152,147,143,149,112,136,143,130,109,109,119,121,116,104,77,97,84,76,84,90,63,72,54,56,41,48,37,33,23,40,31,24,26,30,13,17,10,11,8,8,12,6,2,4,1,6,2,1,2,0,1,0,2,2,0,0,0,0,0,0,9496
KIARACONDONG,CICAHEUM,0,89,131,135,119,132,145,145,126,141,138,135,148,147,128,175,141,152,143,142,121,128,143,147,135,130,127,124,155,125,133,141,125,138,145,165,127,151,151,136,126,130,130,116,122,126,118,136,117,108,97,111,123,103,87,88,72,79,75,85,92,66,69,70,66,57,30,45,30,29,30,20,25,20,17,26,17,18,19,10,8,7,7,7,1,5,2,6,3,2,3,0,1,0,0,0,0,0,0,0,0,0,8316
KIARACONDONG,BABAKANSARI,0,207,284,308,340,304,314,343,299,313,327,336,262,318,332,325,344,322,254,299,288,300,292,305,263,279,273,274,258,261,276,304,301,340,329,344,375,339,334,336,295,307,273,309,280,279,276,258,266,243,209,238,237,227,195,181,132,192,158,165,160,174,147,153,160,125,91,106,99,78,49,66,60,55,49,60,35,47,41,43,20,18,17,8,10,6,4,4,2,5,4,1,4,2,0,1,0,0,0,0,0,0,18526
KIARACONDONG,KEBON KANGKUNG,0,59,101,95,94,101,100,110,95,110,103,95,94,115,94,128,116,144,87,99,101,101,94,99,82,73,78,96,96,103,72,100,89,97,109,108,112,97,100,82,106,101,104,111,115,96,85,95,85,76,75,71,102,79,79,59,65,64,60,56,52,49,51,31,42,54,21,30,28,16,24,20,22,15,24,25,11,24,10,11,5,13,7,5,1,4,3,4,2,2,1,1,2,1,2,0,0,0,0,0,0,0,6126
BOJONGLOA KIDUL,SITUSAEUR,0,111,149,185,180,183,164,182,193,199,194,193,167,171,186,207,195,207,136,176,178,187,173,160,158,182,157,158,168,165,166,165,193,188,202,219,216,206,178,176,185,179,170,177,163,177,142,160,162,148,100,132,140,123,125,119,111,101,100,81,99,73,90,77,70,70,50,64,41,37,40,22,59,33,31,52,21,32,22,23,13,12,17,10,3,6,5,8,4,2,1,2,0,1,0,0,1,1,0,0,0,1,10861
BOJONGLOA KIDUL,KEBON LEGA,0,110,202,190,209,184,198,224,232,198,197,189,188,196,208,240,206,209,165,182,162,191,173,199,177,180,167,206,195,175,173,181,196,213,232,271,223,232,249,226,207,240,193,198,211,200,176,148,168,128,134,121,156,116,104,134,104,120,109,94,98,101,94,100,84,76,57,75,55,54,31,31,44,29,35,44,26,44,27,14,12,11,16,8,8,15,5,8,2,7,2,2,0,1,0,0,1,0,1,0,0,0,12027
BOJONGLOA KIDUL,CIBADUYUT,0,66,102,100,85,113,107,134,123,115,114,115,101,112,130,117,98,122,98,95,96,93,93,114,104,109,97,101,111,89,91,118,110,122,139,135,128,129,117,111,112,98,102,104,91,106,90,97,75,60,79,42,80,60,51,54,44,52,50,50,31,41,41,38,27,24,15,23,20,13,13,5,19,13,7,18,8,3,1,5,2,4,7,2,2,3,0,1,1,2,0,1,1,0,0,0,0,0,0,0,0,0,6142
BOJONGLOA KIDUL,MEKARWANGI,0,46,81,90,99,83,101,107,98,95,78,92,83,85,100,96,88,98,74,83,75,79,71,68,71,84,81,82,83,60,61,73,79,100,89,118,99,99,93,96,87,94,88,87,65,91,66,86,75,50,57,52,61,60,53,54,38,44,35,42,32,37,30,39,28,29,11,24,15,19,10,11,14,9,7,10,9,6,11,2,3,1,4,1,2,2,0,1,1,1,0,0,1,3,0,0,0,0,0,0,0,0,4996
BOJONGLOA KIDUL,CIBADUYUT KIDUL,0,67,74,73,78,79,93,86,94,78,70,81,90,94,92,85,66,84,72,83,72,83,85,94,77,74,79,81,73,78,79,80,106,81,86,102,73,85,93,72,74,81,68,76,59,83,54,65,60,54,43,39,54,42,31,51,31,35,36,25,31,38,28,20,36,25,18,23,20,15,8,10,20,8,4,7,9,8,10,3,3,3,2,3,0,2,0,3,0,0,0,1,0,0,0,0,0,0,0,0,0,0,4611
BOJONGLOA KIDUL,CIBADUYUT WETAN,0,55,71,65,69,58,70,86,77,91,70,69,79,65,71,74,71,69,66,47,56,60,65,55,59,35,58,56,57,66,59,65,47,66,72,85,80,80,70,85,68,75,70,57,75,71,48,69,55,48,58,39,50,31,30,36,21,30,27,24,21,24,20,17,18,18,6,17,18,10,6,12,9,12,5,9,5,5,5,6,2,2,6,2,0,1,0,0,0,0,0,0,1,1,0,0,0,0,0,0,0,0,3839
CIBEUNYING KALER,CIHAUR GEULIS,0,42,80,94,71,63,88,105,110,107,97,93,95,106,116,119,120,109,112,104,93,94,89,106,115,87,83,76,87,84,80,72,86,94,93,116,89,113,110,87,119,99,105,105,106,106,82,131,98,93,96,102,100,78,79,88,64,69,60,63,54,44,47,43,38,49,21,28,19,22,17,10,24,18,25,30,8,19,11,17,15,17,7,5,11,6,0,6,5,4,1,3,1,0,0,1,0,0,0,0,0,0,6154
CIBEUNYING KALER,SUKALUYU,0,70,120,120,123,108,132,125,112,120,125,137,120,126,127,135,128,142,125,133,126,132,128,129,115,120,113,114,132,111,136,116,108,130,141,152,127,130,144,114,141,123,118,109,130,113,116,115,115,107,135,98,116,87,96,98,89,75,96,70,68,64,47,66,60,43,42,50,37,27,23,26,32,24,36,35,17,29,25,18,13,12,10,9,10,12,11,8,3,7,4,1,2,0,1,1,1,0,0,0,0,0,7867
CIBEUNYING KALER,NEGLASARI,0,47,64,72,82,82,69,77,80,92,85,76,80,83,86,89,77,89,74,88,68,75,82,81,84,80,62,59,74,69,70,59,73,77,82,96,80,91,76,97,78,75,68,88,77,79,57,82,71,76,49,44,77,66,50,44,39,51,45,43,37,33,49,30,29,23,14,30,20,23,18,18,33,23,16,17,3,22,17,7,9,6,13,2,5,5,1,7,3,1,2,0,0,0,0,1,0,0,0,0,0,0,4803
CIBEUNYING KALER,CIGADUNG,0,163,235,245,220,248,255,277,222,275,234,257,258,251,271,283,260,256,234,237,242,245,241,232,228,236,239,259,247,214,279,245,273,294,277,305,251,318,286,258,244,243,251,210,241,221,188,212,202,188,180,165,176,137,144,161,145,167,152,149,150,139,115,137,110,122,85,92,52,52,47,44,54,52,51,58,32,58,41,18,22,29,12,12,9,10,5,12,3,7,2,1,0,2,2,3,0,0,0,0,0,1,15267
SUMUR BANDUNG,BRAGA,0,27,45,27,36,43,32,31,44,55,64,40,47,55,40,53,56,59,44,43,50,43,48,49,47,51,42,54,51,42,54,42,57,53,54,43,38,62,67,52,48,54,46,49,43,39,38,42,47,42,37,36,37,31,31,43,34,23,34,24,26,34,28,38,30,26,25,33,25,22,20,15,20,15,10,15,9,7,7,6,9,1,4,1,4,1,0,2,1,3,2,0,0,0,0,1,1,0,1,0,1,0,3061
SUMUR BANDUNG,MERDEKA,0,42,72,73,70,83,84,55,78,74,88,78,78,84,88,85,113,94,84,84,86,97,100,103,75,89,86,89,100,78,89,86,95,83,87,75,74,72,66,63,63,77,61,74,61,63,98,68,70,63,60,68,90,67,63,61,45,52,49,44,34,41,38,29,19,20,20,20,26,13,12,10,18,8,10,13,10,13,19,8,12,9,3,2,5,2,0,3,3,6,2,0,1,1,0,0,1,0,0,0,0,1,4929
SUMUR BANDUNG,KEBON PISANG,0,58,80,76,96,87,100,92,100,100,100,103,106,101,103,131,124,91,96,102,90,90,100,112,83,100,94,96,98,77,84,77,99,104,99,99,105,103,98,109,80,94,112,93,83,103,73,81,91,102,85,73,72,77,67,71,46,61,49,54,64,62,53,43,44,38,26,45,34,33,19,14,26,20,10,28,8,19,13,4,17,12,10,4,12,4,4,4,0,3,3,3,3,0,0,0,0,0,0,1,0,0,6013
SUMUR BANDUNG,BABAKAN CIAMIS,0,51,57,52,55,61,68,54,54,60,54,59,59,79,64,73,80,61,60,76,77,57,53,55,60,55,57,61,59,51,72,62,63,55,88,64,67,70,76,72,66,64,59,70,56,52,48,63,64,62,43,54,57,48,62,45,35,47,41,46,41,43,23,28,30,38,17,19,22,13,12,16,16,4,9,12,5,7,7,7,6,9,5,4,7,2,2,3,2,1,0,1,1,0,0,0,0,0,0,0,0,0,3945
ANTAPANI,ANTAPANI KULON,0,61,100,86,82,79,90,84,83,82,90,79,91,66,109,79,73,104,59,97,84,85,77,95,72,89,79,78,86,104,84,101,95,92,93,110,95,88,100,75,78,85,98,63,73,83,65,66,70,78,66,55,55,53,52,62,48,49,43,66,46,53,61,66,48,44,39,22,20,23,19,16,21,6,20,9,7,15,7,5,4,6,3,4,1,2,2,3,2,2,2,0,1,0,0,0,0,0,0,0,0,0,5263
ANTAPANI,ANTAPANI WETAN,0,89,139,171,164,128,157,155,168,127,140,175,113,134,136,144,161,151,139,133,136,152,127,150,141,137,149,157,148,135,142,136,156,162,180,177,157,140,126,148,139,142,132,116,138,131,91,124,115,106,111,108,100,118,93,103,69,100,85,87,99,88,81,83,60,54,37,47,36,25,29,13,22,17,17,15,10,16,12,13,10,3,4,3,0,2,0,6,1,0,2,0,1,0,1,1,0,1,0,0,0,0,8697
ANTAPANI,ANTAPANI TENGAH,0,123,202,190,199,189,189,175,159,153,198,152,161,175,162,169,167,154,155,123,151,156,185,194,186,165,200,211,191,206,198,206,217,224,204,268,249,193,186,191,198,166,158,140,130,137,128,109,130,118,106,82,86,106,100,120,91,102,140,166,155,141,134,147,129,135,96,92,68,47,36,42,39,35,26,37,14,15,22,14,9,7,5,5,2,6,2,5,1,2,2,1,1,1,0,0,0,0,0,0,0,0,11162
ANTAPANI,ANTAPANI KIDUL,0,126,197,191,159,186,186,192,172,167,175,158,160,159,192,180,170,185,197,201,223,212,197,217,206,229,230,240,211,217,237,201,203,188,216,239,205,218,191,200,169,164,188,147,137,146,128,160,138,123,131,131,158,116,153,145,131,160,151,171,143,134,161,151,107,113,90,88,72,77,55,44,45,38,34,32,28,23,13,20,11,6,5,7,11,5,6,7,5,1,3,1,1,1,0,0,0,0,0,0,0,0,12118
BANDUNG KIDUL,BATUNUNGGAL,0,92,153,140,136,139,162,141,171,156,137,154,160,175,185,168,159,138,149,127,134,166,131,160,135,145,137,127,144,128,122,109,130,147,144,186,159,142,160,175,161,150,157,141,135,146,133,121,126,101,113,111,133,107,106,110,72,98,92,67,63,80,79,52,50,51,59,53,34,39,36,30,38,21,37,42,12,26,12,12,14,18,14,13,7,3,4,6,6,4,4,1,2,1,3,0,0,0,1,0,0,0,9030
BANDUNG KIDUL,WATES,0,38,60,81,74,79,71,70,82,67,79,82,69,83,82,81,61,72,54,72,87,65,73,69,56,63,62,62,55,46,59,60,60,74,90,81,73,67,86,84,72,75,73,63,61,76,61,55,54,55,52,55,49,47,38,35,29,45,37,26,24,29,27,36,26,22,16,19,10,9,11,6,11,8,12,15,4,8,4,6,2,1,5,1,2,2,0,2,0,0,1,0,1,0,0,0,0,0,0,0,0,0,4107
BANDUNG KIDUL,MENGGER,0,30,67,72,67,103,91,64,81,106,79,72,87,93,90,108,87,98,81,82,101,91,82,109,78,90,69,79,73,74,69,82,78,91,85,80,88,105,96,84,82,92,88,70,76,84,53,68,68,74,71,56,74,58,68,59,46,56,39,50,42,51,24,33,26,18,22,26,12,16,10,20,18,11,12,15,7,11,5,7,5,5,3,4,4,2,1,5,2,0,2,0,0,0,0,0,1,1,0,0,0,0,5015
BANDUNG KIDUL,KUJANGSARI,0,117,189,177,182,180,163,180,214,184,184,183,180,186,190,200,202,200,166,184,187,178,169,181,169,178,169,158,152,119,143,166,162,186,175,193,210,196,180,169,182,188,173,132,144,164,163,175,154,142,140,132,137,140,99,111,78,105,82,91,78,73,81,64,72,63,35,71,44,35,33,24,35,28,16,29,11,18,17,12,7,11,9,5,2,0,2,3,3,4,1,2,2,0,2,0,0,0,0,1,0,0,10526
BUAHBATU,SEKEJATI,0,38,61,47,75,67,67,69,70,56,69,66,61,68,64,65,68,88,68,75,72,74,77,80,79,80,59,77,71,57,65,76,69,67,81,89,74,85,81,72,60,54,63,60,56,49,63,60,62,67,54,51,56,57,45,57,56,39,44,52,31,41,37,49,37,39,37,24,27,19,22,14,11,13,12,15,4,12,6,4,7,7,2,2,1,1,0,2,1,1,0,0,1,1,0,0,0,0,0,0,0,0,4312
BUAHBATU,MARGASARI,0,225,296,299,333,271,312,327,356,334,342,323,308,329,353,345,315,350,297,348,292,312,322,290,289,272,255,263,295,276,276,286,308,318,329,367,320,322,332,322,284,286,301,277,274,318,255,247,277,239,240,205,247,205,195,190,132,176,149,144,138,152,126,119,116,121,88,107,79,66,70,63,73,50,52,51,35,60,38,17,28,19,21,10,13,12,10,11,1,7,6,2,0,2,1,1,0,1,0,0,0,0,18516
BUAHBATU,CIJAURA,0,133,207,251,233,238,231,247,226,248,235,241,225,231,253,240,227,255,200,208,245,233,219,258,199,226,206,202,224,212,213,214,243,242,192,251,219,253,253,225,203,196,204,214,199,209,152,176,190,186,132,159,162,151,144,129,107,138,106,132,106,115,119,95,93,95,60,90,59,51,34,48,44,29,36,41,24,23,20,20,6,11,11,4,5,4,2,2,4,1,0,1,1,1,0,0,0,0,0,0,0,0,13402
BUAHBATU,JATISARI,0,110,187,225,216,191,188,212,205,194,190,192,165,207,216,201,210,215,181,224,209,218,229,231,219,224,212,229,239,236,243,235,213,193,209,199,202,196,201,188,172,197,189,182,173,166,143,147,172,145,170,134,166,171,168,193,155,183,156,134,130,121,101,136,115,86,64,77,61,35,30,34,47,24,17,28,13,39,28,17,15,10,7,4,7,6,4,9,0,3,0,1,1,1,1,1,0,0,0,0,0,0,12643
RANCASARI,CIPAMOKOLAN,0,115,184,198,183,215,195,215,218,212,194,175,179,184,231,193,195,223,183,191,189,170,214,163,160,201,177,212,196,185,186,190,196,213,189,206,201,162,175,159,202,173,180,180,173,170,166,160,156,158,144,128,132,121,119,139,96,119,116,99,105,100,101,84,95,78,42,60,40,28,36,21,28,27,35,35,13,23,16,12,7,7,7,5,3,3,5,5,5,1,7,1,3,0,1,0,1,0,0,0,0,1,11399
RANCASARI,DERWATI,0,82,121,141,131,160,148,143,136,137,157,133,145,145,182,180,164,175,155,161,173,160,164,189,155,163,154,136,151,126,127,138,132,152,121,157,123,149,131,142,128,117,129,122,122,142,119,140,129,120,137,97,127,117,112,128,106,102,82,89,80,59,45,65,44,53,33,38,27,18,24,20,25,16,15,24,7,27,15,5,6,3,4,6,5,8,3,2,3,0,1,1,1,0,1,0,0,0,0,0,0,0,8788
RANCASARI,MUNJAHLEGA,0,124,168,185,164,156,160,189,195,182,189,157,163,180,174,152,178,184,164,168,198,177,162,199,170,161,148,161,179,155,186,187,203,217,187,250,214,234,219,198,169,177,183,147,150,169,152,146,148,126,107,110,113,100,114,89,69,85,80,94,92,98,97,108,128,121,95,116,94,62,53,80,72,57,68,64,43,45,36,31,18,22,29,7,9,7,5,5,4,3,3,1,3,1,0,0,1,1,0,1,0,0,11245
RANCASARI,MEKARMULYA,0,97,148,141,134,164,150,164,167,155,143,141,157,156,157,132,148,163,113,132,138,116,135,120,120,116,107,119,123,138,139,115,138,143,140,178,146,158,173,146,136,144,146,141,124,160,125,146,123,113,103,107,101,79,74,74,57,83,63,54,62,53,53,48,65,61,41,45,33,38,28,28,34,19,21,26,15,20,11,14,7,11,2,4,1,5,5,3,2,0,0,1,2,0,0,0,0,1,0,0,0,0,8382
ARCAMANIK,SUKAMISKIN,0,115,134,150,155,157,161,156,130,146,132,159,137,178,166,149,162,192,157,153,153,200,185,160,171,167,186,176,179,159,181,175,148,191,203,190,164,149,168,140,148,158,141,119,137,145,124,128,131,125,112,109,140,136,140,133,120,122,131,109,125,108,106,101,109,91,61,67,61,53,44,41,33,24,17,29,18,19,17,21,21,11,12,11,12,8,4,6,3,1,4,0,1,0,0,1,0,0,0,0,1,0,10183
ARCAMANIK,CISARANTEN BINA HARAPAN,0,78,89,113,97,112,100,102,109,106,95,112,95,87,96,105,101,98,76,101,102,84,122,90,89,87,66,91,90,87,79,85,95,92,102,100,110,114,101,109,98,92,83,88,92,91,84,74,71,76,85,77,77,53,51,60,32,55,55,41,37,47,42,46,36,44,30,45,30,17,19,18,26,9,15,21,10,17,7,9,14,5,4,5,2,3,1,4,0,2,1,1,0,0,1,0,0,0,0,1,0,0,5771
ARCAMANIK,CISARANTEN KULON,0,134,194,185,167,172,181,204,202,190,193,198,187,201,204,231,155,160,182,162,162,170,162,151,166,141,169,159,176,140,142,144,166,203,192,217,198,188,193,163,165,185,151,171,154,167,156,146,147,132,135,125,119,112,97,101,93,93,70,91,78,70,74,62,70,81,45,63,34,39,24,23,36,28,27,39,16,27,15,20,19,15,3,3,7,10,3,5,3,4,3,2,3,2,0,0,0,0,0,0,0,1,10468
ARCAMANIK,SINDANGLAYA/CISANTREN ENDAH,0,90,138,130,153,133,162,156,147,157,174,175,180,182,166,179,178,160,181,151,194,185,179,207,177,142,144,144,134,146,136,139,161,169,162,167,138,161,166,143,142,135,136,128,151,132,119,139,136,126,129,100,145,127,107,108,87,101,94,75,80,74,67,66,60,70,32,38,27,16,30,13,20,22,13,13,10,8,13,8,6,3,10,2,0,6,1,4,2,3,1,0,1,2,1,0,0,0,0,0,0,0,9325
CIBIRU,PALASARI,0,119,187,159,179,195,192,217,198,178,177,178,209,184,197,210,197,201,169,189,207,211,227,196,189,207,194,171,176,176,168,167,181,180,169,217,198,183,190,188,161,165,170,196,167,156,142,206,189,140,109,135,147,129,116,122,76,104,106,104,84,82,71,70,72,68,37,51,35,35,33,25,43,23,17,33,15,25,12,11,9,6,4,5,3,6,5,7,3,4,1,0,1,1,0,0,1,0,0,0,0,0,11068
CIBIRU,CIPADUNG,0,74,104,112,118,104,125,101,114,101,115,120,116,127,111,123,137,122,101,93,100,99,107,110,102,97,94,112,116,98,104,86,85,86,109,102,100,108,107,96,91,68,103,72,90,109,88,94,73,72,74,70,70,65,68,62,49,63,50,44,51,47,45,37,43,40,15,23,21,12,13,10,15,5,19,20,8,15,9,14,7,5,7,4,3,4,4,0,3,3,1,0,3,0,1,0,0,0,0,0,0,2,6120
CIBIRU,PASIR BIRU,0,135,187,150,195,183,185,207,199,197,182,203,180,209,213,218,170,228,177,178,183,208,188,196,162,147,208,183,157,184,174,165,165,185,192,199,183,189,192,206,179,157,153,154,163,185,149,162,192,140,137,135,140,103,126,123,99,110,96,92,90,64,70,76,66,67,42,58,35,21,23,25,29,29,24,32,18,11,18,14,5,7,11,6,4,2,3,4,1,2,2,2,0,0,0,0,0,1,0,1,0,1,10921
CIBIRU,CISURUPAN,0,90,149,121,143,134,145,139,166,150,158,162,137,160,150,150,164,146,141,120,112,132,116,132,115,130,113,125,129,106,123,100,122,132,122,136,150,140,158,144,105,126,143,97,92,160,104,113,98,119,87,78,100,90,84,79,66,90,65,49,68,58,44,63,30,47,17,27,24,25,9,9,18,24,9,32,12,13,11,5,6,5,11,2,7,7,3,5,0,0,2,1,1,0,0,0,0,1,0,0,0,0,7803
UJUNG BERUNG,CIGENDING,0,89,98,110,127,135,151,138,152,150,130,144,145,149,148,167,152,136,128,142,148,136,121,134,151,125,126,120,125,101,101,118,125,136,141,135,126,129,131,115,124,137,103,121,120,135,106,126,116,107,108,101,110,83,101,87,63,92,89,78,56,71,73,68,65,56,41,37,38,22,28,21,17,23,17,28,17,18,13,12,9,9,5,1,3,6,1,2,0,3,5,2,1,0,0,2,0,2,2,1,0,0,8017
UJUNG BERUNG,PASANGGRAHAN,0,102,142,179,147,163,153,150,169,172,168,170,176,167,170,193,180,186,162,152,133,158,153,144,149,143,145,152,170,128,145,125,128,152,141,155,177,143,149,151,134,141,138,141,134,155,149,136,153,152,115,84,138,96,89,95,71,74,77,62,62,69,51,61,37,54,38,49,31,28,29,11,34,20,20,34,11,22,12,16,9,7,12,3,4,2,3,4,4,2,2,2,1,1,0,0,1,0,0,0,0,0,9122
UJUNG BERUNG,PASIR ENDAH,0,90,125,127,123,123,131,125,148,134,117,138,110,153,135,155,142,140,114,108,126,141,153,130,126,110,124,106,122,122,123,132,145,131,135,154,120,138,130,121,97,121,125,94,103,130,115,87,112,112,89,97,85,82,84,84,68,78,92,71,63,64,64,59,63,53,46,45,37,31,24,16,39,20,17,20,8,21,8,9,10,7,9,6,3,4,2,4,2,2,3,1,1,0,0,0,1,1,0,0,0,0,7716
UJUNG BERUNG,PASIR JATI,0,86,117,136,151,145,168,152,144,165,160,151,141,165,135,183,131,153,122,145,139,136,153,145,111,119,131,141,114,122,111,107,114,146,130,152,139,166,123,133,116,131,152,122,120,139,109,120,109,100,111,81,99,78,93,77,50,68,79,49,50,55,43,50,47,44,26,33,19,24,15,10,26,13,11,25,17,15,14,8,6,6,13,2,3,2,3,5,1,1,3,0,0,1,1,0,0,0,0,0,0,1,7978
UJUNG BERUNG,PASIRWANGI,0,89,136,150,123,114,151,136,156,137,162,138,130,153,140,155,137,128,102,119,120,127,127,120,111,112,120,105,115,105,103,109,125,115,128,153,139,137,147,115,113,139,133,110,117,137,102,115,114,92,103,76,87,66,59,68,49,64,52,52,46,49,53,36,40,33,23,32,28,20,14,11,19,15,19,19,10,15,14,4,9,4,6,5,2,3,1,4,0,0,1,1,2,1,1,0,0,1,0,0,0,0,7378
GEDEBAGE,CIMENERANG,0,126,151,152,159,158,134,150,147,176,188,143,171,145,163,149,157,179,128,194,165,161,167,198,172,184,188,186,161,176,154,163,173,160,171,187,151,186,194,151,137,134,114,149,129,148,120,119,127,99,136,111,116,110,115,127,97,112,78,94,87,87,78,99,81,63,58,57,54,30,33,32,33,30,37,27,16,19,18,13,7,3,7,5,8,5,7,4,3,7,4,3,3,3,1,1,0,0,0,0,0,0,9813
GEDEBAGE,CISANTREN KIDUL,0,21,41,23,37,36,30,56,39,40,53,50,22,32,38,45,40,43,34,24,33,32,30,32,26,19,23,32,24,28,20,26,26,27,19,30,39,28,35,43,37,37,42,41,34,37,37,27,31,22,24,22,21,16,26,17,8,19,14,13,9,8,10,15,4,8,5,12,3,6,2,0,11,3,0,3,1,2,0,1,0,1,1,2,1,0,0,0,1,0,0,1,0,0,0,1,0,0,1,0,0,0,1913
GEDEBAGE,RANCABOLANG,0,17,35,42,27,36,40,42,40,39,51,53,56,61,70,59,62,78,45,48,46,39,35,40,28,22,24,27,28,19,23,33,27,13,19,30,32,28,30,32,29,33,38,43,46,44,52,53,61,48,47,39,37,35,25,28,15,26,16,15,11,12,16,8,16,7,5,6,3,6,7,4,6,2,4,5,2,5,2,2,1,1,0,0,1,0,2,1,0,1,0,0,1,0,0,0,0,0,0,0,0,0,2343
GEDEBAGE,RANCANUMPANG,0,48,97,103,100,100,100,120,105,119,107,106,130,93,92,99,73,91,66,83,74,70,64,70,59,55,49,56,67,57,69,58,82,70,77,84,71,98,120,99,101,116,121,97,95,94,76,86,75,68,64,53,46,53,41,36,39,40,27,33,25,25,25,22,20,20,12,12,14,15,4,6,10,13,9,11,4,11,4,0,3,2,3,1,2,3,0,0,1,1,0,1,0,0,0,0,0,0,0,0,0,0,4921
PANYILEUKAN,CIPADUNG KULON,0,42,61,64,68,49,45,58,50,52,46,44,53,45,42,52,56,60,44,42,62,65,70,64,58,72,68,82,79,66,83,74,73,83,70,64,67,62,55,36,40,44,39,31,31,41,25,35,35,28,38,28,48,33,46,51,60,64,69,55,46,47,44,52,32,32,16,15,10,12,5,5,6,8,2,4,3,3,3,3,4,2,4,2,0,2,1,1,1,0,1,1,0,0,0,0,0,0,0,0,0,0,3534
PANYILEUKAN,CIPADUNG KIDUL,0,72,94,89,125,101,123,106,97,98,118,113,103,119,114,105,119,132,100,133,126,135,122,130,111,133,130,107,90,110,104,94,99,94,90,107,104,114,98,86,86,100,99,99,76,103,82,90,84,85,93,65,92,80,81,75,71,76,68,67,58,52,54,47,50,50,30,29,23,21,15,11,16,12,9,22,14,10,7,5,8,5,4,1,0,5,0,1,1,0,0,0,1,0,1,1,0,0,0,0,0,0,6480
PANYILEUKAN,CIPADUNG WETAN,0,66,102,101,87,92,78,99,91,90,105,110,102,117,116,140,150,139,126,137,143,167,160,153,141,143,158,142,132,133,110,109,99,96,91,87,85,90,85,76,77,80,73,74,76,95,78,107,97,105,119,110,134,125,128,152,133,130,127,115,73,61,58,65,50,50,19,28,30,25,16,19,13,10,16,16,8,17,9,12,5,8,3,6,3,0,4,2,0,3,1,0,0,0,0,0,0,0,0,0,0,0,7213
PANYILEUKAN,MEKAR MULYA,0,20,24,40,41,15,31,28,15,27,29,42,28,38,30,29,35,36,27,31,29,32,29,31,28,30,26,24,35,27,17,23,41,30,30,35,32,32,36,25,26,35,31,22,24,32,20,20,25,19,22,21,26,13,21,12,10,24,11,12,14,15,13,11,5,11,8,6,2,7,5,3,3,3,2,3,1,5,2,0,1,2,0,3,0,1,0,1,0,0,0,0,0,2,1,0,0,1,0,0,0,0,1715
CINAMBO,CISARANTEN WETAN,0,32,58,50,59,55,65,54,58,47,58,63,44,53,54,69,56,37,49,44,43,54,53,46,57,45,57,59,52,58,64,55,56,73,72,65,33,64,58,54,49,49,37,45,39,64,46,38,41,56,42,30,44,30,24,29,22,30,27,15,25,18,17,11,16,16,9,7,11,6,9,9,9,5,10,12,4,9,7,8,1,4,0,2,0,2,1,1,1,0,1,0,0,0,0,1,0,0,0,0,0,0,3112
CINAMBO,PAKEMITAN,0,30,40,49,55,46,36,61,52,53,56,47,43,44,50,60,65,40,41,50,47,41,53,49,49,44,43,36,43,33,45,43,49,40,44,48,33,47,53,46,48,49,38,50,42,39,50,40,41,37,39,31,33,20,24,23,25,37,27,18,20,25,19,16,24,23,9,13,9,7,6,7,10,9,7,13,7,6,4,2,5,2,0,3,0,1,1,1,0,1,0,0,1,0,0,0,0,0,0,0,0,0,2766
CINAMBO,SUKAMULYA,0,40,53,57,49,45,44,53,46,44,51,44,48,42,64,55,41,54,43,49,44,51,45,37,43,46,42,45,47,30,43,43,29,56,52,47,45,53,53,41,55,60,47,41,37,58,46,33,28,34,28,40,39,18,22,17,17,30,17,23,26,21,25,18,22,26,7,20,11,13,7,5,3,7,7,6,6,3,3,2,1,3,6,0,1,3,1,1,1,1,0,0,0,0,1,1,0,0,0,0,0,0,2762
CINAMBO,BABAKAN PENGHULU,0,33,57,61,48,61,78,61,64,59,69,47,66,71,68,73,67,58,58,59,63,59,67,57,45,51,50,46,78,50,45,61,66,52,47,73,46,80,50,59,64,60,66,53,73,57,44,40,47,49,48,37,44,39,39,31,27,34,34,27,30,18,31,18,12,17,14,11,8,8,9,4,9,5,5,10,3,9,7,1,2,6,4,1,1,3,0,2,0,0,2,1,0,0,0,0,0,0,0,0,0,0,3467
MANDALAJATI,JATIHANDAP,0,157,222,233,214,209,225,250,270,226,233,249,198,222,242,229,223,227,191,211,176,215,226,195,170,206,198,183,182,201,186,179,207,236,248,250,255,225,263,257,218,174,186,184,188,163,168,201,173,146,145,138,144,133,132,125,90,119,115,94,116,80,99,92,86,84,57,58,55,32,31,23,39,23,27,46,17,14,21,9,17,8,4,7,3,10,4,5,2,1,2,0,0,0,1,1,0,0,0,0,0,0,12599
MANDALAJATI,KARANG PAMULANG,0,103,161,145,152,128,154,150,152,150,147,163,150,169,168,144,137,149,152,120,134,157,147,146,177,127,116,142,152,132,147,141,136,136,124,182,170,133,163,128,122,128,116,124,128,134,89,108,143,109,91,104,113,97,93,104,76,93,78,67,69,74,68,70,44,56,26,38,29,25,16,14,22,22,15,32,10,20,11,7,8,7,7,4,2,3,2,4,3,0,2,0,0,0,1,0,0,0,0,0,0,0,8512
MANDALAJATI,PASIR IMPUN,0,55,98,101,107,103,108,105,97,102,120,100,110,108,96,98,106,106,82,96,110,101,104,109,92,110,82,97,93,101,100,99,104,119,88,109,109,90,108,96,77,96,77,76,69,91,102,81,77,73,62,66,65,59,55,52,45,54,49,45,47,56,52,47,33,33,21,29,9,27,22,11,15,9,5,16,11,13,9,9,6,5,4,3,3,5,0,1,2,0,2,0,0,0,0,0,0,0,0,0,0,0,5795
MANDALAJATI,SINDANG JAYA,0,84,109,111,111,106,122,131,109,94,130,113,115,112,128,132,110,117,93,88,106,104,113,108,92,115,108,108,111,96,107,102,93,124,103,131,149,123,101,130,107,94,129,100,109,106,87,103,103,81,81,71,82,52,67,72,55,50,62,69,53,41,58,62,46,66,26,46,23,24,20,35,25,15,18,28,12,14,8,11,9,5,8,8,7,2,1,4,2,1,0,1,0,0,0,0,0,0,0,0,0,0,6698
