KECAMATAN,Belum Kawin,Kawin,Cerai Hidup,Cerai Mati
SUKASARI,39200,40913,1238,3418
COBLONG,64712,63124,1880,5939
BABAKAN CIPARAY,67599,68090,1389,4688
BOJONGLOA KALER,62859,61386,1499,5042
ANDIR,58407,57874,1547,5605
CICENDO,51663,53579,1346,4629
SUKAJADI,51554,52527,1603,4648
CIDADAP,26328,28131,940,2267
BANDUNG WETAN,19200,18803,596,1913
ASTANA ANYAR,40886,40003,937,4097
REGOL,47859,49250,1555,4527
BATUNUNGGAL,62530,62757,1625,5681
LENGKONG,39471,40949,1192,3813
CIBEUNYING KIDUL,57529,57831,1505,5197
BANDUNG KULON,71331,69633,1425,4924
KIARACONDONG,64928,67077,1666,5348
BOJONGLOA KIDUL,43274,43296,1033,3434
CIBEUNYING KALER,36532,36586,928,3183
SUMUR BANDUNG,20482,19719,596,2110
ANTAPANI,38478,39670,858,2522
BANDUNG KIDUL,30368,29940,819,2166
BUAH BATU,50918,52220,1094,3628
RANCASARI,43766,45665,1026,3185
ARCAMANIK,37318,38134,929,2601
CIBIRU,40731,42214,953,2530
UJUNGBERUNG,41688,43145,1061,3139
GEDEBAGE,20201,20811,468,1439
PANYILEUKAN,19730,19652,389,1184
CINAMBO,12612,13205,340,881
MANDALAJATI,34180,36398,903,2739
