Nama Kecamatan,Hubungan Sosial,Keamananan,Keharmonisan Keluarga,Kesehatan,Ketersediaan Waktu Luang,Lingkungan,Pekerjaan,Pendapatan,Pendidikan,Rumah dan Fasilitas Rumah
Andir,66.39,65.96,70.18,65.61,66.1,67.72,66.03,65.89,62.03,63.64
Antapani,91.47,91.96,93.25,89.19,91.77,88.79,88.29,86.81,89.09,87.4
Arcamanik,78.9,83.38,80.77,79.74,79.27,77.68,76.19,73.58,76.19,76.28
Astanaanyar,74.13,79.6,77.69,72.22,71.7,74.91,67.97,61.72,63.8,64.15
Babakan Ciparay,73.25,77.88,77.53,72.42,72.37,75.76,70.26,64.6,68.53,67.21
Bandung Kidul,71.2,72.9,73.24,74.26,70.41,75.85,63.27,59.3,63.04,61
Bandung Kulon,75.69,76.2,78.51,74.28,74.28,76.2,72.93,68.02,71.35,70.95
Bandung Wetan,79.93,79.03,81.9,74.73,78.32,84.95,73.84,70.43,67.2,71.15
Batununggal,74.47,76.7,77.09,74.64,76.01,74.93,71.57,68.32,70.31,69.69
Bojongloa Kaler,73.55,77.67,79.81,73.87,71.62,77.2,69.12,64.68,65.05,67.97
Bojongloa Kidul,81.83,87.7,86.83,76.75,77.14,81.19,76.59,69.92,72.94,71.43
Buahbatu,72.15,71.03,73.07,70.32,68.92,75.81,65.12,67.3,63.92,72.78
Cibeunying Kaler,76.01,75.42,79.15,76.3,70.7,78.66,69.32,66.37,64.6,70.21
Cibeunying Kidul,75.41,72.5,76.2,74.98,68.67,72.86,68.37,65.39,60.96,68.79
Cibiru,76.5,78.87,79.33,75.59,73.04,80.15,70.22,64.94,66.12,70.22
Cicendo,67.68,72.69,70.44,68.99,66.45,67.68,64.85,59.55,60.93,61.44
Cidadap,78.42,81.01,82.17,77.65,77,81.14,72.61,70.54,71.71,72.35
Cinambo,76.47,78.87,77.78,74.51,70.81,76.69,69.5,67.32,63.83,68.41
Coblong,77.89,78.47,81.16,73.6,74.8,81.27,71.76,69.47,67.01,72.11
Gedebage,73.96,76.39,76.74,72.4,72.57,77.43,68.75,64.76,64.93,67.88
Kiaracondong,74.18,76.75,77.47,72.63,74.95,73.87,70.11,65.64,66.1,70.11
Lengkong,71.92,76.77,73.64,73.23,69.7,76.57,68.48,66.46,65.76,64.44
Mandalajati,75.05,74.63,77.88,72.96,70.02,75.26,66.67,64.78,60.17,68.97
Panyileukan,74.47,78.53,82.28,79.43,73.42,76.58,71.62,70.27,69.22,76.13
Rancasari,73.32,75.07,74.72,75.68,68.24,76.2,63.87,61.33,60.8,69.03
Regol,73.92,77.97,77.31,74.48,70.15,76.74,70.24,65.82,63.28,66.1
Sukajadi,69.77,76.54,75.43,73.71,71.15,77.78,69.29,68.18,65.15,69.77
Sukasari,76.1,78.99,83.19,72.64,74.88,81.51,68.53,65.27,65.45,75.35
Sumur Bandung,73.33,73.89,77.96,73.33,72.22,71.85,70.56,65.37,64.07,64.26
Ujungberung,76.97,78.26,80.78,80.7,76.48,80.45,72.1,65.29,71.7,67.72