lokasi,nama_komoditas,2018-12-01,2018-12-02,2018-12-03,2018-12-04,2018-12-05,2018-12-06,2018-12-07,2018-12-08,2018-12-09,2018-12-10,2018-12-11,2018-12-12,2018-12-13,2018-12-14,2018-12-15,2018-12-16,2018-12-17,2018-12-18,2018-12-19,2018-12-20,2018-12-21,2018-12-22,2018-12-23,2018-12-24,2018-12-25,2018-12-26,2018-12-27,2018-12-28,2018-12-29,2018-12-30,2018-12-31
"Pasar Kosambi","Beras Medium",0,0,10500,0,10500,10500,10500,0,0,10500,0,10500,10500,0,0,0,10500,10500,10500,10500,0,0,0,0,0,0,10500,10500,0,0,0
"Pasar Kosambi","Cabe Merah",0,0,35000,0,40000,40000,40000,0,0,45000,0,45000,40000,0,0,0,50000,50000,50000,40000,0,0,0,0,0,0,40000,40000,0,0,0
"Pasar Kosambi","Bawang Merah",0,0,30000,0,30000,30000,30000,0,0,32000,0,32000,32000,0,0,0,32000,32000,32000,32000,0,0,0,0,0,0,32000,32000,0,0,0
"Pasar Kosambi","Daging Ayam Ras",0,0,35000,0,36000,36000,36000,0,0,37000,0,37000,37000,0,0,0,38000,38000,40000,40000,0,0,0,0,0,0,43000,43000,0,0,0
"Pasar Kosambi","Telur Ayam Ras",0,0,26000,0,26000,26000,26000,0,0,26500,0,26500,26500,0,0,0,26500,26500,26500,26500,0,0,0,0,0,0,27000,27000,0,0,0
"Pasar Kosambi","Daging Sapi",0,0,120000,0,120000,120000,120000,0,0,120000,0,120000,120000,0,0,0,120000,120000,120000,120000,0,0,0,0,0,0,120000,120000,0,0,0
"Pasar Kosambi","Minyak Goreng",0,0,15000,0,15000,15000,15000,0,0,15000,0,11000,11000,0,0,0,15000,15000,15000,15000,0,0,0,0,0,0,15000,15000,0,0,0
"Pasar Kosambi","Gula Pasir",0,0,12500,0,12500,12500,12500,0,0,12500,0,12500,12500,0,0,0,12500,12500,12500,12500,0,0,0,0,0,0,12500,12500,0,0,0
"Pasar Kosambi",Kentang,0,0,15000,0,15000,15000,15000,0,0,15000,0,15000,15000,0,0,0,15000,15000,15000,15000,0,0,0,0,0,0,15000,16000,0,0,0
"Pasar Kosambi",Kedelai,0,0,10000,0,10000,10000,10000,0,0,10000,0,10000,10000,0,0,0,10000,10000,10000,10000,0,0,0,0,0,0,10000,10000,0,0,0
"Pasar Kosambi","Tepung Terigu",0,0,7500,0,7500,7500,7500,0,0,7500,0,75000,75000,0,0,0,7500,7500,7500,7500,0,0,0,0,0,0,7500,7500,0,0,0
"Pasar Kosambi","Bawang Putih",0,0,25000,0,25000,25000,25000,0,0,25000,0,25000,25000,0,0,0,25000,25000,25000,25000,0,0,0,0,0,0,25000,25000,0,0,0
"Pasar Kosambi","Cabe Keriting",0,0,30000,0,35000,35000,35000,0,0,40000,0,40000,35000,0,0,0,40000,40000,40000,40000,0,0,0,0,0,0,40000,40000,0,0,0
"Pasar Kosambi","Cabe Rawit",0,0,40000,0,40000,40000,40000,0,0,40000,0,40000,40000,0,0,0,50000,50000,45000,45000,0,0,0,0,0,0,70000,70000,0,0,0
"Pasar Kosambi","Kacang Tanah",0,0,24000,0,24000,24000,24000,0,0,24000,0,24000,24000,0,0,0,24000,24000,24000,24000,0,0,0,0,0,0,24000,24000,0,0,0
"Pasar Kosambi","Ubi Kayu",0,0,4000,0,4000,4000,4000,0,0,4000,0,4000,4000,0,0,0,4000,4000,4000,4000,0,0,0,0,0,0,4000,4000,0,0,0
"Pasar Kosambi","Ubi Jalar",0,0,0,0,0,0,0,0,0,0,0,0,0,0,0,0,0,0,0,0,0,0,0,0,0,0,0,0,0,0,0
"Pasar Kosambi",Jagung,0,0,10000,0,10000,10000,10000,0,0,10000,0,10000,10000,0,0,0,10000,10000,10000,10000,0,0,0,0,0,0,12000,12000,0,0,0
"Pasar Kosambi","Ikan Olahan",0,0,80000,0,80000,80000,80000,0,0,80000,0,80000,80000,0,0,0,80000,80000,80000,80000,0,0,0,0,0,0,80000,80000,0,0,0
"Pasar Kosambi","Beras Premium",0,0,0,0,0,0,0,0,0,0,0,0,0,0,0,0,0,0,0,0,0,0,0,0,0,0,0,0,0,0,0
"Pasar Kosambi","Minyak Goreng Curah",0,0,12000,0,12000,12000,12000,0,0,12000,0,12000,12000,0,0,0,12000,12000,12000,12000,0,0,0,0,0,0,12000,12000,0,0,0
"Pasar Kosambi","Daging Ayam Kampung",0,0,75000,0,75000,75000,75000,0,0,75000,0,75000,75000,0,0,0,75000,75000,75000,75000,0,0,0,0,0,0,75000,75000,0,0,0
"Pasar Kosambi","Telur Ayam Kampung",0,0,45000,0,45000,45000,45000,0,0,45000,0,45000,45000,0,0,0,45000,45000,45000,45000,0,0,0,0,0,0,45000,45000,0,0,0
"Pasar Kosambi","Susu Kental Manis Merk Bendera",0,0,10000,0,10000,10000,10000,0,0,10000,0,10000,10000,0,0,0,10000,10000,10000,10000,0,0,0,0,0,0,10000,10000,0,0,0
"Pasar Kosambi","Susu Kental Manis Merk Indomilk",0,0,9500,0,9500,9500,9500,0,0,9500,0,9500,9500,0,0,0,9500,9500,9500,9500,0,0,0,0,0,0,9500,9500,0,0,0
"Pasar Kosambi","Garam Beryodium Bata",0,0,2500,0,2500,2500,2500,0,0,2500,0,2500,2500,0,0,0,2500,2500,2500,2500,0,0,0,0,0,0,2500,2500,0,0,0
"Pasar Kosambi","Garam Beryodium Halus",0,0,12000,0,12000,12000,12000,0,0,12000,0,12000,12000,0,0,0,12000,12000,12000,12000,0,0,0,0,0,0,12000,12000,0,0,0
"Pasar Kosambi","Tepung Terigu Cakra Kembar",0,0,8000,0,8000,8000,8000,0,0,8000,0,8000,8000,0,0,0,8000,8000,8000,8000,0,0,0,0,0,0,8000,8000,0,0,0
"Pasar Kosambi","Tepung Terigu Kunci",0,0,7000,0,7000,7000,7000,0,0,7000,0,7000,7000,0,0,0,7000,7000,7000,7000,0,0,0,0,0,0,7000,7000,0,0,0
"Pasar Kosambi","Mie Instan",0,0,2300,0,2300,2300,2300,0,0,2300,0,2300,2300,0,0,0,2300,2300,2300,2300,0,0,0,0,0,0,2300,2300,0,0,0
"Pasar Kosambi","Cabe Rawit Hijau",0,0,30000,0,30000,30000,30000,0,0,30000,0,30000,40000,0,0,0,40000,40000,35000,35000,0,0,0,0,0,0,40000,40000,0,0,0
"Pasar Kosambi","Kacang Hijau",0,0,20000,0,20000,20000,20000,0,0,20000,0,30000,30000,0,0,0,20000,20000,20000,20000,0,0,0,0,0,0,20000,20000,0,0,0
"Pasar Kosambi","Susu Bubuk Dancow",0,0,34500,0,34500,34500,34500,0,0,34500,0,34500,34500,0,0,0,34500,34500,34500,34500,0,0,0,0,0,0,34500,34500,0,0,0
"Pasar Kosambi","Susu Bubuk Indomilk",0,0,30000,0,30000,30000,30000,0,0,30000,0,30000,30000,0,0,0,30000,30000,30000,30000,0,0,0,0,0,0,30000,30000,0,0,0
"Pasar Kosambi","Ikan Kembung",0,0,45000,0,45000,45000,45000,0,0,45000,0,45000,45000,0,0,0,45000,45000,45000,45000,0,0,0,0,0,0,45000,45000,0,0,0
