lokasi,nama_komoditas,2017-07-01,2017-07-02,2017-07-03,2017-07-04,2017-07-05,2017-07-06,2017-07-07,2017-07-08,2017-07-09,2017-07-10,2017-07-11,2017-07-12,2017-07-13,2017-07-14,2017-07-15,2017-07-16,2017-07-17,2017-07-18,2017-07-19,2017-07-20,2017-07-21,2017-07-22,2017-07-23,2017-07-24,2017-07-25,2017-07-26,2017-07-27,2017-07-28,2017-07-29,2017-07-30,2017-07-31
"Pasar Andir","Beras Medium",0,10000,10000,10000,10000,0,0,0,10000,10000,10000,10000,10000,0,0,10000,10000,10000,10000,10000,0,0,10000,10000,10000,10000,0,0,0,10000,0
"Pasar Andir","Cabe Merah",0,45000,45000,45000,45000,0,0,0,20000,20000,20000,20000,20000,0,0,25000,25000,25000,25000,25000,0,0,25000,25000,25000,25000,0,0,0,25000,0
"Pasar Andir","Bawang Merah",0,35000,35000,35000,35000,0,0,0,30000,30000,30000,30000,30000,0,0,30000,30000,30000,30000,30000,0,0,30000,30000,27000,24000,0,0,0,24000,0
"Pasar Andir","Daging Ayam Ras",0,34000,34000,34000,34000,0,0,0,32000,32000,32000,32000,32000,0,0,32000,32000,32000,32000,32000,0,0,32000,32000,32000,32000,0,0,0,34000,0
"Pasar Andir","Telur Ayam Ras",0,20000,20000,20000,20000,0,0,0,20000,20000,20000,20000,20000,0,0,21000,21000,21000,21500,21500,0,0,21500,21500,22250,23000,0,0,0,23000,0
"Pasar Andir","Daging Sapi",0,120000,120000,120000,120000,0,0,0,120000,120000,120000,120000,120000,0,0,120000,120000,120000,120000,120000,0,0,120000,120000,120000,120000,0,0,0,120000,0
"Pasar Andir","Minyak Goreng",0,14500,14500,14500,14500,0,0,0,14500,14500,14500,14500,14500,0,0,14500,14500,14500,14500,14500,0,0,14500,14500,14500,14500,0,0,0,14500,0
"Pasar Andir","Gula Pasir",0,15000,15000,15000,15000,0,0,0,15000,1500,1500,1500,15000,0,0,15000,15000,15000,15000,15000,0,0,15000,15000,15000,15000,0,0,0,15000,0
"Pasar Andir",Kentang,0,19000,19000,19000,19000,0,0,0,19000,19000,19000,19000,19000,0,0,19000,19000,19000,19000,19000,0,0,19000,19000,19000,19000,0,0,0,19000,0
"Pasar Andir",Kedelai,0,11000,11000,11000,11000,0,0,0,11000,11000,11000,11000,11000,0,0,11000,11000,11000,11000,11000,0,0,11000,11000,11000,11000,0,0,0,11000,0
"Pasar Andir","Tepung Terigu",0,7500,7500,7500,7500,0,0,0,7500,7500,7500,7500,7500,0,0,7500,7500,7500,7500,7500,0,0,7500,7500,7500,7500,0,0,0,7500,0
"Pasar Andir","Bawang Putih",0,40000,40000,40000,40000,0,0,0,30000,30000,30000,30000,30000,0,0,30000,30000,30000,30000,30000,0,0,30000,30000,28500,27000,0,0,0,27000,0
"Pasar Andir","Cabe Keriting",0,25000,25000,25000,25000,0,0,0,20000,20000,20000,20000,20000,0,0,20000,20000,20000,20000,20000,0,0,20000,20000,20000,20000,0,0,0,20000,0
"Pasar Andir","Cabe Rawit",0,45000,45000,45000,45000,0,0,0,35000,35000,35000,35000,35000,0,0,35000,35000,35000,40000,40000,0,0,40000,40000,40000,40000,0,0,0,30000,0
"Pasar Andir","Kacang Tanah",0,25000,25000,25000,25000,0,0,0,25000,25000,25000,25000,25000,0,0,25000,25000,25000,25000,25000,0,0,25000,25000,25000,25000,0,0,0,25000,0
"Pasar Andir","Ubi Kayu",0,3000,3000,3000,3000,0,0,0,3000,3000,3000,3000,3000,0,0,3000,3000,3000,3000,3000,0,0,3000,3000,3000,3000,0,0,0,3000,0
"Pasar Andir","Ubi Jalar",0,0,0,0,0,0,0,0,0,0,0,0,0,0,0,0,0,0,0,0,0,0,0,0,0,0,0,0,0,0,0
"Pasar Andir",Jagung,0,9000,9000,9000,9000,0,0,0,9000,9000,9000,9000,9000,0,0,9000,9000,9000,9000,9000,0,0,9000,9000,9000,9000,0,0,0,9000,0
"Pasar Andir","Ikan Olahan",0,60000,60000,60000,60000,0,0,0,60000,60000,60000,60000,60000,0,0,60000,60000,60000,60000,60000,0,0,60000,60000,60000,60000,0,0,0,70000,0
"Pasar Andir","Beras Premium",0,0,0,0,0,0,0,0,0,0,0,0,0,0,0,0,0,0,0,0,0,0,0,0,0,0,0,0,0,0,0
"Pasar Andir","Minyak Goreng Curah",0,12000,12000,12000,12000,0,0,0,12000,12000,12000,12000,12000,0,0,12000,12000,12000,12000,12000,0,0,12000,12000,12000,12000,0,0,0,12000,0
"Pasar Andir","Daging Ayam Kampung",0,75000,75000,75000,75000,0,0,0,75000,75000,75000,75000,75000,0,0,75000,75000,75000,75000,75000,0,0,75000,75000,75000,75000,0,0,0,75000,0
"Pasar Andir","Telur Ayam Kampung",0,40000,40000,40000,40000,0,0,0,40000,40000,40000,40000,40000,0,0,40000,40000,40000,40000,40000,0,0,40000,40000,40000,40000,0,0,0,40000,0
"Pasar Andir","Susu Kental Manis Merk Bendera",0,9500,9500,9500,9500,0,0,0,9500,9500,9500,9500,9500,0,0,9500,9500,9500,9500,9500,0,0,9500,9500,9500,9500,0,0,0,9500,0
"Pasar Andir","Susu Kental Manis Merk Indomilk",0,9000,9000,9000,9000,0,0,0,9000,9000,9000,9000,9000,0,0,9000,9000,90000,9000,9000,0,0,9000,9000,9000,9000,0,0,0,9000,0
"Pasar Andir","Garam Beryodium Bata",0,1000,0,0,1000,0,0,0,0,0,1000,1000,0,0,0,0,2000,2000,0,0,0,0,2000,2000,2000,0,0,0,0,2000,0
"Pasar Andir","Garam Beryodium Halus",0,5000,5000,5000,5000,0,0,0,5000,5000,5000,5000,8000,0,0,8000,8000,8000,8000,8000,0,0,8000,8000,8000,8000,0,0,0,8000,0
"Pasar Andir","Tepung Terigu Cakra Kembar",0,7500,7500,7500,7500,0,0,0,7500,7500,7500,7500,7500,0,0,7500,7500,7500,7500,7500,0,0,7500,7500,7500,7500,0,0,0,7500,0
"Pasar Andir","Tepung Terigu Kunci",0,7000,7000,7000,7000,0,0,0,7000,7000,7000,0,7000,0,0,7000,7000,7000,7000,7000,0,0,7000,7000,7000,7000,0,0,0,7000,0
"Pasar Andir","Mie Instan",0,2000,2000,2000,2000,0,0,0,2000,2500,2500,2500,2000,0,0,2000,2000,2000,2000,2000,0,0,2000,2000,2000,2000,0,0,0,2000,0
"Pasar Andir","Cabe Rawit Hijau",0,25000,25000,25000,25000,0,0,0,25000,25000,25000,25000,25000,0,0,25000,25000,25000,30000,30000,0,0,30000,30000,30000,30000,0,0,0,20000,0
"Pasar Andir","Kacang Hijau",0,21000,21000,21000,21000,0,0,0,21000,21000,21000,21000,21000,0,0,21000,21000,21000,21000,21000,0,0,21000,21000,21000,21000,0,0,0,21000,0
"Pasar Andir","Susu Bubuk Dancow",0,35000,35000,35000,35000,0,0,0,35000,35000,35000,35000,35000,0,0,35000,35000,35000,35000,35000,0,0,35000,35000,35000,35000,0,0,0,35000,0
"Pasar Andir","Susu Bubuk Indomilk",0,32000,32000,32000,32000,0,0,0,32000,32000,32000,32000,32000,0,0,32000,32000,32000,32000,32000,0,0,32000,32000,32000,32000,0,0,0,32000,0
"Pasar Andir","Ikan Kembung",0,0,32000,32000,0,0,0,0,32000,32000,32000,32000,32000,0,0,32000,0,32000,32000,32000,0,0,0,0,0,32000,0,0,0,0,0
