lokasi,nama_komoditas,2018-09-01,2018-09-02,2018-09-03,2018-09-04,2018-09-05,2018-09-06,2018-09-07,2018-09-08,2018-09-09,2018-09-10,2018-09-11,2018-09-12,2018-09-13,2018-09-14,2018-09-15,2018-09-16,2018-09-17,2018-09-18,2018-09-19,2018-09-20,2018-09-21,2018-09-22,2018-09-23,2018-09-24,2018-09-25,2018-09-26,2018-09-27,2018-09-28,2018-09-29,2018-09-30
"Pasar Kosambi","Beras Medium",0,0,0,10500,0,0,0,0,0,10500,0,10500,10500,0,0,0,0,0,0,0,10500,0,0,10500,10500,10500,0,10500,0,0
"Pasar Kosambi","Cabe Merah",0,0,0,33000,0,0,0,0,0,33000,0,33000,33000,0,0,0,0,0,0,0,40000,0,0,35000,35000,35000,0,35000,0,0
"Pasar Kosambi","Bawang Merah",0,0,0,28000,0,0,0,0,0,28000,0,28000,28000,0,0,0,0,0,0,0,25000,0,0,25000,25000,25000,0,25000,0,0
"Pasar Kosambi","Daging Ayam Ras",0,0,0,32000,0,0,0,0,0,34000,0,34000,34000,0,0,0,0,0,0,0,34000,0,0,33000,33000,33000,0,33000,0,0
"Pasar Kosambi","Telur Ayam Ras",0,0,0,24000,0,0,0,0,0,24000,0,24000,24000,0,0,0,0,0,0,0,22000,0,0,22000,22000,22000,0,22000,0,0
"Pasar Kosambi","Daging Sapi",0,0,0,120000,0,0,0,0,0,120000,0,120000,120000,0,0,0,0,0,0,0,120000,0,0,120000,120000,120000,0,120000,0,0
"Pasar Kosambi","Minyak Goreng",0,0,0,15000,0,0,0,0,0,15000,0,15000,15000,0,0,0,0,0,0,0,15000,0,0,15000,15000,15000,0,15000,0,0
"Pasar Kosambi","Gula Pasir",0,0,0,12500,0,0,0,0,0,12500,0,12500,12500,0,0,0,0,0,0,0,12500,0,0,12500,12500,12500,0,12500,0,0
"Pasar Kosambi",Kentang,0,0,0,16000,0,0,0,0,0,16000,0,16000,16000,0,0,0,0,0,0,0,15000,0,0,15000,15000,15000,0,15000,0,0
"Pasar Kosambi",Kedelai,0,0,0,10000,0,0,0,0,0,10000,0,10000,10000,0,0,0,0,0,0,0,10000,0,0,10000,10000,10000,0,10000,0,0
"Pasar Kosambi","Tepung Terigu",0,0,0,7500,0,0,0,0,0,7500,0,7500,7500,0,0,0,0,0,0,0,7500,0,0,7500,7500,7500,0,7500,0,0
"Pasar Kosambi","Bawang Putih",0,0,0,28000,0,0,0,0,0,28000,0,28000,28000,0,0,0,0,0,0,0,25000,0,0,25000,25000,25000,0,25000,0,0
"Pasar Kosambi","Cabe Keriting",0,0,0,40000,0,0,0,0,0,40000,0,40000,40000,0,0,0,0,0,0,0,40000,0,0,35000,35000,35000,0,35000,0,0
"Pasar Kosambi","Cabe Rawit",0,0,0,40000,0,0,0,0,0,40000,0,40000,40000,0,0,0,0,0,0,0,40000,0,0,35000,35000,35000,0,35000,0,0
"Pasar Kosambi","Kacang Tanah",0,0,0,24000,0,0,0,0,0,24000,0,24000,24000,0,0,0,0,0,0,0,24000,0,0,24000,24000,24000,0,24000,0,0
"Pasar Kosambi","Ubi Kayu",0,0,0,4000,0,0,0,0,0,4000,0,4000,4000,0,0,0,0,0,0,0,4000,0,0,4000,4000,4000,0,4000,0,0
"Pasar Kosambi","Ubi Jalar",0,0,0,0,0,0,0,0,0,0,0,0,0,0,0,0,0,0,0,0,0,0,0,0,0,0,0,0,0,0
"Pasar Kosambi",Jagung,0,0,0,10000,0,0,0,0,0,10000,0,10000,10000,0,0,0,0,0,0,0,10000,0,0,10000,10000,10000,0,10000,0,0
"Pasar Kosambi","Ikan Olahan",0,0,0,80000,0,0,0,0,0,80000,0,80000,80000,0,0,0,0,0,0,0,80000,0,0,80000,80000,80000,0,80000,0,0
"Pasar Kosambi","Beras Premium",0,0,0,0,0,0,0,0,0,0,0,0,0,0,0,0,0,0,0,0,0,0,0,0,0,0,0,0,0,0
"Pasar Kosambi","Minyak Goreng Curah",0,0,0,12000,0,0,0,0,0,12000,0,12000,12000,0,0,0,0,0,0,0,12000,0,0,12000,12000,12000,0,12000,0,0
"Pasar Kosambi","Daging Ayam Kampung",0,0,0,75000,0,0,0,0,0,75000,0,75000,75000,0,0,0,0,0,0,0,75000,0,0,75000,75000,75000,0,75000,0,0
"Pasar Kosambi","Telur Ayam Kampung",0,0,0,45000,0,0,0,0,0,45000,0,45000,45000,0,0,0,0,0,0,0,45000,0,0,45000,45000,45000,0,45000,0,0
"Pasar Kosambi","Susu Kental Manis Merk Bendera",0,0,0,10000,0,0,0,0,0,10000,0,10000,10000,0,0,0,0,0,0,0,10000,0,0,10000,10000,10000,0,10000,0,0
"Pasar Kosambi","Susu Kental Manis Merk Indomilk",0,0,0,9500,0,0,0,0,0,9500,0,9500,9500,0,0,0,0,0,0,0,9500,0,0,9500,9500,9500,0,9500,0,0
"Pasar Kosambi","Garam Beryodium Bata",0,0,0,2500,0,0,0,0,0,2500,0,2500,2500,0,0,0,0,0,0,0,2500,0,0,2500,2500,2500,0,2500,0,0
"Pasar Kosambi","Garam Beryodium Halus",0,0,0,12000,0,0,0,0,0,12000,0,12000,12000,0,0,0,0,0,0,0,12000,0,0,12000,12000,12000,0,12000,0,0
"Pasar Kosambi","Tepung Terigu Cakra Kembar",0,0,0,7500,0,0,0,0,0,7500,0,7500,7500,0,0,0,0,0,0,0,7500,0,0,7500,7500,7500,0,7500,0,0
"Pasar Kosambi","Tepung Terigu Kunci",0,0,0,7000,0,0,0,0,0,7000,0,7000,7000,0,0,0,0,0,0,0,7000,0,0,7000,7000,7000,0,7000,0,0
"Pasar Kosambi","Mie Instan",0,0,0,2300,0,0,0,0,0,2300,0,2300,2300,0,0,0,0,0,0,0,2300,0,0,2300,2300,2300,0,2300,0,0
"Pasar Kosambi","Cabe Rawit Hijau",0,0,0,28000,0,0,0,0,0,28000,0,28000,28000,0,0,0,0,0,0,0,30000,0,0,35000,35000,35000,0,35000,0,0
"Pasar Kosambi","Kacang Hijau",0,0,0,20000,0,0,0,0,0,20000,0,20000,20000,0,0,0,0,0,0,0,20000,0,0,20000,20000,20000,0,20000,0,0
"Pasar Kosambi","Susu Bubuk Dancow",0,0,0,34500,0,0,0,0,0,34500,0,34500,34500,0,0,0,0,0,0,0,34500,0,0,34500,34500,34500,0,34500,0,0
"Pasar Kosambi","Susu Bubuk Indomilk",0,0,0,30000,0,0,0,0,0,30000,0,30000,30000,0,0,0,0,0,0,0,30000,0,0,30000,30000,30000,0,30000,0,0
"Pasar Kosambi","Ikan Kembung",0,0,0,45000,0,0,0,0,0,45000,0,45000,45000,0,0,0,0,0,0,0,45000,0,0,45000,45000,45000,0,45000,0,0
