Nama Kecamatan,Nama Kelurahan,Belum/tidak bekerja,Aparatur Pejabat Negara,Tenaga Pengajar,Wiraswasta,Pertanian,Nelayan,Agama dan Kepercayaan,Pelajar dan Mahasiswa,Tenaga Kesehatan,Pensiunan,Pekerjaan Lainnya
Regol,Ancol,1626,358,90,3995,1,0,5,2616,70,260,2506
Antapani,Antapani Kidul,4025,1701,329,7536,6,1,23,5306,158,1144,4582
Antapani,Antapani Kulon,1825,624,107,3413,3,0,3,2257,46,325,2149
Antapani,Antapani Tengah,4011,1554,307,7123,12,1,7,4438,76,1042,4284
Antapani,Antapani Wetan,3181,959,180,5741,8,1,2,3853,107,456,3530
Cicendo,Arjuna,2034,278,127,4817,0,0,10,2489,45,240,3209
Babakan Ciparay,Babakan,5406,280,109,10360,9,0,14,5425,43,138,7790
Bojongloa Kaler,Babakan Asih,2906,191,113,5720,8,0,5,3307,39,122,4006
Sumur Bandung,Babakan Ciamis,1337,334,38,2832,1,0,60,1668,18,94,1712
Babakan Ciparay,Babakan Ciparay,5529,421,119,10964,8,1,18,6274,55,162,8230
Cinambo,Babakan Penghulu,1172,231,51,2483,10,0,3,1379,14,61,1679
Kiaracondong,Babakansari,6875,1098,235,12719,8,1,1,7622,87,675,8855
Kiaracondong,Babakan Surabaya,3643,415,99,6603,9,0,4,3932,39,237,4850
Bojongloa Kaler,Babakan Tarogong,5241,313,122,9893,7,0,8,5689,48,140,7238
Regol,Balonggede,1177,171,51,3144,0,0,2,1700,18,76,1942
Bandung Kidul,Batununggal,3216,647,133,6114,6,0,5,4087,68,399,3953
Batununggal,Binong,3311,447,96,6245,7,0,0,3817,25,245,4291
Sumur Bandung,Braga,968,76,24,2289,0,0,2,1200,18,50,1446
Lengkong,Burangrang,1520,254,62,3691,7,0,1,2062,28,184,2338
Andir,Campaka,3144,514,150,5968,2,0,12,3877,42,268,4043
Bandung Kulon,Caringin,1684,183,88,3250,4,0,5,1872,25,162,2108
Regol,Ciateul,993,381,56,2754,0,0,6,1730,23,161,1573
Astana Anyar,Cibadak,2011,133,99,4980,4,0,4,2747,22,99,3367
Bojongloa Kidul,Cibaduyut,2282,99,20,4152,8,1,3,2567,21,31,2952
Bojongloa Kidul,Cibaduyut Kidul,1760,143,71,2984,3,0,5,1830,18,80,2108
Bojongloa Kidul,Cibaduyut Wetan,1516,74,52,2670,5,1,2,1678,24,32,1883
Batununggal,Cibangkong,3073,505,114,6463,4,0,1,3737,34,313,4115
Bandung Kulon,Cibuntu,3359,242,157,6494,9,0,8,3703,24,135,4200
Cibeunying Kidul,Cicadas,2982,1144,127,4769,4,0,0,3205,61,245,3557
Kiaracondong,Cicaheum,2991,453,113,5617,3,0,2,3607,37,189,4089
Cibeunying Kaler,Cigadung,4873,1228,338,10083,11,2,3,6852,116,667,6724
Ujung Berung,Cigending,2993,665,168,4995,13,0,5,3420,41,330,3572
Regol,Cigereleng,1735,407,97,4297,3,0,9,2572,43,272,2652
Bandung Kulon,Cigondewah Kaler,3689,70,60,6651,24,1,17,3726,14,25,4561
Bandung Kulon,Cigondewah Kidul,1610,34,47,3087,11,1,7,1803,16,18,2248
Bandung Kulon,Cigondewah Rahayu,1906,52,35,3500,5,1,3,1985,13,23,2726
Bandung Wetan,Cihapit,516,197,68,1376,0,0,33,846,78,194,857
Cibeunying Kaler,Cihaur Geulis,1686,537,140,4337,2,1,4,3008,26,350,2528
Lengkong,Cijagra,1574,728,114,3658,1,0,6,2760,124,467,2259
Buahbatu,Cijaura,4454,988,203,9061,18,0,0,6117,71,541,5873
Bandung Kulon,Cijerah,4414,395,182,8814,12,0,6,4686,33,369,5183
Lengkong,Cikawao,1375,223,56,3220,3,0,3,1797,15,110,2066
Cibeunying Kidul,Cikutra,4166,637,155,7703,3,1,8,4261,43,546,5154
Gedebage,Cimenerang,879,184,30,1306,31,0,2,796,13,16,808
Cibiru,Pasir Biru,2772,452,240,4899,25,0,0,3338,17,154,3489
Panyileukan,Mekar Mulya,1189,651,110,2063,5,0,4,1474,27,245,1228
Panyileukan,Cipadung Wetan,666,43,8,1170,22,0,3,694,5,21,819
Panyileukan,Cipadung Kulon,2202,647,130,4076,19,0,2,2942,38,213,2766
Coblong,Cipaganti,1821,325,50,4131,0,0,1,2404,41,190,2569
Rancasari,Cipamokolan,3990,1274,216,7511,34,0,8,5141,112,577,4595
Sukajadi,Cipedes,5253,718,207,9744,12,0,7,5971,62,441,6701
Babakan Ciparay,Cirangrang,1883,134,47,3921,3,1,0,2031,30,104,2857
Andir,Ciroyom,3548,184,106,6886,1,0,6,4021,19,122,4710
Arcamanik,Cisaranten Bina Harapan,2205,435,94,3723,9,1,5,2312,29,247,2648
Arcamanik,Sindanglaya/Cisantren Endah,3467,900,184,5844,18,1,7,4189,74,334,3814
Gedebage,Cisantren Kidul,3754,1063,219,6202,42,1,8,4050,61,614,4192
Arcamanik,Cisaranten Kulon,4222,1121,230,7049,14,0,6,4513,77,483,4424
Cinambo,Pakemitan,1062,764,66,1692,7,0,2,1270,27,132,1335
Regol,Ciseureuh,2603,445,92,5502,4,1,2,3537,30,215,3774
Cibiru,Palasari,3667,847,237,6661,66,0,2,4582,53,343,4709
Bandung Wetan,Citarum,243,113,46,835,0,0,13,460,54,83,463
Cidadap,Ciumbuleuit,3929,457,172,7386,18,0,31,4175,71,288,5603
Coblong,Dago,5667,1149,336,11161,8,0,3,7158,97,677,7386
Rancasari,Derwati,2990,744,154,5775,63,1,5,4119,47,247,3909
Andir,Dungus Cariang,3287,334,136,6674,2,0,3,3904,29,199,4295
Andir,Garuda,1832,348,86,3646,1,0,1,2229,26,224,2352
Sukasari,Gegerkalong,3549,1119,300,7283,17,1,2,4897,123,637,4993
Bandung Kulon,Gempolsari,3643,943,267,7225,13,0,7,4475,54,427,4094
Batununggal,Gumuruh,3139,714,134,6393,4,0,1,4027,53,485,4200
Cidadap,Hegarmanah,3270,719,161,6740,5,0,2,4025,68,342,4835
Cicendo,Husen Sastranegara,2760,631,97,5278,2,0,8,3266,44,166,3943
Sukasari,Isola,2205,540,232,4179,36,0,3,2734,46,221,2929
Bojongloa Kaler,Jamika,4941,217,128,9845,14,0,16,5496,31,135,6988
Buahbatu,Jatisari,1309,517,86,2806,3,0,6,2047,65,276,1629
Mandalajati,Jatihandap,4610,737,202,8599,6,0,2,4899,39,303,5777
Batununggal,Kacapiring,1399,363,52,3096,1,0,4,1987,32,240,2028
Astana Anyar,Karanganyar,907,88,37,2681,1,0,1,1351,14,55,1707
Mandalajati,Karang Pamulang,3220,520,119,5781,3,0,2,3480,47,193,4093
Astana Anyar,Karasak,2222,277,121,4814,2,0,2,2776,21,211,3178
Batununggal,Kebongedang,1633,293,61,3385,0,0,0,2011,9,214,2244
Kiaracondong,Kebon Jayanti,2247,438,67,4111,3,0,2,2622,19,314,3196
Andir,Kebon Jeruk,1748,197,70,4629,0,0,19,2405,25,58,2863
Kiaracondong,Kebon Kangkung,2151,373,81,3968,3,1,3,2581,22,262,3152
Bojongloa Kidul,Kebon Lega,4256,504,153,8143,15,2,10,4721,63,295,5535
Sumur Bandung,Kebon Pisang,2117,196,62,4392,1,0,6,2419,35,128,2709
Batununggal,Kebonwaru,2353,409,65,5246,2,0,2,3138,20,252,3338
Bojongloa Kaler,Kopo,5534,504,181,10042,15,0,4,6132,65,323,7348
Bandung Kidul,Kujangsari,3938,799,146,6916,11,0,1,4532,62,352,4571
Coblong,Lebakgede,1701,295,104,3962,1,0,2,2268,44,269,2249
Coblong,Lebak Siliwangi,656,104,28,1352,2,0,3,801,13,75,900
Cidadap,Ledeng,1687,371,173,3382,11,0,4,2202,20,173,2467
Lengkong,Lingkar Selatan,1536,1676,102,2331,4,0,3,2480,80,304,2019
Lengkong,Malabar,1254,209,67,3129,3,1,2,1729,44,173,1982
Andir,Maleber,3467,375,144,7322,2,0,7,4212,41,227,4514
Batununggal,Maleer,2913,461,94,5823,3,0,4,3516,21,291,3877
Rancasari,Munjahlega,3393,1395,303,6677,6,0,2,4414,103,1427,4149
Babakan Ciparay,Margahayu Utara,3748,544,138,7381,8,0,5,4274,53,376,5207
Buahbatu,Margasari,6141,1727,301,12367,33,1,2,8579,117,964,7957
Babakan Ciparay,Margasuka,2020,137,51,4061,3,0,2,2319,15,66,3062
Rancasari,Mekarmulya,3240,920,195,5431,33,1,3,3905,67,444,3669
Panyileukan,Cipadung Kidul,2128,1357,225,4118,10,1,2,3816,44,394,2652
Bojongloa Kidul,Mekarwangi,2018,83,34,3462,9,1,6,2128,25,32,2555
Bandung Kidul,Mengger,1903,262,76,3370,26,1,4,2428,51,88,2285
Sumur Bandung,Merdeka,1557,1524,82,2229,1,1,10,2247,94,292,1833
Cibeunying Kaler,Neglasari,1501,442,91,2990,1,0,2,2093,29,244,2053
Astana Anyar,Nyengseret,1967,165,50,4383,2,1,4,2420,16,100,3050
Cibeunying Kidul,Padasuka,3054,438,130,5536,4,0,8,3317,25,272,4016
Cicendo,Pajajaran,4450,715,155,8477,0,0,21,4934,83,298,6089
Cinambo,Sukamulya,899,117,58,1975,4,0,0,1059,6,85,1264
Cibiru,Cisurupan,2271,328,110,4223,104,1,2,2657,11,164,3001
Lengkong,Paledang,847,133,46,2436,5,0,2,1327,10,84,1524
Cicendo,Pamoyanan,1247,171,86,3057,0,0,17,1480,41,177,1819
Astana Anyar,Panjunan,1212,83,29,2714,1,0,4,1554,7,38,1936
Ujung Berung,Pasanggrahan,3707,670,198,5866,99,0,3,3922,58,273,4170
Cibiru,Cipadung,3843,795,253,7055,24,1,2,4686,42,271,4815
Ujung Berung,Pasir Endah,2815,905,179,4819,15,1,7,3389,54,529,3213
Mandalajati,Pasir Impun,2222,294,72,4001,6,0,0,2366,12,124,2944
Ujung Berung,Pasirwangi,3098,519,134,4840,53,0,6,3134,31,173,3531
Ujung Berung,Pasirjati,3230,637,159,5109,23,0,7,3383,35,226,3597
Cicendo,Pasir Kaliki,1345,242,84,3370,1,0,15,1706,41,166,2134
Cibeunying Kidul,Pasirlayung,4239,808,211,7360,3,0,4,4128,61,518,4505
Regol,Pasirluyu,2843,326,83,5781,7,0,3,3480,27,191,3935
Sukajadi,Pasteur,2957,654,166,6031,5,0,13,3778,112,447,3969
Astana Anyar,Pelindung Hewan,3343,426,124,6732,1,0,5,4178,40,178,4989
Regol,Pungkur,1013,179,50,2768,3,0,3,1533,19,119,1767
Gedebage,Rancabolang,2122,564,109,3106,16,0,2,2181,32,102,1979
Gedebage,Rancanumpang,757,357,83,1270,29,0,4,1328,18,70,851
Coblong,Sadangserang,4304,994,196,8811,3,1,3,5463,47,644,5370
Batununggal,Samoja,2277,422,56,4473,0,0,1,2748,21,148,2980
Sukasari,Sarijadi,4299,1424,416,8464,14,0,10,5780,147,1110,5358
Buahbatu,Sekejati,3670,1710,326,7555,7,0,2,5581,91,792,4481
Coblong,Sekeloa,4535,928,227,8984,5,0,2,5415,85,682,5636
Mandalajati,Sindang Jaya,2637,540,125,4571,6,1,1,2776,27,329,2981
Bojongloa Kidul,Situsaeur,3646,406,160,7474,13,0,4,4469,64,255,4788
Bojongloa Kaler,Suka Asih,3489,236,136,6486,10,0,11,3992,42,136,4607
Sukajadi,Sukabungah,3789,735,182,7087,7,0,9,4277,73,451,4889
Sukajadi,Sukagalih,3077,411,134,6079,3,0,8,3565,141,273,4286
Cibeunying Kaler,Sukaluyu,2310,752,180,5285,7,0,3,3480,58,504,3178
Cibeunying Kidul,Sukamaju,1806,422,98,3947,1,0,1,2211,23,317,2452
Arcamanik,Sukamiskin,3453,1590,318,6176,10,1,14,4567,154,764,4034
Cinambo,Cisaranten Wetan,966,189,47,2025,5,0,1,1061,11,75,1309
Cibeunying Kidul,Sukapada,4071,763,197,7351,3,0,4,4296,40,404,4813
Kiaracondong,Sukapura,4745,1012,177,8618,8,1,0,5508,55,617,6318
Cicendo,Sukaraja,3853,883,191,7610,7,0,11,4917,96,412,5055
Sukasari,Sukarasa,2148,296,96,4345,5,0,5,2726,63,185,3147
Sukajadi,Sukawarna,2403,418,156,4522,6,0,9,2774,90,332,3125
Bandung Wetan,Tamansari,3845,601,217,7787,7,0,10,4616,74,435,5081
Lengkong,Turangga,1903,958,194,4505,5,0,6,3475,153,776,2737
Bandung Kulon,Warung Muncang,3823,177,97,7432,9,1,7,4034,24,96,5039
Bandung Kidul,Wates,1687,142,42,2884,14,2,1,1713,14,63,1746
Babakan Ciparay,Sukahaji,5102,245,114,10517,11,0,9,5616,47,115,7972