nama_kecamatan,iud_sisa_bulan_lalu,kondom_sisa_bulan_lalu,implant_sisa_bulan_lalu,suntikan_sisa_bulan_lalu,pil_sisa_bulan_lalu,iud_diterima_bulan_ini,kondom_diterima_bulan_ini,implant_diterima_bulan_ini,suntikan_diterima_bulan_ini,pil_diterima_bulan_ini,iud_diterima_bulan_ini,kondom_diterima_bulan_ini,implant_diterima_bulan_ini,suntikan_diterima_bulan_ini,pil_diterima_bulan_ini,iud_sisa_akhir_bulan_ini,kondom_sisa_akhir_bulan_ini,implant_sisa_akhir_bulan_ini,suntikan_sisa_akhir_bulan_ini,pil_sisa_akhir_bulan_ini
Sukasari,56,203,60,118,492,0,216,0,387,100,15,98,2,225,116,41,321,58,280,476
Coblong,109,135,22,440,424,25,24,10,60,0,24,29,6,170,38,110,130,26,330,386
Babakan Ciparay,128,152,31,203,201,30,24,0,0,100,40,4,9,45,45,118,172,22,158,256
Bojongloa Kaler,73,149,35,193,290,0,0,0,0,0,3,19,0,171,48,70,130,35,22,242
Andir,124,159,26,183,256,0,0,0,0,0,3,16,3,76,5,121,143,23,107,251
Cicendo,14,320,0,69,225,25,12,0,40,0,9,20,0,47,9,30,312,0,62,216
Sukajadi,73,51,33,30,131,150,72,0,439,300,174,49,13,421,397,49,74,20,48,34
Cidadap,136,145,30,129,348,10,0,0,0,0,14,1,0,50,29,132,144,30,79,319
Bandung Wetan,36,266,47,98,423,0,24,0,80,0,6,25.5,3,36,16,30,264.5,44,142,407
Astana Anyar,75,294,21,476,676,139,24,0,240,20,97,35,11,227,65,117,283,10,489,631
Regol,111,200,20,238,397,25,24,0,100,0,34,11,0,130,28,102,213,20,208,369
Batununggal,47,236,26,424,342,50,0,0,60,0,45,39,0,223,47,52,197,26,261,295
Lengkong,140,250,48,411,416,0,60,0,240,114,2,25,2,234,130,138,285,46,417,400
Cibeunying Kidul,64,101,10,182,158,0,0,0,0,0,9,7,0,82,48,55,94,10,100,110
Bandung Kulon,46,88,12,155,456,0,24,0,100,100,1,16,1,149,54,45,96,11,106,502
Kiaracondong,102,134,28,76,110,0,48,0,80,100,18,23,0,97,27,84,159,28,59,183
Bojongloa Kidul,0,0,0,37,0,0,0,0,0,0,0,0,0,7,0,0,0,0,30,0
Cibeunying Kaler,48,48,20,62,68,0,0,0,0,0,0,0,0,0,0,48,48,20,62,68
Sumur Bandung,9,80,0,110,302,50,48,0,68,200,1,5,0,52,5,58,123,0,126,497
Antapani,45,151,11,91,308,25,48,0,120,100,1,26,0,139,39,69,173,11,72,369
Bandung Kidul,107,174,20,130,467,25,96,0,180,200,5,14,1,197,90,127,256,19,113,577
Buahbatu,65,23,26,103,73,0,48,0,388,104,3,5,0,350,34,62,66,26,141,143
Rancasari,10,17,19,0,104,25,72,0,80,300,9,4,0,80,71,26,85,19,0,333
Arcamanik,29,64,4,202,161,35,24,9,0,0,27,2,9,57,33,37,86,4,145,128
Cibiru,60,141,21,385,54,0,62,0,40,400,8,6,4,195,174,52,197,17,230,280
Ujung Berung,47,51,20,117,0,0,0,0,0,0,3,2,0,36,0,44,49,20,81,0
Gedebage,63,70,32,121,318,25,24,0,40,100,30,4,0,76,87,58,90,32,85,331
Panyileukan,47,77,19,157,90,0,24,0,100,100,1,24,0,70,100,46,77,19,187,90
Cinambo,121,172,38,196,263,100,24,0,49,0,85,3,1,53,6,136,193,37,192,257
Mandalajati,110,265,12,218,615,50,96,0,60,0,5,15,3,197,63,155,346,9,81,552
