lokasi,nama_komoditas,2015-07-01,2015-07-02,2015-07-03,2015-07-04,2015-07-05,2015-07-06,2015-07-07,2015-07-08,2015-07-09,2015-07-10,2015-07-11,2015-07-12,2015-07-13,2015-07-14,2015-07-15,2015-07-16,2015-07-17,2015-07-18,2015-07-19,2015-07-20,2015-07-21,2015-07-22,2015-07-23,2015-07-24,2015-07-25,2015-07-26,2015-07-27,2015-07-28,2015-07-29,2015-07-30,2015-07-31
"Pasar Baru","Beras Medium",9500,9500,9500,0,0,9500,9500,9500,9500,9500,0,0,9500,9500,0,0,0,0,0,0,0,0,9500,9500,0,0,9500,9500,9500,9500,0
"Pasar Baru","Cabe Merah",30000,30000,30000,0,0,30000,30000,25000,25000,25000,0,0,48000,48000,48000,0,0,0,0,0,0,70000,70000,70000,0,0,32000,35000,35000,30000,0
"Pasar Baru","Bawang Merah",30000,30000,30000,0,0,30000,30000,25000,25000,25000,0,0,25000,25000,25000,0,0,0,0,0,0,25000,25000,25000,0,0,24000,25000,25000,20000,0
"Pasar Baru","Daging Ayam Ras",30000,30000,30000,0,0,30000,30000,30000,30000,30000,0,0,33000,33000,33000,0,0,0,0,0,0,36000,36000,36000,0,0,35800,36000,36000,32000,0
"Pasar Baru","Telur Ayam Ras",21000,21000,21000,0,0,21000,21000,20000,20000,20000,0,0,20000,20000,20000,0,0,0,0,0,0,20000,20000,20000,0,0,19100,20000,20000,21000,0
"Pasar Baru","Daging Sapi",105000,105000,105000,0,0,105000,105000,105000,105000,105000,0,0,120000,120000,120000,0,0,0,0,0,0,120000,120000,120000,0,0,121000,120000,120000,100000,0
"Pasar Baru","Minyak Goreng",14000,14000,14000,0,0,14000,14000,14000,14000,14000,0,0,14000,14000,14000,0,0,0,0,0,0,14000,14000,14000,0,0,14300,14000,14000,14000,0
"Pasar Baru","Gula Pasir",13000,13000,13000,0,0,13000,13000,13000,13000,13000,0,0,13000,13000,13000,0,0,0,0,0,0,13000,13000,13000,0,0,12900,13000,13000,12000,0
"Pasar Baru",Kentang,11000,11000,11000,0,0,11000,11000,11000,11000,11000,0,0,11000,11000,11000,0,0,0,0,0,0,12000,12000,12000,0,0,11900,12000,12000,12000,0
"Pasar Baru",Kedelai,13000,13000,13000,0,0,13000,13000,13000,13000,13000,0,0,13000,13000,13000,0,0,0,0,0,0,13000,13000,13000,0,0,12000,13000,13000,13000,0
"Pasar Baru","Tepung Terigu",7500,7500,7500,0,0,7500,7500,7500,7500,7500,0,0,7500,7500,0,0,0,0,0,0,0,0,7500,7500,0,0,7500,7500,7500,7500,0
"Pasar Baru","Bawang Putih",20000,20000,20000,0,0,20000,20000,20000,20000,20000,0,0,20000,20000,20000,0,0,0,0,0,0,20000,20000,20000,0,0,20400,20000,20000,20000,0
"Pasar Baru","Cabe Keriting",30000,30000,30000,0,0,30000,30000,25000,25000,25000,0,0,48000,48000,48000,0,0,0,0,0,0,48000,48000,48000,0,0,31000,35000,35000,30000,0
"Pasar Baru","Cabe Rawit",30000,30000,30000,0,0,30000,30000,30000,30000,35000,0,0,45000,45000,45000,0,0,0,0,0,0,85000,85000,85000,0,0,65000,75000,75000,30000,0
"Pasar Baru","Kacang Tanah",27000,27000,27000,0,0,27000,27000,27000,27000,27000,0,0,27000,27000,27000,0,0,0,0,0,0,27000,27000,27000,0,0,27800,27000,27000,20000,0
"Pasar Baru","Ubi Kayu",3000,3000,3000,0,0,3000,3000,3000,3000,3000,0,0,3000,3000,3000,0,0,0,0,0,0,3000,3000,3000,0,0,3400,3000,3000,3000,0
"Pasar Baru","Ubi Jalar",0,0,0,0,0,0,0,0,0,0,0,0,0,0,0,0,0,0,0,0,0,0,0,0,0,0,0,0,0,0,0
"Pasar Baru",Jagung,7000,7000,7000,0,0,7000,7000,7000,7000,7000,0,0,7000,7000,7000,0,0,0,0,0,0,7000,7000,7000,0,0,7200,7000,7000,7000,0
"Pasar Baru","Ikan Olahan",50000,50000,50000,0,0,50000,50000,50000,50000,50000,0,0,50000,50000,50000,0,0,0,0,0,0,50000,50000,50000,0,0,53000,50000,50000,50000,0
"Pasar Baru","Beras Premium",0,0,0,0,0,0,0,0,0,0,0,0,0,0,0,0,0,0,0,0,0,0,0,0,0,0,0,0,0,0,0
"Pasar Baru","Minyak Goreng Curah",12000,12000,12000,0,0,12000,12000,12000,12000,12000,0,0,12000,12000,12000,0,0,0,0,0,0,12000,12000,12000,0,0,11900,12000,12000,10500,0
"Pasar Baru","Daging Ayam Kampung",55000,55000,55000,0,0,55000,55000,55000,55000,55000,0,0,55000,55000,55000,0,0,0,0,0,0,65000,65000,65000,0,0,63000,65000,65000,55000,0
"Pasar Baru","Telur Ayam Kampung",45000,45000,45000,0,0,45000,45000,45000,45000,45000,0,0,45000,45000,45000,0,0,0,0,0,0,45000,45000,45000,0,0,42800,45000,45000,45000,0
"Pasar Baru","Susu Kental Manis Merk Bendera",11000,11000,11000,0,0,11000,11000,11000,11000,11000,0,0,11000,11000,11000,0,0,0,0,0,0,11000,11000,11000,0,0,10100,11000,11000,11000,0
"Pasar Baru","Susu Kental Manis Merk Indomilk",9500,9500,9500,0,0,9500,9500,9500,9500,9500,0,0,9500,9500,9500,0,0,0,0,0,0,9500,9500,9500,0,0,9300,9500,9500,9500,0
"Pasar Baru","Garam Beryodium Bata",1000,1000,1000,0,0,1000,1000,1000,1000,1000,0,0,1000,1000,1000,0,0,0,0,0,0,1000,1000,1000,0,0,1000,1000,1000,1000,0
"Pasar Baru","Garam Beryodium Halus",3500,3500,3500,0,0,3500,3500,3500,3500,3500,0,0,3500,3500,3500,0,0,0,0,0,0,3500,3500,3500,0,0,3360,3500,3500,3500,0
"Pasar Baru","Tepung Terigu Cakra Kembar",8000,8000,8000,0,0,8000,8000,8000,8000,8000,0,0,8000,8000,8000,0,0,0,0,0,0,8000,8000,8000,0,0,7900,8000,8000,7200,0
"Pasar Baru","Tepung Terigu Kunci",7500,7500,7500,0,0,7500,7500,7500,7500,7500,0,0,7500,7500,7500,0,0,0,0,0,0,7500,7500,7500,0,0,7300,7500,7500,7500,0
"Pasar Baru","Mie Instan",2000,2000,2000,0,0,2000,2000,2000,2000,2000,0,0,2000,2000,0,0,0,0,0,0,0,0,2000,2000,0,0,2000,0,2000,2000,0
"Pasar Baru","Cabe Rawit Hijau",35000,35000,35000,0,0,35000,35000,30000,30000,35000,0,0,45000,45000,45000,0,0,0,0,0,0,50000,50000,50000,0,0,46000,50000,50000,50000,0
"Pasar Baru","Kacang Hijau",22000,22000,22000,0,0,22000,22000,22000,22000,22000,0,0,22000,22000,22000,0,0,0,0,0,0,22000,22000,22000,0,0,22000,22000,22000,20000,0
"Pasar Baru","Susu Bubuk Dancow",36000,36000,36000,0,0,36000,36000,36000,36000,36000,0,0,36000,36000,36000,0,0,0,0,0,0,36000,36000,36000,0,0,36420,36000,36000,36000,0
"Pasar Baru","Susu Bubuk Indomilk",33500,33500,33500,0,0,33500,33500,33500,33500,33500,0,0,33500,33500,33500,0,0,0,0,0,0,33500,33500,33500,0,0,32890,33500,33500,33500,0
"Pasar Baru","Ikan Kembung",30000,30000,30000,0,0,30000,30000,30000,30000,30000,0,0,30000,30000,30000,0,0,0,0,0,0,30000,30000,30000,0,0,29800,30000,30000,30000,0
