lokasi,nama_komoditas,2014-11-01,2014-11-02,2014-11-03,2014-11-04,2014-11-05,2014-11-06,2014-11-07,2014-11-08,2014-11-09,2014-11-10,2014-11-11,2014-11-12,2014-11-13,2014-11-14,2014-11-15,2014-11-16,2014-11-17,2014-11-18,2014-11-19,2014-11-20,2014-11-21,2014-11-22,2014-11-23,2014-11-24,2014-11-25,2014-11-26,2014-11-27,2014-11-28,2014-11-29,2014-11-30
"Pasar Sederhana","Beras Medium",9000,9000,0,0,9000,9000,9000,9000,9000,0,0,9000,9000,9000,9000,0,0,0,0,0,0,0,0,0,0,0,0,0,0,0
"Pasar Sederhana","Cabe Merah",50000,50000,0,0,50000,50000,50000,50000,50000,0,0,50000,50000,50000,50000,0,0,0,0,0,0,0,0,0,0,0,0,0,0,0
"Pasar Sederhana","Bawang Merah",20000,20000,0,0,18000,18000,18000,18000,18000,0,0,20000,20000,20000,20000,0,0,0,0,0,0,0,0,0,0,0,0,0,0,0
"Pasar Sederhana","Daging Ayam Ras",30000,30000,0,0,30000,25000,25000,25000,25000,0,0,28000,28000,28000,28000,0,0,0,0,0,0,0,0,0,0,0,0,0,0,0
"Pasar Sederhana","Telur Ayam Ras",18000,18000,0,0,18000,17500,17500,17500,17500,0,0,17500,17500,17500,17500,0,0,0,0,0,0,0,0,0,0,0,0,0,0,0
"Pasar Sederhana","Daging Sapi",100000,100000,0,0,100000,100000,100000,100000,100000,0,0,100000,100000,100000,100000,0,0,0,0,0,0,0,0,0,0,0,0,0,0,0
"Pasar Sederhana","Minyak Goreng",14000,14000,0,0,14000,14000,14000,14000,14000,0,0,15000,15000,15000,15000,0,0,0,0,0,0,0,0,0,0,0,0,0,0,0
"Pasar Sederhana","Gula Pasir",12000,12000,0,0,12000,12000,12000,12000,12000,0,0,12000,12000,12000,12000,0,0,0,0,0,0,0,0,0,0,0,0,0,0,0
"Pasar Sederhana",Kentang,12000,12000,0,0,12000,12000,12000,12000,12000,0,0,12000,12000,12000,12000,0,0,0,0,0,0,0,0,0,0,0,0,0,0,0
"Pasar Sederhana",Kedelai,12000,12000,0,0,12000,12000,12000,12000,12000,0,0,13000,13000,13000,13000,0,0,0,0,0,0,0,0,0,0,0,0,0,0,0
"Pasar Sederhana","Tepung Terigu",7500,7500,0,0,7500,7500,7500,7500,7500,0,0,7000,7500,7500,7500,0,0,0,0,0,0,0,0,0,0,0,0,0,0,0
"Pasar Sederhana","Bawang Putih",18000,18000,0,0,18000,18000,18000,18000,18000,0,0,20000,20000,20000,20000,0,0,0,0,0,0,0,0,0,0,0,0,0,0,0
"Pasar Sederhana","Cabe Keriting",50000,50000,0,0,50000,50000,50000,50000,50000,0,0,60000,60000,60000,60000,0,0,0,0,0,0,0,0,0,0,0,0,0,0,0
"Pasar Sederhana","Cabe Rawit",40000,40000,0,0,40000,40000,40000,40000,40000,0,0,60000,60000,60000,60000,0,0,0,0,0,0,0,0,0,0,0,0,0,0,0
"Pasar Sederhana","Kacang Tanah",18000,18000,0,0,20000,20000,20000,20000,20000,0,0,20000,20000,20000,20000,0,0,0,0,0,0,0,0,0,0,0,0,0,0,0
"Pasar Sederhana","Ubi Kayu",4000,4000,0,0,4000,4000,4000,4000,4000,0,0,4000,4000,4000,4000,0,0,0,0,0,0,0,0,0,0,0,0,0,0,0
"Pasar Sederhana","Ubi Jalar",0,0,0,0,0,0,0,0,0,0,0,0,0,0,0,0,0,0,0,0,0,0,0,0,0,0,0,0,0,0
"Pasar Sederhana",Jagung,7000,7000,0,0,7000,7000,7000,7000,7000,0,0,7000,7000,7000,7000,0,0,0,0,0,0,0,0,0,0,0,0,0,0,0
"Pasar Sederhana","Ikan Olahan",70000,70000,0,0,70000,70000,70000,70000,70000,0,0,70000,70000,70000,70000,0,0,0,0,0,0,0,0,0,0,0,0,0,0,0
"Pasar Sederhana","Beras Premium",0,0,0,0,0,0,0,0,0,0,0,0,0,0,0,0,0,0,0,0,0,0,0,0,0,0,0,0,0,0
"Pasar Sederhana","Minyak Goreng Curah",12000,12000,0,0,12000,12000,12000,12000,12000,0,0,12000,12000,12000,12000,0,0,0,0,0,0,0,0,0,0,0,0,0,0,0
"Pasar Sederhana","Daging Ayam Kampung",0,0,0,0,0,0,0,0,0,0,0,0,0,0,0,0,0,0,0,0,0,0,0,0,0,0,0,0,0,0
"Pasar Sederhana","Telur Ayam Kampung",48000,48000,0,0,48000,48000,48000,48000,48000,0,0,45000,45000,45000,45000,0,0,0,0,0,0,0,0,0,0,0,0,0,0,0
"Pasar Sederhana","Susu Kental Manis Merk Bendera",9500,9500,0,0,9500,9500,9500,9500,9500,0,0,9500,9500,9500,9500,0,0,0,0,0,0,0,0,0,0,0,0,0,0,0
"Pasar Sederhana","Susu Kental Manis Merk Indomilk",0,0,0,0,0,0,0,0,0,0,0,0,0,0,0,0,0,0,0,0,0,0,0,0,0,0,0,0,0,0
"Pasar Sederhana","Garam Beryodium Bata",1000,1000,0,0,1000,1000,1000,1000,1000,0,0,1000,1000,1000,1000,0,0,0,0,0,0,0,0,0,0,0,0,0,0,0
"Pasar Sederhana","Garam Beryodium Halus",4000,4000,0,0,4000,4000,4000,4000,4000,0,0,4000,4000,4000,4000,0,0,0,0,0,0,0,0,0,0,0,0,0,0,0
"Pasar Sederhana","Tepung Terigu Cakra Kembar",8000,8000,0,0,8000,8000,8000,8000,8000,0,0,8000,8000,8000,8000,0,0,0,0,0,0,0,0,0,0,0,0,0,0,0
"Pasar Sederhana","Tepung Terigu Kunci",7500,7500,0,0,7500,7500,7500,7500,7500,0,0,7500,7500,7500,7500,0,0,0,0,0,0,0,0,0,0,0,0,0,0,0
"Pasar Sederhana","Mie Instan",0,0,0,0,0,0,0,0,0,0,0,0,0,0,0,0,0,0,0,0,0,0,0,0,0,0,0,0,0,0
"Pasar Sederhana","Cabe Rawit Hijau",40000,40000,0,0,40000,40000,40000,40000,40000,0,0,60000,60000,60000,60000,0,0,0,0,0,0,0,0,0,0,0,0,0,0,0
"Pasar Sederhana","Kacang Hijau",0,0,0,0,0,0,0,0,0,0,0,0,0,0,0,0,0,0,0,0,0,0,0,0,0,0,0,0,0,0
"Pasar Sederhana","Susu Bubuk Dancow",0,0,0,0,0,0,0,0,0,0,0,0,0,0,0,0,0,0,0,0,0,0,0,0,0,0,0,0,0,0
"Pasar Sederhana","Susu Bubuk Indomilk",0,0,0,0,0,0,0,0,0,0,0,0,0,0,0,0,0,0,0,0,0,0,0,0,0,0,0,0,0,0
"Pasar Sederhana","Ikan Kembung",0,0,0,0,0,0,0,0,0,0,0,0,0,0,0,0,0,0,0,0,0,0,0,0,0,0,0,0,0,0
