lokasi,nama_komoditas,2017-03-01,2017-03-02,2017-03-03,2017-03-04,2017-03-05,2017-03-06,2017-03-07,2017-03-08,2017-03-09,2017-03-10,2017-03-11,2017-03-12,2017-03-13,2017-03-14,2017-03-15,2017-03-16,2017-03-17,2017-03-18,2017-03-19,2017-03-20,2017-03-21,2017-03-22,2017-03-23,2017-03-24,2017-03-25,2017-03-26,2017-03-27,2017-03-28,2017-03-29,2017-03-30,2017-03-31
"Pasar Kiaracondong","Beras Medium",10000,10000,10000,0,0,10000,10000,10000,10000,10000,0,0,10000,10000,10000,10000,10000,0,0,10000,10000,10000,10000,10000,0,0,10000,10000,10000,10000,10000
"Pasar Kiaracondong","Cabe Merah",50000,50000,50000,0,0,50000,50000,50000,50000,40000,0,0,40000,40000,40000,40000,35000,0,0,35000,35000,35000,35000,35000,0,0,30000,30000,30000,30000,30000
"Pasar Kiaracondong","Bawang Merah",42000,42000,42000,0,0,42000,42000,42000,42000,35000,0,0,40000,40000,40000,40000,35000,0,0,35000,35000,35000,35000,30000,0,0,30000,30000,30000,30000,30000
"Pasar Kiaracondong","Daging Ayam Ras",32000,32000,32000,0,0,32000,32000,30000,30000,30000,0,0,32000,32000,32000,32000,32000,0,0,32000,32000,32000,32000,28000,0,0,32000,32000,32000,32000,32000
"Pasar Kiaracondong","Telur Ayam Ras",18000,18000,18000,0,0,18000,18000,17500,17500,17500,0,0,18000,18000,18000,18000,18000,0,0,18000,18000,18000,18000,18000,0,0,18000,18000,18000,18000,18000
"Pasar Kiaracondong","Daging Sapi",120000,120000,120000,0,0,120000,120000,120000,120000,120000,0,0,120000,120000,120000,120000,120000,0,0,120000,120000,120000,120000,120000,0,0,120000,120000,120000,120000,120000
"Pasar Kiaracondong","Minyak Goreng",14000,14000,14000,0,0,14000,14000,14000,14000,14000,0,0,14000,14000,14000,14000,14000,0,0,14000,14000,14000,14000,14000,0,0,14000,14000,14000,14000,14000
"Pasar Kiaracondong","Gula Pasir",13500,13500,13500,0,0,13500,13500,13000,13000,13000,0,0,13000,13000,13000,13000,13000,0,0,13000,13000,13000,13000,13500,0,0,13000,13000,13000,13000,13000
"Pasar Kiaracondong",Kentang,15000,15000,15000,0,0,15000,15000,15000,15000,15000,0,0,15000,15000,15000,15000,15000,0,0,12000,12000,12000,12000,16000,0,0,15000,15000,15000,15000,15000
"Pasar Kiaracondong",Kedelai,10000,10000,10000,0,0,10000,10000,10000,10000,10000,0,0,10000,10000,10000,10000,10000,0,0,10000,10000,10000,10000,10000,0,0,10000,10000,10000,10000,10000
"Pasar Kiaracondong","Tepung Terigu",7000,7000,7000,0,0,7000,7000,7000,7000,7000,0,0,7000,7000,7000,7000,7000,0,0,7000,7000,7000,7000,7000,0,0,7000,7000,7000,7000,7000
"Pasar Kiaracondong","Bawang Putih",40000,40000,40000,0,0,40000,40000,40000,40000,40000,0,0,40000,40000,40000,40000,35000,0,0,35000,35000,35000,35000,40000,0,0,40000,40000,40000,40000,40000
"Pasar Kiaracondong","Cabe Keriting",50000,50000,50000,0,0,50000,50000,50000,50000,40000,0,0,40000,40000,40000,40000,40000,0,0,40000,40000,40000,40000,25000,0,0,30000,30000,30000,30000,30000
"Pasar Kiaracondong","Cabe Rawit",150000,150000,150000,0,0,150000,150000,140000,140000,140000,0,0,140000,140000,140000,140000,120000,0,0,120000,120000,120000,120000,100000,0,0,100000,100000,100000,100000,100000
"Pasar Kiaracondong","Kacang Tanah",23000,23000,23000,0,0,23000,23000,23000,23000,23000,0,0,22000,22000,22000,22000,22000,0,0,22000,22000,22000,22000,26000,0,0,26000,26000,26000,26000,26000
"Pasar Kiaracondong","Ubi Kayu",5000,5000,5000,0,0,5000,5000,5000,5000,5000,0,0,5000,5000,5000,5000,5000,0,0,5000,5000,5000,5000,5000,0,0,5000,5000,5000,5000,5000
"Pasar Kiaracondong","Ubi Jalar",0,0,0,0,0,0,0,0,0,0,0,0,0,0,0,0,0,0,0,0,0,0,0,0,0,0,0,0,0,0,0
"Pasar Kiaracondong",Jagung,8000,8000,8000,0,0,8000,8000,10000,10000,8000,0,0,8000,8000,8000,8000,8000,0,0,8000,8000,8000,8000,10000,0,0,10000,10000,10000,10000,10000
"Pasar Kiaracondong","Ikan Olahan",60000,60000,60000,0,0,60000,60000,60000,60000,60000,0,0,60000,60000,60000,60000,60000,0,0,60000,60000,60000,60000,60000,0,0,60000,60000,60000,60000,60000
"Pasar Kiaracondong","Beras Premium",0,0,0,0,0,0,0,0,0,0,0,0,0,0,0,0,0,0,0,0,0,0,0,0,0,0,0,0,0,0,0
"Pasar Kiaracondong","Minyak Goreng Curah",13000,13000,13000,0,0,13000,13000,13000,13000,13000,0,0,13000,13000,13000,13000,13000,0,0,13000,13000,13000,13000,12500,0,0,12500,12500,12500,12500,12500
"Pasar Kiaracondong","Daging Ayam Kampung",75000,75000,75000,0,0,75000,75000,75000,75000,75000,0,0,75000,75000,75000,75000,75000,0,0,75000,75000,75000,75000,75000,0,0,75000,75000,75000,75000,75000
"Pasar Kiaracondong","Telur Ayam Kampung",45000,45000,45000,0,0,45000,45000,45000,45000,45000,0,0,45000,45000,45000,45000,45000,0,0,45000,45000,45000,45000,45000,0,0,45000,45000,45000,45000,45000
"Pasar Kiaracondong","Susu Kental Manis Merk Bendera",11000,11000,11000,0,0,11000,11000,11000,11000,11000,0,0,11000,11000,11000,11000,11000,0,0,11000,11000,11000,11000,11000,0,0,11000,11000,11000,11000,11000
"Pasar Kiaracondong","Susu Kental Manis Merk Indomilk",10000,10000,10000,0,0,10000,10000,10000,10000,10000,0,0,10000,10000,10000,10000,10000,0,0,10000,10000,10000,10000,10000,0,0,10000,10000,10000,10000,10000
"Pasar Kiaracondong","Garam Beryodium Bata",1000,1000,1000,0,0,1000,1000,1000,1000,1000,0,0,1000,1000,1000,1000,1000,0,0,1000,1000,1000,1000,1000,0,0,1000,1000,1000,1000,1000
"Pasar Kiaracondong","Garam Beryodium Halus",6000,6000,6000,0,0,6000,6000,6000,6000,6000,0,0,6000,6000,6000,6000,6000,0,0,6000,6000,6000,6000,6000,0,0,6000,6000,6000,6000,6000
"Pasar Kiaracondong","Tepung Terigu Cakra Kembar",8000,8000,8000,0,0,8000,8000,8000,8000,8000,0,0,8000,8000,8000,8000,8000,0,0,8000,8000,8000,8000,8000,0,0,8000,8000,8000,8000,8000
"Pasar Kiaracondong","Tepung Terigu Kunci",7500,7500,7500,0,0,7500,7500,7500,7500,7500,0,0,7500,7500,7500,7500,7500,0,0,7500,7500,7500,7500,7500,0,0,7500,7500,7500,7500,7500
"Pasar Kiaracondong","Mie Instan",2500,2500,2500,0,0,2500,2500,2500,2500,2500,0,0,2500,2500,2500,2500,2500,0,0,2500,2500,2500,2500,2500,0,0,2500,2500,2500,2500,2500
"Pasar Kiaracondong","Cabe Rawit Hijau",70000,70000,70000,0,0,70000,70000,60000,60000,60000,0,0,60000,60000,60000,60000,60000,0,0,60000,60000,60000,60000,50000,0,0,60000,60000,60000,60000,60000
"Pasar Kiaracondong","Kacang Hijau",21000,21000,21000,0,0,21000,21000,21000,21000,21000,0,0,21000,21000,21000,21000,21000,0,0,21000,21000,21000,21000,23000,0,0,23000,23000,23000,23000,23000
"Pasar Kiaracondong","Susu Bubuk Dancow",38300,38300,38300,0,0,38300,38300,38300,38300,38300,0,0,38300,38300,38300,38300,38300,0,0,38300,38300,38300,38300,38300,0,0,38300,38300,38300,38300,38300
"Pasar Kiaracondong","Susu Bubuk Indomilk",34950,34950,34950,0,0,34950,34950,34950,34950,34950,0,0,34950,34950,34950,34950,34950,0,0,34950,34950,34950,34950,34950,0,0,34950,34950,34950,34950,34950
"Pasar Kiaracondong","Ikan Kembung",35000,35000,35000,0,0,35000,35000,35000,35000,35000,0,0,35000,35000,35000,35000,35000,0,0,35000,35000,35000,35000,35000,0,0,35000,35000,35000,35000,35000
