lokasi,nama_komoditas,2016-01-01,2016-01-08,2016-01-15,2016-01-22,2016-01-29,2016-01-04,2016-01-05,2016-01-06,2016-01-07,2016-01-11,2016-01-12,2016-01-13,2016-01-18,2016-01-19,2016-01-20,2016-01-21,2016-01-25,2016-01-26,2016-01-27,2016-01-28,
Pasar Andir,Beras Medium,0,10000,10000,10000,10000,10000,10000,10000,10000,10000,10000,10000,10000,10000,10000,10000,10000,10000,10000,10000,
Pasar Andir,Cabe Merah,0,45000,38000,38000,27000,45000,45000,45000,45000,38000,38000,38000,38000,38000,38000,38000,27000,27000,27000,27000,
Pasar Andir,Bawang Merah,0,32000,32000,32000,30000,35000,32000,32000,32000,32000,32000,32000,32000,32000,32000,32000,30000,30000,30000,30000,
Pasar Andir,Daging Ayam Ras,0,38000,38000,0,37000,39000,39000,40000,38000,38000,38000,38000,38000,38000,38000,38000,37000,37000,37000,37000,
Pasar Andir,Telur Ayam Ras,0,25000,24000,24000,24000,25000,25000,25000,25000,24000,26000,24000,24000,24000,24000,24000,24000,24000,24000,24000,
Pasar Andir,Daging Sapi,0,110000,110000,115000,120000,110000,110000,110000,110000,110000,110000,0,110000,110000,115000,115000,120000,120000,120000,120000,
Pasar Andir,Minyak Goreng,0,14000,14000,14000,14000,14000,14000,14000,14000,14000,14000,14000,14000,14000,14000,14000,14000,14000,14000,14000,
Pasar Andir,Gula Pasir,0,12000,12000,12000,13000,12000,12000,12000,12000,12000,12000,12000,12000,12000,12000,12000,12000,12000,13000,13000,
Pasar Andir,Kentang,0,12000,13000,13000,13000,12000,12000,12000,12000,13000,13000,13000,13000,13000,13000,13000,13000,13000,13000,13000,
Pasar Andir,Kedelai,0,11000,11000,11000,0,11000,11000,11000,11000,11000,11000,11000,11000,11000,11000,11000,11000,11000,11000,11000,
Pasar Andir,Tepung Terigu,0,7500,7500,7500,7500,7500,7500,7500,7500,0,7500,7500,7500,7500,7500,7500,7500,7500,7500,7500,
Pasar Andir,Bawang Putih,0,20000,20000,20000,28000,20000,20000,20000,20000,20000,20000,20000,20000,20000,20000,20000,28000,28000,28000,28000,
Pasar Andir,Cabe Keriting,0,45000,38000,28000,28000,45000,45000,45000,45000,38000,38000,38000,28000,28000,28000,28000,28000,28000,28000,28000,
Pasar Andir,Cabe Rawit,0,45000,38000,40000,35000,45000,45000,45000,45000,38000,38000,38000,40000,40000,40000,40000,35000,35000,35000,35000,
Pasar Andir,Kacang Tanah,0,28000,28000,28000,28000,28000,28000,28000,28000,28000,28000,28000,28000,28000,28000,28000,0,28000,28000,28000,
Pasar Andir,Ubi Kayu,0,3000,3000,3000,3000,3000,3000,3000,3000,3000,3000,3000,3000,3000,3000,3000,3000,3000,3000,3000,
Pasar Andir,Ubi Jalar,0,0,0,0,0,0,0,0,0,0,0,0,0,0,0,0,0,0,0,0,
Pasar Andir,Jagung,0,7000,7000,7000,7000,7000,7000,7000,7000,7000,0,7000,0,7000,7000,7000,7000,7000,7000,7000,
Pasar Andir,Ikan Olahan,0,45000,45000,45000,60000,45000,45000,45000,45000,45000,45000,45000,45000,45000,0,45000,45000,45000,45000,60000,
Pasar Andir,Beras Premium,0,0,0,0,0,0,0,0,0,0,0,0,0,0,0,0,0,0,0,0,
Pasar Andir,Minyak Goreng Curah,0,10000,10000,10000,10000,10000,10000,10000,10000,10000,10000,10000,10000,10000,10000,10000,10000,10000,10000,10000,
Pasar Andir,Daging Ayam Kampung,0,60000,60000,60000,60000,60000,60000,60000,60000,60000,60000,60000,60000,60000,60000,60000,60000,60000,60000,60000,
Pasar Andir,Telur Ayam Kampung,0,40000,40000,40000,40000,40000,40000,40000,40000,40000,44000,40000,40000,40000,40000,40000,40000,40000,40000,40000,
Pasar Andir,Susu Kental Manis Merk Bendera,0,9500,9500,9500,9500,9500,9500,9500,0,9500,10000,9500,9500,9500,9500,9500,9500,9500,9500,9500,
Pasar Andir,Susu Kental Manis Merk Indomilk,0,9000,9000,9000,9000,9000,9000,9000,9000,9000,9500,9000,9000,9000,9000,9000,9000,9000,9000,9000,
Pasar Andir,Garam Beryodium Bata,0,1000,1000,1000,1000,1000,1000,1000,1000,1000,1000,1000,1000,1000,1000,1000,1000,1000,1000,1000,
Pasar Andir,Garam Beryodium Halus,0,3000,4000,4000,4000,3000,3000,3000,3000,4000,4000,4000,4000,4000,4000,4000,4000,4000,4000,4000,
Pasar Andir,Tepung Terigu Cakra Kembar,0,7500,7500,7500,7500,0,0,7500,7500,7500,7500,7500,7500,0,7500,7500,7500,7500,7500,7500,
Pasar Andir,Tepung Terigu Kunci,0,7000,7000,7000,7000,7000,7000,7000,7000,7000,7000,7000,7000,7000,7000,7000,7000,7000,0,7000,
Pasar Andir,Mie Instan,0,2000,0,2000,2000,2000,2000,2000,2000,2000,2000,2000,2000,2000,2000,2000,2000,2000,2000,2000,
Pasar Andir,Cabe Rawit Hijau,0,35000,27000,20000,20000,35000,35000,35000,35000,27000,27000,27000,20000,20000,20000,20000,20000,20000,20000,0,
Pasar Andir,Kacang Hijau,0,0,21000,21000,21000,21000,21000,21000,21000,21000,21000,21000,21000,21000,21000,21000,21000,21000,21000,21000,
Pasar Andir,Susu Bubuk Dancow,0,35000,35000,35000,35000,35000,35000,35000,35000,35000,35000,35000,35000,35000,35000,0,35000,35000,35000,35000,
Pasar Andir,Susu Bubuk Indomilk,0,32000,32000,32000,32000,32000,32000,0,32000,32000,32000,32000,32000,32000,32000,32000,32000,0,32000,32000,
Pasar Andir,Ikan Kembung,0,27000,27000,27000,30000,27000,27000,27000,27000,27000,27000,27000,27000,27000,27000,27000,27000,27000,27000,30000,
