lokasi,nama_komoditas,2018-03-01,2018-03-02,2018-03-03,2018-03-04,2018-03-05,2018-03-06,2018-03-07,2018-03-08,2018-03-09,2018-03-10,2018-03-11,2018-03-12,2018-03-13,2018-03-14,2018-03-15,2018-03-16,2018-03-17,2018-03-18,2018-03-19,2018-03-20,2018-03-21,2018-03-22,2018-03-23,2018-03-24,2018-03-25,2018-03-26,2018-03-27,2018-03-28,2018-03-29,2018-03-30,2018-03-31
"Pasar Kiaracondong","Beras Medium",12000,12000,0,0,12000,12000,12000,12000,12000,0,0,12000,12000,12000,12000,11500,0,0,0,0,11500,0,11500,0,0,11500,0,11500,11500,0,0
"Pasar Kiaracondong","Cabe Merah",40000,40000,0,0,40000,40000,30000,30000,30000,0,0,40000,40000,40000,40000,45000,0,0,0,0,50000,0,50000,0,0,50000,0,50000,50000,0,0
"Pasar Kiaracondong","Bawang Merah",28000,28000,0,0,28000,28000,28000,28000,28000,0,0,30000,30000,30000,30000,30000,0,0,0,0,28000,0,28000,0,0,28000,0,28000,28000,0,0
"Pasar Kiaracondong","Daging Ayam Ras",33000,33000,0,0,33000,33000,33000,33000,33000,0,0,34000,34000,34000,34000,34000,0,0,0,0,35000,0,36000,0,0,35000,0,35000,35000,0,0
"Pasar Kiaracondong","Telur Ayam Ras",23000,23000,0,0,22000,22000,22000,22000,22000,0,0,22000,22000,22000,22000,22000,0,0,0,0,21000,0,22000,0,0,22000,0,22000,22000,0,0
"Pasar Kiaracondong","Daging Sapi",120000,120000,0,0,120000,120000,120000,120000,120000,0,0,120000,120000,120000,120000,120000,0,0,0,0,120000,0,120000,0,0,120000,0,120000,120000,0,0
"Pasar Kiaracondong","Minyak Goreng",15000,15000,0,0,15000,15000,15000,15000,15000,0,0,15000,15000,15000,15000,15000,0,0,0,0,15000,0,15000,0,0,15000,0,15000,15000,0,0
"Pasar Kiaracondong","Gula Pasir",12500,12500,0,0,12500,12500,12500,12500,12500,0,0,12500,12500,12500,12500,12500,0,0,0,0,12500,0,12500,0,0,12500,0,12500,12500,0,0
"Pasar Kiaracondong",Kentang,15000,15000,0,0,15000,15000,13000,13000,13000,0,0,13000,13000,13000,13000,14000,0,0,0,0,14000,0,14000,0,0,14000,0,14000,14000,0,0
"Pasar Kiaracondong",Kedelai,10000,10000,0,0,10000,10000,10000,10000,10000,0,0,10000,10000,10000,10000,10000,0,0,0,0,10000,0,10000,0,0,10000,0,10000,10000,0,0
"Pasar Kiaracondong","Tepung Terigu",0,7000,0,0,0,7000,7000,7000,7000,0,0,7000,7000,0,7000,7000,0,0,0,0,7000,0,0,0,0,7000,0,7000,7000,0,0
"Pasar Kiaracondong","Bawang Putih",32000,32000,0,0,32000,32000,32000,32000,32000,0,0,32000,32000,32000,22000,22000,0,0,0,0,22000,0,32000,0,0,22000,0,32000,32000,0,0
"Pasar Kiaracondong","Cabe Keriting",40000,40000,0,0,40000,40000,40000,40000,40000,0,0,40000,40000,40000,40000,50000,0,0,0,0,50000,0,50000,0,0,50000,0,50000,50000,0,0
"Pasar Kiaracondong","Cabe Rawit",60000,60000,0,0,60000,60000,70000,70000,70000,0,0,80000,70000,70000,70000,50000,0,0,0,0,60000,0,50000,0,0,50000,0,50000,50000,0,0
"Pasar Kiaracondong","Kacang Tanah",25000,0,0,0,25000,25000,0,25000,0,0,0,25000,0,25000,25000,25000,0,0,0,0,25000,0,25000,0,0,25000,0,5000,25000,0,0
"Pasar Kiaracondong","Ubi Kayu",5000,5000,0,0,5000,5000,5000,5000,5000,0,0,5000,5000,5000,5000,5000,0,0,0,0,5000,0,5000,0,0,5000,0,5000,5000,0,0
"Pasar Kiaracondong","Ubi Jalar",0,0,0,0,0,0,0,0,0,0,0,0,0,0,0,0,0,0,0,0,0,0,0,0,0,0,0,0,0,0,0
"Pasar Kiaracondong",Jagung,8000,8000,0,0,8000,8000,9000,9000,9000,0,0,10000,10000,10000,10000,10000,0,0,0,0,10000,0,10000,0,0,10000,0,10000,10000,0,0
"Pasar Kiaracondong","Ikan Olahan",70000,70000,0,0,70000,70000,70000,70000,70000,0,0,70000,70000,70000,70000,70000,0,0,0,0,70000,0,70000,0,0,70000,0,70000,70000,0,0
"Pasar Kiaracondong","Beras Premium",0,0,0,0,0,0,0,0,0,0,0,0,0,0,0,0,0,0,0,0,0,0,0,0,0,0,0,0,0,0,0
"Pasar Kiaracondong","Minyak Goreng Curah",12000,12000,0,0,12000,12000,12000,12000,120000,0,0,12000,12000,12000,12000,12000,0,0,0,0,12000,0,12000,0,0,12000,0,12000,2000,0,0
"Pasar Kiaracondong","Daging Ayam Kampung",70000,70000,0,0,70000,70000,70000,70000,70000,0,0,70000,70000,70000,70000,70000,0,0,0,0,70000,0,70000,0,0,70000,0,70000,70000,0,0
"Pasar Kiaracondong","Telur Ayam Kampung",45000,45000,0,0,45000,45000,45000,45000,45000,0,0,45000,45000,45000,45000,45000,0,0,0,0,45000,0,45000,0,0,45000,0,45000,45000,0,0
"Pasar Kiaracondong","Susu Kental Manis Merk Bendera",11000,11000,0,0,11000,11000,11000,11000,11000,0,0,11000,11000,11000,11000,11000,0,0,0,0,11000,0,11000,0,0,11000,0,11000,11000,0,0
"Pasar Kiaracondong","Susu Kental Manis Merk Indomilk",10000,10000,0,0,10000,10000,10000,10000,10000,0,0,10000,10000,10000,10000,10000,0,0,0,0,10000,0,10000,0,0,10000,0,10000,10000,0,0
"Pasar Kiaracondong","Garam Beryodium Bata",2500,2500,0,0,2500,2500,2500,2500,2500,0,0,2500,2500,2500,2500,2500,0,0,0,0,2500,0,2500,0,0,2500,0,2500,2500,0,0
"Pasar Kiaracondong","Garam Beryodium Halus",12000,12000,0,0,12000,12000,12000,12000,12000,0,0,12000,12000,12000,12000,12000,0,0,0,0,12000,0,12000,0,0,12000,0,12000,12000,0,0
"Pasar Kiaracondong","Tepung Terigu Cakra Kembar",8000,8000,0,0,8000,8000,8000,8000,8000,0,0,8000,8000,8000,8000,8000,0,0,0,0,8000,0,8000,0,0,8000,0,8000,8000,0,0
"Pasar Kiaracondong","Tepung Terigu Kunci",7500,7500,0,0,7500,7500,7500,7500,7500,0,0,7500,7500,7500,7500,7500,0,0,0,0,7500,0,7500,0,0,7500,0,7500,7500,0,0
"Pasar Kiaracondong","Mie Instan",2500,2500,0,0,2500,2500,2500,2500,2500,0,0,2500,2500,2500,2500,2500,0,0,0,0,2500,0,2500,0,0,2500,0,2500,2500,0,0
"Pasar Kiaracondong","Cabe Rawit Hijau",35000,35000,0,0,35000,35000,35000,35000,35000,0,0,30000,30000,30000,30000,35000,0,0,0,0,40000,0,40000,0,0,40000,0,40000,40000,0,0
"Pasar Kiaracondong","Kacang Hijau",21000,21000,0,0,22000,22000,22000,22000,22000,0,0,22000,22000,22000,22000,22000,0,0,0,0,22000,0,22000,0,0,22000,0,22000,22000,0,0
"Pasar Kiaracondong","Susu Bubuk Dancow",38300,38300,0,0,38300,38300,38300,38300,38300,0,0,38300,38300,38300,38300,38300,0,0,0,0,38300,0,38300,0,0,38300,0,38300,38300,0,0
"Pasar Kiaracondong","Susu Bubuk Indomilk",34500,34950,0,0,34950,34950,34950,34950,34950,0,0,34950,34950,34950,34950,34950,0,0,0,0,34950,0,34950,0,0,34950,0,34950,34950,0,0
"Pasar Kiaracondong","Ikan Kembung",35000,35000,0,0,35000,35000,35000,35000,35000,0,0,35000,35000,35000,35000,35000,0,0,0,0,35000,0,35000,0,0,35000,0,35000,35000,0,0
