No,Kecamatan,"Belum
Kawin",Kawin,"Cerai
Hidup","Cerai
Mati"
1,Bandung Kulon,42.126,67.558,1.511,5.731
2,Babakan Ciparay,43.438,68.496,1.674,6.570
3,Bojongloa Kaler,46.671,56.026,1.249,3.158
4,Bojongloa Kidul,24.683,40.580,1.560,3.833
5,Astana Anyar,20.993,33.573,898,4.797
6,Regol,23.015,39.970,2.768,6.304
7,Lengkong,21.301,35.716,1.844,3.095
8,Bandung Kidul,18.063,27.987,793,3.080
9,Buah Batu,31.450,44.842,1.299,2.578
10,Rancasari,20.611,37.058,1.083,5.520
11,Gedebage,10.291,17.817,568,1.846
12,Cibiru,19.347,35.202,303,2.471
13,Panyileukan,14.592,16.733,1.179,1.481
14,Ujung Berung,23.216,39.636,979,2.054
15,Cinambo,9.363,11.405,864,991
16,Arcamanik,21.939,35.843,597,1.391
17,Antapani,20.859,39.045,1.081,3.963
18,Mandalajati,19.345,28.981,548,4.744
19,Kiara Condong,41.785,66.956,4.258,2.095
20,Batununggal,39.372,62.328,4.658,6.012
21,Sumur Bandung,13.827,15.016,534,3.421
22,Andir,28.731,44.651,3.073,6.589
23,Cicendo,27.814,49.589,4.045,6.704
24,Bandung Wetan,8.811,14.868,1.096,2.267
25,Cibeunying Kidul,32.538,56.157,3.695,4.150
26,Cibeunying Kaler,26.773,29.071,2.896,4.172
27,Coblong,52.094,55.354,2.577,3.529
28,Sukajadi,44.585,49.562,1.693,3.212
29,Sukasari,22.122,40.626,1.859,5.194
30,Cidadap,14.897,33.097,1.401,1.971
