Nama Kecamatan,Nama Kelurahan,Tidak Bekerja,Belum Bekerja,Aparatur Pejabat Negara,Tenaga Pengajar,Wiraswasta,Pertanian dan Peternakan,Nelayan,Agama dan kepercayaan,Pelajar dan Mahasiswa,Tenaga kesehatan,pensiunan,lainnya
SUKASARI,GEGERKALONG,10550,3274,1140,293,6904,17,1,2,4966,112,607,5021
SUKASARI,SARIJADI,11668,3991,1377,389,8033,16,0,11,5720,134,1092,5282
SUKASARI,ISOLA,6936,2091,526,232,3945,31,0,4,2718,40,210,2880
SUKASARI,SUKARASA,7624,1937,311,94,4096,7,0,5,2721,58,183,3127
COBLONG,LEBAKGEDE,4337,1625,288,98,3747,3,0,2,2305,44,247,2130
COBLONG,DAGO,17595,5561,1122,305,10382,7,0,2,7286,89,637,6954
COBLONG,CIPAGANTI,5604,1855,333,49,4045,0,0,1,2596,29,170,2528
COBLONG,SEKELOA,13043,4579,896,219,8622,5,0,2,5746,77,639,5471
COBLONG,LEBAK SILIWANGI,1737,639,102,26,1317,3,0,3,835,9,68,889
COBLONG,SADANGSERANG,13026,4388,1002,180,8693,1,1,1,5849,40,622,5214
BABAKAN CIPARAY,MARGAHAYU UTARA,13952,3650,562,133,6971,10,0,5,4333,51,351,5027
BABAKAN CIPARAY,CIRANGRANG,7649,1810,140,47,3696,4,1,1,2085,32,100,2757
BABAKAN CIPARAY,BABAKAN,22189,5445,282,100,9763,8,1,15,5745,34,132,7561
BABAKAN CIPARAY,BABAKAN CIPARAY,23120,5377,399,114,10229,7,0,21,6454,52,153,7814
BABAKAN CIPARAY,SUKAHAJI,22621,5091,244,108,9954,12,2,8,5977,49,99,7705
BABAKAN CIPARAY,MARGASUKA,8692,1987,142,49,3790,4,1,1,2379,13,64,2947
BOJONGLOA KALER,SUKA ASIH,13940,3401,226,122,6213,9,0,11,4128,41,131,4494
BOJONGLOA KALER,KOPO,21719,5418,490,176,9565,13,0,5,6341,51,304,7285
BOJONGLOA KALER,JAMIKA,20958,4967,215,124,9456,14,0,15,5691,22,133,6783
BOJONGLOA KALER,BABAKAN TAROGONG,21435,5193,304,118,9480,6,0,8,5977,38,132,7098
BOJONGLOA KALER,BABAKAN ASIH,12051,2900,184,110,5488,5,0,4,3542,34,109,3973
ANDIR,KEBON JERUK,7858,1880,235,68,4758,0,0,17,2640,26,56,2930
ANDIR,CAMPAKA,11194,3083,486,142,5641,1,0,12,3974,38,247,3870
ANDIR,GARUDA,5863,1785,329,76,3499,1,0,0,2318,26,215,2282
ANDIR,DUNGUS CARIANG,12537,3411,311,120,6565,2,0,4,4084,28,185,4203
ANDIR,CIROYOM,14267,3604,173,105,6589,0,0,5,4331,17,106,4476
ANDIR,MALEBER,12936,3445,351,128,7000,3,0,7,4363,40,215,4415
CICENDO,PAMOYANAN,3877,1169,164,90,2953,0,0,22,1530,39,169,1791
CICENDO,SUKARAJA,13633,3727,871,187,7190,6,0,11,5013,83,390,4972
CICENDO,ARJUNA,7392,2013,280,128,4887,0,0,11,2761,46,221,3364
CICENDO,PAJAJARAN,15336,4401,691,149,8045,0,0,19,5221,69,286,6028
CICENDO,HUSEN SASTRANEGARA,10311,2719,591,94,5007,3,0,8,3418,42,155,3867
CICENDO,PASIR KALIKI,4688,1321,236,81,3254,2,0,15,1752,39,158,2091
SUKAJADI,SUKAGALIH,9356,3013,407,125,5797,2,0,10,3690,124,272,4099
SUKAJADI,PASTEUR,7999,2902,629,162,5783,4,0,12,3966,114,434,3842
SUKAJADI,SUKAWARNA,7741,2422,422,160,4356,6,0,11,2922,72,327,3044
SUKAJADI,CIPEDES,17222,5345,713,199,9410,10,0,5,6255,56,436,6405
SUKAJADI,SUKABUNGAH,12137,3797,707,170,6814,6,1,9,4567,67,443,4736
CIDADAP,HEGARMANAH,12161,3202,710,156,6603,3,1,2,4231,62,332,4736
CIDADAP,CIUMBULEUIT,15303,3764,450,159,7064,14,0,23,4376,55,268,5393
CIDADAP,LEDENG,7009,1659,368,164,3255,12,0,4,2294,17,166,2379
BANDUNG WETAN,CITARUM,958,265,124,52,891,0,0,16,540,56,90,494
BANDUNG WETAN,TAMANSARI,13375,3998,629,212,7603,7,0,10,5040,70,410,5001
BANDUNG WETAN,CIHAPIT,1719,524,233,68,1447,0,0,32,930,76,193,950
ASTANA ANYAR,KARANGANYAR,3802,853,91,33,2570,2,0,1,1422,14,56,1712
ASTANA ANYAR,PANJUNAN,4989,1240,85,30,2664,1,0,5,1673,9,37,1928
ASTANA ANYAR,CIBADAK,7518,1945,126,98,4824,3,0,5,2887,20,91,3341
ASTANA ANYAR,KARASAK,7110,2172,266,112,4647,2,1,3,2917,18,209,3124
ASTANA ANYAR,PELINDUNG HEWAN,13239,3364,430,119,6514,2,0,5,4483,43,171,4996
ASTANA ANYAR,NYENGSERET,6754,1972,163,46,4217,1,1,4,2573,15,94,2974
REGOL,CIATEUL,3970,1026,376,59,2800,0,0,5,1869,19,148,1588
REGOL,ANCOL,5225,1531,352,87,3925,3,0,4,2743,62,260,2490
REGOL,CIGERELENG,4590,1636,392,95,4125,2,0,9,2668,42,257,2577
REGOL,BALONGGEDE,4283,1151,177,48,3215,1,0,1,1811,17,72,1990
REGOL,PASIRLUYU,9938,2683,325,81,5463,6,0,3,3660,24,172,3750
REGOL,PUNGKUR,3645,1075,209,48,2874,1,0,4,1763,19,108,1840
REGOL,CISEUREUH,8871,2664,437,90,5410,2,1,1,3884,27,221,3709
BATUNUNGGAL,KACAPIRING,4769,1392,371,50,2986,1,0,2,2053,30,242,1958
BATUNUNGGAL,KEBONWARU,8383,2350,406,66,5011,2,0,2,3242,18,231,3162
BATUNUNGGAL,GUMURUH,9510,3094,687,126,6102,4,0,0,4066,52,470,4054
BATUNUNGGAL,BINONG,11331,3185,435,89,5906,6,0,0,3829,26,244,4058
BATUNUNGGAL,SAMOJA,8143,2283,394,55,4244,1,0,2,2851,19,141,2844
BATUNUNGGAL,CIBANGKONG,10491,3073,517,117,6289,6,0,1,3768,35,314,3992
BATUNUNGGAL,MALEER,10213,2826,446,90,5558,2,0,4,3614,24,279,3745
BATUNUNGGAL,KEBONGEDANG,5330,1638,293,58,3238,0,0,0,1997,7,213,2158
LENGKONG,CIJAGRA,3000,1699,758,119,3705,0,0,3,2982,126,455,2237
LENGKONG,MALABAR,2584,1269,216,65,3059,3,1,1,1843,37,157,1908
LENGKONG,PALEDANG,1819,876,140,42,2334,5,0,1,1372,12,82,1482
LENGKONG,BURANGRANG,2959,1563,245,57,3549,7,0,2,2167,26,172,2286
LENGKONG,CIKAWAO,2869,1384,215,55,3082,3,0,2,1928,14,105,1999
LENGKONG,LINGKAR SELATAN,2350,1589,1670,108,2395,5,0,4,2721,67,300,2013
LENGKONG,TURANGGA,2528,1885,969,184,4350,4,0,7,3570,145,742,2632
CIBEUNYING KIDUL,PASIRLAYUNG,14151,4145,758,206,7026,4,0,4,4373,56,492,4371
CIBEUNYING KIDUL,SUKAMAJU,7699,1734,402,96,3766,3,0,1,2275,22,296,2427
CIBEUNYING KIDUL,SUKAPADA,15131,3915,737,193,7026,4,0,4,4523,38,371,4680
CIBEUNYING KIDUL,CIKUTRA,16307,4173,608,148,7474,4,1,8,4422,39,524,5000
CIBEUNYING KIDUL,PADASUKA,11843,3081,431,120,5384,3,0,7,3492,23,244,3947
CIBEUNYING KIDUL,CICADAS,11282,2975,1103,118,4588,3,0,0,3484,54,211,3508
BANDUNG KULON,CIGONDEWAH KIDUL,6888,1663,34,43,2920,10,1,6,1850,15,16,2133
BANDUNG KULON,CIGONDEWAH KALER,15859,3971,69,63,6286,26,1,14,4022,13,23,4395
BANDUNG KULON,CARINGIN,6441,1741,189,78,3194,3,0,6,1941,23,168,2050
BANDUNG KULON,CIGONDEWAH RAHAYU,7847,1965,54,36,3359,4,1,2,2087,10,22,2608
BANDUNG KULON,GEMPOLSARI,12557,3670,922,252,6833,10,0,7,4645,48,397,3884
BANDUNG KULON,CIBUNTU,12573,3436,224,150,6257,13,0,8,3878,18,130,4024
BANDUNG KULON,CIJERAH,16289,4556,382,181,8463,9,0,5,4896,29,358,4963
BANDUNG KULON,WARUNG MUNCANG,15332,4167,163,90,7239,11,1,7,4306,21,96,4787
KIARACONDONG,SUKAPURA,13829,4055,949,159,7967,10,1,0,5521,39,575,6039
KIARACONDONG,CICAHEUM,9022,2704,439,109,5245,3,0,2,3742,38,178,4060
KIARACONDONG,KEBON KANGKUNG,6351,1936,368,81,3816,3,0,3,2761,24,256,3204
KIARACONDONG,BABAKAN SURABAYA,9820,3228,394,87,6146,6,0,3,4138,36,221,4742
KIARACONDONG,BABAKANSARI,20932,6109,1087,218,12007,7,1,1,7978,66,666,8877
KIARACONDONG,KEBON JAYANTI,6760,2018,418,67,3840,4,0,2,2786,15,298,3160
BOJONGLOA KIDUL,KEBON LEGA,16445,4273,511,149,7918,22,2,10,5119,62,279,5405
BOJONGLOA KIDUL,CIBADUYUT,9841,2352,106,22,4023,6,1,3,2764,20,28,2803
BOJONGLOA KIDUL,CIBADUYUT KIDUL,6957,1823,153,68,2901,2,0,5,1919,16,81,2065
BOJONGLOA KIDUL,SITUSAEUR,14882,3777,394,158,7377,14,0,6,4788,56,251,4680
BOJONGLOA KIDUL,MEKARWANGI,7247,1987,83,33,3232,6,1,6,2187,25,32,2421
BOJONGLOA KIDUL,CIBADUYUT WETAN,5308,1453,76,51,2525,8,1,2,1701,21,29,1789
CIBEUNYING KALER,NEGLASARI,4296,1382,442,93,2920,1,0,2,2243,29,242,2116
CIBEUNYING KALER,CIGADUNG,15394,4467,1177,327,9619,11,2,5,7348,102,622,6860
CIBEUNYING KALER,CIHAUR GEULIS,4521,1566,515,136,4193,1,1,5,3178,23,332,2534
CIBEUNYING KALER,SUKALUYU,5484,2206,748,170,5124,6,0,3,3762,51,493,3253
SUMUR BANDUNG,BABAKAN CIAMIS,4431,1341,324,35,2758,0,0,57,1745,16,85,1668
SUMUR BANDUNG,KEBON PISANG,6882,2208,186,65,4239,1,0,8,2565,34,121,2610
SUMUR BANDUNG,MERDEKA,4890,1507,1407,72,2168,2,1,9,2404,80,276,1770
SUMUR BANDUNG,BRAGA,3496,953,71,22,2219,1,0,2,1229,17,53,1413
ANTAPANI,ANTAPANI TENGAH,7309,3784,1535,306,6807,10,0,7,4722,65,995,4189
ANTAPANI,ANTAPANI WETAN,6728,3098,943,161,5472,9,1,2,4041,88,425,3424
ANTAPANI,ANTAPANI KULON,3965,1732,602,98,3231,2,0,3,2348,49,310,2082
ANTAPANI,ANTAPANI KIDUL,6679,3930,1712,302,7185,6,1,21,5601,143,1085,4407
BANDUNG KIDUL,BATUNUNGGAL,8378,3213,636,124,5778,6,0,5,4287,67,400,3810
BANDUNG KIDUL,KUJANGSARI,13212,3834,766,132,6594,9,0,1,4761,58,347,4295
BANDUNG KIDUL,MENGGER,5603,1847,254,69,3137,26,1,4,2497,44,84,2184
BANDUNG KIDUL,WATES,4410,1628,132,35,2795,13,2,1,1770,14,58,1715
BUAHBATU,SEKEJATI,11847,4020,1787,310,7616,9,0,2,6235,79,716,4419
BUAHBATU,MARGASARI,20680,5838,1689,272,11738,32,1,3,8834,103,912,7871
BUAHBATU,CIJAURA,13850,4267,944,187,8549,17,0,0,6392,56,510,5692
BUAHBATU,JATISARI,3850,1319,511,84,2699,2,0,6,2205,59,257,1550
RANCASARI,CIPAMOKOLAN,10758,3898,1206,198,7049,35,0,8,5462,99,565,4377
RANCASARI,MUNJAHLEGA,8674,3541,1403,286,6608,5,0,2,4967,100,1393,4037
RANCASARI,DERWATI,9245,2969,719,139,5457,56,1,6,4266,44,243,3661
RANCASARI,MEKARMULYA,8423,3141,873,188,5035,30,1,3,4022,57,425,3419
ARCAMANIK,CISARANTEN BINA HARAPAN,5624,2231,435,90,3509,10,0,3,2480,24,233,2514
ARCAMANIK,SINDANGLAYA/CISANTREN ENDAH,9204,3474,876,169,5500,20,1,6,4572,67,307,3628
ARCAMANIK,SUKAMISKIN,7031,3362,1539,304,5886,9,1,12,4850,133,715,3882
ARCAMANIK,CISARANTEN KULON,10156,3985,986,216,6568,11,0,6,4649,66,452,4128
CIBIRU,CISURUPAN,18236,4858,745,304,8561,123,1,2,6221,26,285,6358
CIBIRU,PALASARI,12832,3675,856,227,6526,61,0,2,5017,46,331,4793
CIBIRU,CIPADUNG,14613,3925,803,237,6778,23,1,2,5042,35,246,4625
CIBIRU,PASIR BIRU,299,103,10,7,153,2,0,0,76,0,3,94
UJUNG BERUNG,PASANGGRAHAN,10554,3668,627,181,5461,85,0,3,4060,51,253,3871
UJUNG BERUNG,PASIRWANGI,9761,2939,473,115,4458,50,0,4,3260,26,150,3288
UJUNG BERUNG,PASIR ENDAH,7214,2720,865,166,4514,11,1,8,3557,46,505,3036
UJUNG BERUNG,CIGENDING,18283,6183,1227,293,9450,37,1,11,7056,74,518,6763
UJUNG BERUNG,PASIRJATI,348,135,31,7,164,0,0,0,91,1,5,123
GEDEBAGE,CIMENERANG,13953,4275,1195,227,6976,73,1,8,5022,62,601,4856
GEDEBAGE,RANCABOLANG,5742,1974,542,95,2912,16,0,3,2170,26,92,1992
GEDEBAGE,RANCANUMPANG,2087,810,348,73,1187,28,0,3,1326,14,69,834
GEDEBAGE,CISANTREN KIDUL,102,31,3,3,43,0,0,0,32,2,3,34
PANYILEUKAN,CIPADUNG KULON,8288,2132,651,120,3867,16,0,5,3190,32,200,2676
PANYILEUKAN,CIPADUNG WETAN,2523,628,36,7,1123,23,0,2,723,4,21,804
PANYILEUKAN,MEKAR MULYA,3343,1111,659,107,1995,7,0,3,1632,24,218,1185
PANYILEUKAN,CIPADUNG KIDUL,6520,1983,1347,211,3882,8,1,2,4189,37,371,2574
CINAMBO,CISARANTEN WETAN,4138,942,178,43,1880,5,0,0,1149,7,72,1283
CINAMBO,SUKAMULYA,4326,917,111,53,1887,5,0,0,1164,5,83,1261
CINAMBO,BABAKAN PENGHULU,5504,1189,224,44,2247,10,0,3,1489,14,52,1654
CINAMBO,PAKEMITAN,4515,1063,755,61,1529,6,0,2,1334,26,136,1309
MANDALAJATI,KARANG PAMULANG,10363,2985,495,106,5473,2,0,1,3507,39,183,4129
MANDALAJATI,PASIR IMPUN,7750,2068,271,66,3765,5,0,0,2331,7,125,3041
MANDALAJATI,JATIHANDAP,18432,4503,727,194,8310,6,0,2,4901,38,285,6136
MANDALAJATI,SINDANG JAYA,8197,2514,524,113,4350,4,1,1,2698,21,324,2970
