lokasi,nama_komoditas,2016-01-01,2016-01-08,2016-01-15,2016-01-22,2016-01-29,2016-01-04,2016-01-05,2016-01-06,2016-01-07,2016-01-11,2016-01-12,2016-01-13,2016-01-18,2016-01-19,2016-01-20,2016-01-21,2016-01-25,2016-01-26,2016-01-27,2016-01-28,
Pasar Baru,Beras Medium,0,10000,10000,10000,10000,10000,10000,10000,10000,10000,10000,10000,10000,10000,10000,10000,10000,10000,10000,10000,
Pasar Baru,Cabe Merah,0,50000,45000,40000,0,50000,50000,50000,50000,45000,45000,45000,45000,45000,40000,40000,30000,30000,30000,30000,
Pasar Baru,Bawang Merah,0,33000,33000,33000,30000,30000,33000,33000,33000,33000,33000,33000,33000,33000,33000,33000,30000,30000,30000,30000,
Pasar Baru,Daging Ayam Ras,0,40000,42000,40000,38000,42000,42000,42000,40000,42000,42000,42000,40000,40000,40000,40000,40000,38000,38000,38000,
Pasar Baru,Telur Ayam Ras,0,25000,24000,24000,24000,25000,25000,25000,25000,24000,24000,24000,24000,24000,24000,24000,24000,24000,24000,24000,
Pasar Baru,Daging Sapi,0,120000,120000,120000,125000,120000,120000,120000,120000,120000,120000,120000,120000,120000,120000,120000,125000,125000,125000,125000,
Pasar Baru,Minyak Goreng,0,14000,14000,14000,14000,14000,14000,14000,14000,14000,14000,14000,14000,14000,14000,14000,14000,14000,14000,14000,
Pasar Baru,Gula Pasir,0,12000,13000,13000,13000,13000,13000,13000,13000,13000,13000,13000,13000,13000,13000,13000,13000,13000,13000,13000,
Pasar Baru,Kentang,0,12000,15000,15000,15000,12000,12000,0,12000,15000,15000,15000,15000,15000,15000,0,15000,15000,15000,15000,
Pasar Baru,Kedelai,0,11000,11000,11000,11000,11000,11000,11000,11000,11000,11000,11000,11000,11000,11000,11000,11000,11000,11000,11000,
Pasar Baru,Tepung Terigu,0,7500,7500,7500,7500,7500,7500,7500,7500,7500,7500,7500,7500,7500,7500,7500,7500,7500,7500,7500,
Pasar Baru,Bawang Putih,0,28000,28000,28000,32000,28000,28000,28000,28000,28000,28000,28000,28000,28000,28000,28000,32000,32000,32000,32000,
Pasar Baru,Cabe Keriting,0,50000,45000,30000,30000,50000,50000,50000,50000,45000,45000,45000,35000,35000,30000,30000,30000,30000,30000,30000,
Pasar Baru,Cabe Rawit,0,50000,45000,0,40000,50000,50000,50000,50000,45000,45000,45000,50000,50000,50000,50000,40000,40000,40000,40000,
Pasar Baru,Kacang Tanah,0,27000,27000,27000,27000,27000,27000,27000,27000,27000,27000,27000,27000,27000,27000,27000,27000,27000,27000,27000,
Pasar Baru,Ubi Kayu,0,3000,3000,3000,3000,3000,3000,3000,3000,3000,3000,3000,3000,3000,3000,3000,3000,3000,3000,3000,
Pasar Baru,Ubi Jalar,0,0,0,0,0,0,0,0,0,0,0,0,0,0,0,0,0,0,0,0,
Pasar Baru,Jagung,0,7000,7000,7000,7000,7000,7000,7000,7000,7000,7000,7000,7000,7000,7000,7000,7000,7000,7000,7000,
Pasar Baru,Ikan Olahan,0,50000,50000,50000,60000,50000,50000,50000,50000,50000,50000,50000,50000,50000,50000,50000,50000,50000,50000,60000,
Pasar Baru,Beras Premium,0,0,0,0,0,0,0,0,0,0,0,0,0,0,0,0,0,0,0,0,
Pasar Baru,Minyak Goreng Curah,0,12000,10000,10000,10000,10000,10000,10000,10000,10000,10000,10000,10000,10000,10000,10000,10000,10000,10000,10000,
Pasar Baru,Daging Ayam Kampung,0,65000,65000,65000,65000,65000,65000,65000,65000,65000,65000,65000,65000,65000,65000,65000,65000,65000,65000,65000,
Pasar Baru,Telur Ayam Kampung,0,45000,45000,45000,45000,45000,45000,45000,45000,45000,45000,45000,45000,45000,45000,45000,45000,45000,45000,45000,
Pasar Baru,Susu Kental Manis Merk Bendera,0,11000,11000,11000,11000,11000,11000,11000,11000,11000,11000,11000,11000,11000,11000,11000,11000,11000,11000,11000,
Pasar Baru,Susu Kental Manis Merk Indomilk,0,9500,9500,9500,9500,9500,9500,9500,9500,9500,9500,9500,9500,9500,9500,9500,9500,9500,9500,9500,
Pasar Baru,Garam Beryodium Bata,0,1000,1000,1000,1000,1000,1000,1000,1000,1000,1000,1000,1000,1000,1000,1000,1000,1000,1000,1000,
Pasar Baru,Garam Beryodium Halus,0,3500,3500,3500,3500,3500,3500,3500,3500,3500,3500,3500,3500,3500,3500,3500,3500,3500,3500,3500,
Pasar Baru,Tepung Terigu Cakra Kembar,0,8000,8000,8000,8000,8000,8000,8000,8000,8000,8000,8000,8000,8000,8000,8000,8000,8000,8000,8000,
Pasar Baru,Tepung Terigu Kunci,0,7500,7500,7500,7500,7500,7500,7500,7500,7500,7500,7500,7500,7500,7500,7500,7500,7500,7500,7500,
Pasar Baru,Mie Instan,0,2000,2000,2000,2000,0,2000,2000,2000,2000,2000,2000,2000,2000,2000,2000,2000,2000,2000,2000,
Pasar Baru,Cabe Rawit Hijau,0,40000,0,30000,25000,40000,40000,40000,0,30000,30000,30000,30000,30000,30000,30000,25000,25000,25000,25000,
Pasar Baru,Kacang Hijau,0,22000,22000,22000,22000,22000,22000,22000,22000,22000,22000,22000,22000,22000,22000,22000,22000,22000,22000,22000,
Pasar Baru,Susu Bubuk Dancow,0,36000,36000,36000,36000,36000,36000,36000,36000,36000,36000,36000,36000,36000,36000,36000,36000,36000,36000,36000,
Pasar Baru,Susu Bubuk Indomilk,0,33500,33500,33500,33500,33500,33500,33500,33500,33500,33500,33500,33500,33500,33500,33500,33500,33500,33500,33500,
Pasar Baru,Ikan Kembung,0,30000,30000,30000,30000,30000,30000,30000,30000,30000,30000,30000,30000,30000,30000,30000,30000,30000,30000,30000,
