nama_kecamatan,jumlah_pengguna_IUD,persentase_pengguna_IUD,jumlah_pengguna_MOW,persentase_pengguna_MOW,jumlah_pengguna_MOP,persentase_pengguna_MOP,jumlah_pengguna_kondom,persentase_pengguna_kondom,jumlah_pengguna_implan,persentase_pengguna_implan,jumlah_pengguna_suntikan,persentase_pengguna_suntikan,jumlah_pengguna_pil,persentase_pengguna_pil,jumlah_peserta_kb_aktif
Sukasari,2180,32.45,193,2.87,14,0.21,128,1.91,118,1.76,2726,40.57,1360,20.24,6719
Coblong,4599,36.08,1217,9.55,23,0.18,680,5.33,305,2.39,4524,35.49,1400,10.98,12748
Babakan Ciparay,3609,19.56,252,1.37,33,0.18,102,0.55,280,1.52,11455,62.08,2720,14.74,18451
Bojongloa Kaler,5674,40.71,452,3.24,61,0.44,231,1.66,202,1.45,4407,31.62,2912,20.89,13939
Andir,11643,52.04,2887,12.90,21,0.09,244,1.09,214,0.96,5075,22.68,2289,10.23,22373
Cicendo,2814,27.50,537,5.25,5,0.05,235,2.30,220,2.15,4381,42.82,2040,19.94,10232
Sukajadi,3478,27.54,1820,14.41,19,0.15,563,4.46,214,1.69,4011,31.76,2524,19.99,12629
Cidadap,1597,22.32,318,4.44,7,0.10,187,2.61,633,8.85,3409,47.65,1004,14.03,7155
Bandung Wetan,1760,45.06,458,11.73,73,1.87,88,2.25,128,3.28,827,21.17,572,14.64,3906
Astana Anyar,2654,35.47,276,3.69,43,0.57,88,1.18,225,3.01,3323,44.41,873,11.67,7482
Regol,4713,50.33,391,4.18,48,0.51,313,3.34,182,1.94,3081,32.90,636,6.79,9364
Batununggal,3958,30.17,278,2.12,19,0.14,218,1.66,126,0.96,6495,49.51,2025,15.44,13119
Lengkong,2275,42.15,221,4.09,3,0.06,201,3.72,205,3.80,1913,35.44,580,10.74,5398
Cibeunying Kidul,4418,31.99,1144,8.28,6,0.04,292,2.11,331,2.40,6039,43.72,1582,11.45,13812
Bandung Kulon,5784,47.26,323,2.64,10,0.08,324,2.65,541,4.42,3181,25.99,2075,16.96,12238
Kiaracondong,4372,29.57,252,1.70,17,0.11,424,2.87,212,1.43,7052,47.70,2454,16.60,14783
Bojongloa Kidul,2450,24.57,151,1.51,12,0.12,90,0.90,245,2.46,6203,62.20,822,8.24,9973
Cibeunying Kaler,2629,37.52,302,4.31,27,0.39,124,1.77,61,0.87,2551,36.41,1313,18.74,7007
Sumur Bandung,914,36.36,106,4.22,4,0.16,146,5.81,94,3.74,861,34.25,389,15.47,2514
Antapani,3066,37.87,180,2.22,31,0.38,240,2.96,102,1.26,3492,43.13,986,12.18,8097
Bandung Kidul,1845,26.48,121,1.74,7,0.10,218,3.13,79,1.13,3080,44.20,1618,23.22,6968
Buahbatu,3126,32.03,164,1.68,17,0.17,177,1.81,188,1.93,4826,49.45,1262,12.93,9760
Rancasari,2590,37.02,149,2.13,11,0.16,251,3.59,58,0.83,2832,40.47,1106,15.81,6997
Arcamanik,2339,35.03,258,3.86,14,0.21,156,2.34,267,4.00,2697,40.39,947,14.18,6678
Cibiru,1921,22.20,173,2.00,33,0.38,162,1.87,253,2.92,4314,49.84,1799,20.79,8655
Ujung Berung,10500,71.87,132,0.90,58,0.40,258,1.77,378,2.59,1641,11.23,1643,11.25,14610
Gedebage,2800,36.57,575,7.51,102,1.33,197,2.57,144,1.88,2512,32.81,1326,17.32,7656
Panyileukan,1756,37.80,155,3.34,3,0.06,227,4.89,127,2.73,1779,38.29,599,12.89,4646
Cinambo,1017,29.34,68,1.96,9,0.26,61,1.76,65,1.88,1692,48.82,554,15.98,3466
Mandalajati,2106,23.32,302,3.34,13,0.14,209,2.31,187,2.07,4461,49.40,1752,19.40,9030
