lokasi,nama_komoditas,2018-01-01,2018-01-02,2018-01-03,2018-01-04,2018-01-05,2018-01-06,2018-01-07,2018-01-08,2018-01-09,2018-01-10,2018-01-11,2018-01-12,2018-01-13,2018-01-14,2018-01-15,2018-01-16,2018-01-17,2018-01-18,2018-01-19,2018-01-20,2018-01-21,2018-01-22,2018-01-23,2018-01-24,2018-01-25,2018-01-26,2018-01-27,2018-01-28,2018-01-29,2018-01-30,2018-01-31
"Pasar Kiaracondong","Beras Medium",0,11000,11000,11000,11000,0,0,11000,11000,11000,11500,11500,0,0,12000,12000,13000,13000,13000,0,0,13000,13000,13000,13000,13000,0,0,12000,12000,12000
"Pasar Kiaracondong","Cabe Merah",0,40000,40000,40000,40000,0,0,40000,40000,40000,40000,40000,0,0,40000,40000,40000,40000,40000,0,0,40000,40000,40000,40000,40000,0,0,40000,40000,40000
"Pasar Kiaracondong","Bawang Merah",0,20000,20000,24000,24000,0,0,24000,24000,24000,16000,16000,0,0,18000,18000,18000,18000,18000,0,0,18000,18000,18000,18000,16000,0,0,20000,20000,20000
"Pasar Kiaracondong","Daging Ayam Ras",0,34000,34000,35000,35000,0,0,35000,35000,35000,35000,35000,0,0,36000,36000,37000,37000,40000,0,0,37000,37000,34000,34000,34000,0,0,34000,34000,34000
"Pasar Kiaracondong","Telur Ayam Ras",0,26000,26000,25000,25000,0,0,25000,25000,25000,24000,24000,0,0,24000,24000,24000,24000,24000,0,0,24000,24000,24000,24000,23000,0,0,23000,23000,23000
"Pasar Kiaracondong","Daging Sapi",0,120000,120000,120000,120000,0,0,0,120000,120000,120000,120000,0,0,120000,120000,120000,120000,120000,0,0,120000,120000,120000,120000,120000,0,0,120000,120000,120000
"Pasar Kiaracondong","Minyak Goreng",0,15000,15000,15000,15000,0,0,15000,15000,15000,15000,15000,0,0,15000,15000,15000,15000,15000,0,0,15000,15000,15000,15000,15000,0,0,15000,15000,15000
"Pasar Kiaracondong","Gula Pasir",0,12500,12500,12500,12500,0,0,12500,12500,12500,12500,12500,0,0,12500,12500,12500,12500,12500,0,0,12500,12500,12500,12500,12500,0,0,12500,12500,12500
"Pasar Kiaracondong",Kentang,0,17000,17000,16000,16000,0,0,16000,16000,16000,16000,16000,0,0,16000,16000,16000,16000,16000,0,0,17000,17000,17000,17000,18000,0,0,18000,17000,17500
"Pasar Kiaracondong",Kedelai,0,10000,10000,10000,10000,0,0,10000,10000,10000,10000,10000,0,0,10000,10000,10000,10000,10000,0,0,10000,10000,10000,10000,11000,0,0,11000,11000,11000
"Pasar Kiaracondong","Tepung Terigu",0,7000,7000,7000,7000,0,0,7000,7000,7000,7000,7000,0,0,7000,7000,7000,7000,7000,0,0,7000,7000,7000,7000,0,0,0,0,7000,7000
"Pasar Kiaracondong","Bawang Putih",0,20000,20000,22000,22000,0,0,22000,22000,22000,22000,22000,0,0,22000,22000,22000,22000,22000,0,0,22000,22000,22000,22000,22000,0,0,22000,22000,22000
"Pasar Kiaracondong","Cabe Keriting",0,40000,40000,40000,40000,0,0,40000,40000,40000,35000,35000,0,0,35000,35000,35000,35000,35000,0,0,35000,35000,35000,35000,40000,0,0,40000,40000,40000
"Pasar Kiaracondong","Cabe Rawit",0,50000,50000,50000,50000,0,0,50000,50000,50000,60000,60000,0,0,55000,55000,50000,50000,50000,0,0,50000,50000,50000,50000,40000,0,0,40000,40000,40000
"Pasar Kiaracondong","Kacang Tanah",0,0,0,0,24000,0,0,24000,24000,2400,24000,24000,0,0,24000,24000,24000,24000,24000,0,0,24000,24000,24000,24000,25000,0,0,25000,25000,24000
"Pasar Kiaracondong","Ubi Kayu",0,5000,5000,5000,5000,0,0,5000,5000,5000,5000,5000,0,0,5000,5000,5000,5000,5000,0,0,5000,5000,5000,5000,5000,0,0,5000,5000,5000
"Pasar Kiaracondong","Ubi Jalar",0,0,0,0,0,0,0,0,0,0,0,0,0,0,0,0,0,0,0,0,0,0,0,0,0,0,0,0,0,0,0
"Pasar Kiaracondong",Jagung,0,8000,8000,8000,8000,0,0,8000,8000,8000,6000,6000,0,0,8000,8000,8000,8000,8000,0,0,8000,8000,8000,8000,8000,0,0,8000,8000,8000
"Pasar Kiaracondong","Ikan Olahan",0,70000,70000,70000,70000,0,0,70000,70000,70000,70000,70000,0,0,70000,70000,70000,70000,70000,0,0,70000,70000,70000,70000,70000,0,0,70000,70000,70000
"Pasar Kiaracondong","Beras Premium",0,0,0,0,0,0,0,0,0,0,0,0,0,0,0,0,0,0,0,0,0,0,0,0,0,0,0,0,0,0,0
"Pasar Kiaracondong","Minyak Goreng Curah",0,12000,12000,12000,12000,0,0,12000,12000,12000,12000,12000,0,0,12000,12000,12000,12000,12000,0,0,12000,12000,12000,0,12000,0,0,12000,12000,12000
"Pasar Kiaracondong","Daging Ayam Kampung",0,70000,70000,70000,70000,0,0,70000,70000,70000,70000,70000,0,0,70000,70000,70000,70000,70000,0,0,70000,70000,70000,70000,70000,0,0,70000,70000,70000
"Pasar Kiaracondong","Telur Ayam Kampung",0,45000,45000,45000,45000,0,0,45000,45000,45000,45000,45000,0,0,45000,45000,45000,45000,45000,0,0,45000,45000,45000,45000,45000,0,0,45000,45000,45000
"Pasar Kiaracondong","Susu Kental Manis Merk Bendera",0,11000,11000,11000,11000,0,0,11000,11000,11000,11000,11000,0,0,11000,11000,11000,11000,11000,0,0,11000,11000,11000,11000,11000,0,0,11000,11000,11000
"Pasar Kiaracondong","Susu Kental Manis Merk Indomilk",0,10000,10000,10000,10000,0,0,10000,10000,10000,10000,10000,0,0,10000,10000,10000,10000,10000,0,0,10000,10000,10000,10000,10000,0,0,10000,10000,10000
"Pasar Kiaracondong","Garam Beryodium Bata",0,2500,2500,2500,2500,0,0,2500,2500,2500,2500,2500,0,0,2500,2500,2500,2500,2500,0,0,2500,2500,2500,2500,2500,0,0,2500,2500,2500
"Pasar Kiaracondong","Garam Beryodium Halus",0,12000,12000,12000,12000,0,0,12000,12000,12000,12000,12000,0,0,12000,12000,12000,12000,12000,0,0,12000,12000,12000,12000,12000,0,0,12000,12000,12000
"Pasar Kiaracondong","Tepung Terigu Cakra Kembar",0,8000,8000,8000,8000,0,0,8000,8000,8000,8000,8000,0,0,8000,8000,8000,8000,8000,0,0,8000,8000,8000,8000,8000,0,0,8000,8000,8000
"Pasar Kiaracondong","Tepung Terigu Kunci",0,7500,7500,7500,7500,0,0,7500,7500,7500,7500,7500,0,0,7500,7500,7500,7500,7500,0,0,7500,7500,7500,7500,7500,0,0,7500,7500,7500
"Pasar Kiaracondong","Mie Instan",0,2500,2500,2500,2500,0,0,2500,2500,2500,2500,2500,0,0,2500,2500,2500,2500,2500,0,0,2500,2500,2500,2500,2500,0,0,2500,2500,2500
"Pasar Kiaracondong","Cabe Rawit Hijau",0,40000,40000,40000,40000,0,0,40000,40000,40000,40000,40000,0,0,40000,40000,40000,40000,40000,0,0,50000,50000,50000,50000,50000,0,0,40000,40000,40000
"Pasar Kiaracondong","Kacang Hijau",0,21000,21000,21000,21000,0,0,21000,21000,21000,21000,21000,0,0,21000,21000,21000,21000,21000,0,0,21000,21000,21000,21000,21000,0,0,21000,21000,21000
"Pasar Kiaracondong","Susu Bubuk Dancow",0,38300,38300,38300,38300,0,0,38300,38300,38300,38300,38300,0,0,38300,38300,38300,38300,38300,0,0,38300,38300,38300,38300,38300,0,0,38300,38300,38300
"Pasar Kiaracondong","Susu Bubuk Indomilk",0,34950,34950,34950,34950,0,0,34950,34950,34950,34950,34950,0,0,34950,34950,34950,34950,34950,0,0,34950,34950,34950,34950,34950,0,0,34950,34950,34950
"Pasar Kiaracondong","Ikan Kembung",0,36000,36000,36000,36000,0,0,36000,36000,36000,36000,36000,0,0,36000,36000,36000,36000,36000,0,0,36000,36000,36000,36000,36000,0,0,36000,36000,36000
