nama_kecamatan,iud_sisa_bulan_lalu,kondom_sisa_bulan_lalu,implant_sisa_bulan_lalu,suntikan_sisa_bulan_lalu,pil_sisa_bulan_lalu,iud_diterima_bulan_ini,kondom_diterima_bulan_ini,implant_diterima_bulan_ini,suntikan_diterima_bulan_ini,pil_keluar_bulan_ini,iud_keluar_bulan_ini,kondom_keluar_bulan_ini,implant_keluar_bulan_ini,suntikan_keluar_bulan_ini,pil_diterima_bulan_ini,iud_sisa_akhir_bulan_ini,kondom_sisa_akhir_bulan_ini,implant_sisa_akhir_bulan_ini,suntikan_sisa_akhir_bulan_ini,pil_sisa_akhir_bulan_ini
Sukasari,188,88,45,365,681,0,0,0,200,200,6,13,2,249,215,182,75,43,316,666
Coblong,154,64,47,248,1121,0,0,0,300,300,19,6,0,160,230,135,58,47,388,1191
Babakan Ciparay,116,827,25,511,731,0,0,0,0,0,5,4,0,100,47,111,823,25,411,684
Bojongloa Kaler,40,103,125,174,725,0,24,0,100,100,10,10,1,157,154,30,117,124,117,671
Andir,47,27,0,0,382,5,2,3,138,2,13,7,3,109,2,39,22,0,29,382
Cicendo,33,118,5,434,384,5,5,0,100,100,9,19,0,92,61,29,104,5,442,423
Sukajadi,31,18,0,27,108,175,48,50,620,300,167,50,50,599,366,39,16,0,48,42
Cidadap,102,72,30,303,1346,0,0,0,0,0,7,1,0,64,2,95,71,30,239,1344
Bandung Wetan,34,60,2,401,550,0,0,0,200,0,32,7,2,216,210,2,53,0,385,340
Astana Anyar,144,32,2,797,774,0,36,0,200,46,29,8,0,261,83,115,60,2,736,737
Regol,183,172,46,1052,1761,50,0,0,200,100,50,13,1,47,109,183,159,45,1205,1752
Batununggal,162,76,29,520,1891,0,0,0,0,0,11,2,1,110,43,151,74,28,410,1848
Lengkong,146,226,25,532,1092,0,0,0,0,0,0,122,0,58,51,146,104,25,474,1041
Cibeunying Kidul,122,6,10,289,438,0,3,0,100,0,6,6,0,122,6,116,3,10,267,432
Bandung Kulon,118,28,20,374,1241,5,0,0,100,200,55,16,4,138,18,68,12,16,336,1423
Kiaracondong,73,36,10,145,239,25,24,0,300,0,8,11,2,87,110,90,49,8,358,129
Bojongloa Kidul,36,7,7,288,291,0,0,0,0,0,3,3,0,8,5,33,4,7,280,286
Cibeunying Kaler,4,4,20,200,0,0,0,0,0,0,4,4,0,20,0,0,0,20,180,0
Sumur Bandung,16,56,5,336,1416,25,0,0,100,0,35,25,0,58,10,6,31,5,378,1406
Antapani,136,94,30,627,1674,0,24,0,100,100,1,7,0,97,11,135,111,30,630,1763
Bandung Kidul,157,34,34,383,886,0,12,0,0,0,2,4,0,45,66,155,42,34,338,820
Buahbatu,85,32,32,60,794,0,24,0,200,100,15,14,0,119,40,70,42,32,141,854
Rancasari,66,64,28,22,262,0,0,0,200,0,24,12,6,198,25,42,52,22,24,237
Arcamanik,138,198,8,188,1152,25,0,0,200,0,12,0,1,74,1,151,198,7,314,1151
Cibiru,148,130,36,698,726,0,0,0,200,200,11,34,23,245,283,137,96,13,653,643
Ujung Berung,21,14,0,188,290,0,0,0,100,0,7,7,0,43,20,14,7,0,245,270
Gedebage,98,38,18,416,840,0,0,0,0,0,18,12,6,79,53,80,26,12,337,787
Panyileukan,123,1,16,321,356,0,0,0,0,0,3,0,0,38,3,120,1,16,283,353
Cinambo,196,92,62,322,674,0,0,0,100,100,73,2,1,35,3,123,90,61,387,771
Mandalajati,90,96,18,350,1007,50,0,0,400,400,6,0,4,130,32,134,96,14,620,1375