lokasi,nama_komoditas,2015-12-01,2015-12-02,2015-12-03,2015-12-04,2015-12-05,2015-12-06,2015-12-07,2015-12-08,2015-12-09,2015-12-10,2015-12-11,2015-12-12,2015-12-13,2015-12-14,2015-12-15,2015-12-16,2015-12-17,2015-12-18,2015-12-19,2015-12-20,2015-12-21,2015-12-22,2015-12-23,2015-12-24,2015-12-25,2015-12-26,2015-12-27,2015-12-28,2015-12-29,2015-12-30,2015-12-31
"Pasar Andir","Beras Medium",10000,10000,10000,0,0,0,10000,10000,0,10000,10000,0,0,10000,10000,10000,10000,0,0,0,0,10000,10000,0,0,0,0,10000,10000,10000,10000
"Pasar Andir","Cabe Merah",25000,0,35000,0,0,0,35000,35000,0,35000,35000,0,0,35000,35000,35000,35000,35000,0,0,0,35000,45000,0,0,0,0,65000,65000,65000,65000
"Pasar Andir","Bawang Merah",0,20000,20000,0,0,0,20000,20000,0,20000,0,0,0,25000,25000,25000,25000,25000,0,0,0,25000,35000,0,0,0,0,35000,35000,0,35000
"Pasar Andir","Daging Ayam Ras",29000,29000,29000,0,0,0,22000,30000,0,30000,30000,0,0,33000,33000,33000,33000,33000,0,0,0,33000,33000,0,0,0,0,0,0,35000,35000
"Pasar Andir","Telur Ayam Ras",22000,22000,22000,0,0,0,22000,22000,0,22000,22000,0,0,22000,22000,22000,22000,22000,0,0,0,22000,23000,0,0,0,0,26000,26000,26000,26000
"Pasar Andir","Daging Sapi",110000,0,0,0,0,0,110000,110000,0,110000,110000,0,0,110000,110000,110000,110000,110000,0,0,0,110000,110000,0,0,0,0,110000,110000,110000,110000
"Pasar Andir","Minyak Goreng",14000,0,14000,0,0,0,14000,14000,0,14000,14000,0,0,14000,14000,14000,14000,14000,0,0,0,14000,14000,0,0,0,0,14000,14000,14000,14000
"Pasar Andir","Gula Pasir",12000,12000,12000,0,0,0,12000,12000,0,12000,12000,0,0,12000,12000,12000,12000,12000,0,0,0,12000,12000,0,0,0,0,12000,12000,12000,12000
"Pasar Andir",Kentang,11000,11000,11000,0,0,0,11000,11000,0,11000,11000,0,0,11000,11000,11000,11000,11000,0,0,0,11000,11000,0,0,0,0,11000,11000,11000,11000
"Pasar Andir",Kedelai,11000,11000,11000,0,0,0,11000,11000,0,11000,11000,0,0,11000,11000,0,11000,11000,0,0,0,11000,11000,0,0,0,0,11000,11000,11000,11000
"Pasar Andir","Tepung Terigu",7500,7500,7500,0,0,0,7500,7500,0,7500,7500,0,0,7500,7500,7500,7500,0,0,0,0,7500,7500,0,0,0,0,7500,7500,7500,0
"Pasar Andir","Bawang Putih",20000,20000,20000,0,0,0,20000,20000,0,20000,20000,0,0,20000,20000,20000,20000,20000,0,0,0,20000,20000,0,0,0,0,20000,20000,20000,20000
"Pasar Andir","Cabe Keriting",25000,25000,25000,0,0,0,30000,30000,0,30000,30000,0,0,35000,35000,35000,35000,35000,0,0,0,35000,45000,0,0,0,0,45000,45000,45000,45000
"Pasar Andir","Cabe Rawit",27000,27000,27000,0,0,0,27000,27000,0,27000,27000,0,0,27000,27000,27000,27000,27000,0,0,0,27000,35000,0,0,0,0,45000,45000,45000,45000
"Pasar Andir","Kacang Tanah",28000,28000,28000,0,0,0,28000,28000,0,28000,28000,0,0,28000,28000,28000,28000,28000,0,0,0,28000,28000,0,0,0,0,28000,28000,28000,28000
"Pasar Andir","Ubi Kayu",3000,3000,3000,0,0,0,3000,3000,0,3000,3000,0,0,3000,3000,3000,3000,3000,0,0,0,3000,3000,0,0,0,0,3000,3000,3000,3000
"Pasar Andir","Ubi Jalar",0,0,0,0,0,0,0,0,0,0,0,0,0,0,0,0,0,0,0,0,0,0,0,0,0,0,0,0,0,0,0
"Pasar Andir",Jagung,7000,7000,7000,0,0,0,7000,7000,0,7000,7000,0,0,7000,7000,7000,7000,7000,0,0,0,7000,7000,0,0,0,0,7000,7000,7000,7000
"Pasar Andir","Ikan Olahan",45000,45000,45000,0,0,0,45000,45000,0,45000,45000,0,0,45000,45000,45000,45000,45000,0,0,0,45000,45000,0,0,0,0,45000,45000,45000,45000
"Pasar Andir","Beras Premium",0,0,0,0,0,0,0,0,0,0,0,0,0,0,0,0,0,0,0,0,0,0,0,0,0,0,0,0,0,0,0
"Pasar Andir","Minyak Goreng Curah",10000,10000,10000,0,0,0,10000,10000,0,10000,10000,0,0,10000,10000,10000,10000,10000,0,0,0,10000,10000,0,0,0,0,10000,10000,10000,10000
"Pasar Andir","Daging Ayam Kampung",60000,60000,60000,0,0,0,60000,60000,0,60000,60000,0,0,60000,60000,60000,0,60000,0,0,0,60000,60000,0,0,0,0,60000,60000,60000,60000
"Pasar Andir","Telur Ayam Kampung",40000,40000,40000,0,0,0,40000,40000,0,40000,40000,0,0,40000,40000,40000,40000,0,0,0,0,40000,40000,0,0,0,0,40000,40000,40000,40000
"Pasar Andir","Susu Kental Manis Merk Bendera",9500,9500,9500,0,0,0,9500,9500,0,9500,9500,0,0,9500,9500,9500,0,9500,0,0,0,9500,9500,0,0,0,0,9500,9500,9500,9500
"Pasar Andir","Susu Kental Manis Merk Indomilk",9000,9000,9000,0,0,0,9500,9000,0,9000,9000,0,0,9000,9000,9000,9000,9000,0,0,0,9000,9000,0,0,0,0,9000,9000,9000,9000
"Pasar Andir","Garam Beryodium Bata",1000,1000,1000,0,0,0,1000,1000,0,1000,1000,0,0,1000,1000,1000,1000,1000,0,0,0,1000,1000,0,0,0,0,1000,1000,1000,1000
"Pasar Andir","Garam Beryodium Halus",3000,3000,3000,0,0,0,3000,3000,0,3000,3000,0,0,3000,3000,3000,3000,3000,0,0,0,3000,3000,0,0,0,0,3000,3000,3000,3000
"Pasar Andir","Tepung Terigu Cakra Kembar",7500,7500,7500,0,0,0,7500,7500,0,0,7500,0,0,7500,7500,7500,7500,7500,0,0,0,7500,7500,0,0,0,0,7500,7500,7500,7500
"Pasar Andir","Tepung Terigu Kunci",7000,7000,7000,0,0,0,7000,7000,0,7000,7000,0,0,7000,7000,7000,0,7000,0,0,0,7000,7000,0,0,0,0,7000,7000,7000,7000
"Pasar Andir","Mie Instan",2000,2000,2000,0,0,0,2000,2000,0,2000,2000,0,0,2000,2000,2000,2000,2000,0,0,0,2000,2000,0,0,0,0,2000,2000,2000,2000
"Pasar Andir","Cabe Rawit Hijau",27000,27000,27000,0,0,0,27000,27000,0,27000,27000,0,0,27000,27000,27000,27000,27000,0,0,0,27000,30000,0,0,0,0,35000,35000,35000,35000
"Pasar Andir","Kacang Hijau",21000,21000,21000,0,0,0,21000,21000,0,21000,21000,0,0,21000,21000,21000,21000,21000,0,0,0,21000,0,0,0,0,0,21000,21000,21000,21000
"Pasar Andir","Susu Bubuk Dancow",35000,35000,35000,0,0,0,35000,35000,0,35000,35000,0,0,35000,35000,35000,0,35000,0,0,0,35000,35000,0,0,0,0,35000,35000,35000,35000
"Pasar Andir","Susu Bubuk Indomilk",32000,0,32000,0,0,0,9000,32000,0,32000,32000,0,0,32000,0,32000,32000,32000,0,0,0,32000,32000,0,0,0,0,32000,32000,32000,32000
"Pasar Andir","Ikan Kembung",27000,27000,27000,0,0,0,27000,27000,0,27000,27000,0,0,27000,27000,27000,27000,27000,0,0,0,0,27000,0,0,0,0,27000,27000,27000,27000
