NO,NAMA KECAMATAN,ISLAM,KRISTEN,KATOLIK,HINDU,BUDHA,KONGHUCHU,KEPERCAYAAN,JUMLAH PENDUDUK
1,SUKASARI,66493,3715,1955,85,201,3,6,72458
2,COBLONG,105867,3057,1623,54,197,1,7,110806
3,BABAKAN CIPARAY,119533,7409,2750,30,744,5,2,130473
4,BOJONGLOA KALER,109757,8504,1961,26,832,26,4,121110
5,ANDIR,86654,10460,3400,68,1380,8,6,101976
6,CICENDO,80585,8469,3915,63,708,4,2,93746
7,SUKAJADI,91075,5127,2413,51,323,8,2,98999
8,CIDADAP,48392,2172,1276,32,216,4,0,52092
9,BANDUNG WETAN,26085,2684,1920,37,223,4,5,30958
10,ASTANA ANYAR,58741,10119,2936,26,1804,14,4,73644
11,REGOL,68280,8417,3887,76,1083,9,4,81756
12,BATUNUNGGAL,110550,3963,1884,41,268,3,0,116709
13,LENGKONG,63230,4888,2726,110,610,11,2,71577
14,CIBEUNYING KIDUL,103296,3927,1554,102,168,0,1,109048
15,BANDUNG KULON,117324,9319,2866,32,1011,11,0,130563
16,KIARACONDONG,117510,3306,1265,50,175,5,1,122312
17,BOJONGLOA KIDUL,73195,6780,2511,19,761,22,1,83289
18,CIBEUNYING KALER,63649,2584,1580,53,46,1,0,67913
19,SUMUR BANDUNG,29880,3244,1840,85,471,7,11,35538
20,ANTAPANI,68148,3971,1677,104,107,2,1,74010
21,BANDUNG KIDUL,52253,2680,1709,40,219,8,0,56909
22,BUAH BATU,92371,2976,1113,88,126,4,18,96696
23,RANCASARI,75428,2670,940,99,82,1,9,79229
24,ARCAMANIK,66066,3049,1404,92,56,0,0,70667
25,CIBIRU,68644,1139,371,35,12,0,0,70201
26,UJUNGBERUNG,77915,1110,466,86,16,0,7,79600
27,GEDEBAGE,35886,1094,441,21,58,4,0,37504
28,PANYILEUKAN,35999,968,358,56,19,1,0,37401
29,CINAMBO,22879,645,264,36,47,0,0,23871
30,MANDALAJATI,64090,1481,690,42,28,0,10,66341
