lokasi,nama_komoditas,2016-06-03,2016-06-10,2016-06-17,2016-06-24,2016-06-01,2016-06-02,2016-06-06,2016-06-09,2016-06-13,2016-06-14,2016-06-15,2016-06-16,2016-06-20,2016-06-21,2016-06-22,2016-06-23,2016-06-27,2016-06-28,2016-06-29,2016-06-30,,
Pasar Kosambi,Beras Medium,10000,10000,10000,10000,10000,10000,10000,10000,10000,10000,10000,10000,10000,10000,10000,10000,10000,10000,10000,10000,,
Pasar Kosambi,Cabe Merah,50000,60000,60000,50000,30000,50000,60000,60000,60000,60000,60000,60000,50000,50000,50000,50000,50000,60000,60000,60000,,
Pasar Kosambi,Bawang Merah,40000,40000,40000,40000,40000,40000,40000,40000,40000,40000,40000,40000,40000,40000,40000,40000,40000,40000,40000,40000,,
Pasar Kosambi,Daging Ayam Ras,38000,38000,38000,35000,34000,38000,38000,38000,38000,38000,38000,38000,35000,35000,35000,35000,35000,38000,38000,38000,,
Pasar Kosambi,Telur Ayam Ras,24000,23000,38000,20000,23000,24000,24000,23000,23000,23000,23000,23000,20000,20000,20000,20000,20000,21000,21000,21000,,
Pasar Kosambi,Daging Sapi,125000,120000,120000,120000,120000,120000,130000,120000,120000,120000,120000,120000,120000,120000,120000,120000,120000,120000,120000,120000,,
Pasar Kosambi,Minyak Goreng,14000,14000,14000,14000,14000,14000,14000,14000,14000,14000,14000,14000,14000,14000,14000,14000,0,12000,12000,14000,,
Pasar Kosambi,Gula Pasir,15000,15000,15000,16000,15000,15000,15000,15000,15000,15000,15000,15000,16000,16000,16000,16000,16000,16000,16000,16000,,
Pasar Kosambi,Kentang,16000,16000,18000,18000,16000,16000,16000,16000,18000,18000,18000,18000,18000,18000,18000,18000,18000,0,0,18000,,
Pasar Kosambi,Kedelai,11000,11000,11000,11000,11000,11000,11000,11000,11000,11000,11000,11000,11000,11000,11000,11000,11000,11000,11000,11000,,
Pasar Kosambi,Tepung Terigu,7500,7500,7500,7500,7500,7500,7500,7500,7500,7500,7500,7500,7500,7500,7500,7500,7500,0,75,7500,,
Pasar Kosambi,Bawang Putih,40000,40000,40000,40000,40000,40000,0,40000,40000,40000,40000,40000,40000,40000,40000,40000,40000,40000,40000,40000,,
Pasar Kosambi,Cabe Keriting,35000,30000,30000,20000,25000,35000,35000,30000,0,30000,30000,30000,20000,20000,20000,20000,20000,0,4000,40000,,
Pasar Kosambi,Cabe Rawit,37000,40000,40000,30000,37000,37000,40000,40000,40000,40000,40000,40000,30000,30000,30000,30000,30000,40000,40000,40000,,
Pasar Kosambi,Kacang Tanah,28000,28000,28000,28000,28000,28000,28000,28000,28000,28000,28000,28000,28000,28000,28000,28000,28000,28000,28000,28000,,
Pasar Kosambi,Ubi Kayu,4000,4000,4000,4000,4000,4000,4000,4000,4000,4000,4000,4000,4000,4000,4000,4000,0,4000,4000,4000,,
Pasar Kosambi,Ubi Jalar,0,0,0,0,0,0,0,0,0,0,0,0,0,0,0,0,0,0,0,0,,
Pasar Kosambi,Jagung,10000,10000,10000,10000,10000,10000,10000,10000,10000,10000,10000,10000,10000,10000,10000,10000,10000,10000,0,10000,,
Pasar Kosambi,Ikan Olahan,70000,70000,70000,70000,70000,70000,70000,70000,70000,70000,70000,70000,70000,70000,70000,70000,70000,70000,70000,70000,,
Pasar Kosambi,Beras Premium,0,0,0,0,0,0,0,0,0,0,0,0,0,0,0,0,0,0,0,0,,
Pasar Kosambi,Minyak Goreng Curah,12000,12000,12000,12000,12000,12000,12000,12000,12000,12000,12000,12000,12000,12000,12000,12000,12000,12000,12000,12000,,
Pasar Kosambi,Daging Ayam Kampung,65000,65000,65000,65000,65000,65000,65000,65000,65000,65000,65000,65000,65000,65000,65000,65000,65000,65000,65000,65000,,
Pasar Kosambi,Telur Ayam Kampung,40000,40000,40000,40000,40000,40000,40000,40000,40000,40000,40000,40000,40000,40000,40000,40000,40000,40000,40000,40000,,
Pasar Kosambi,Susu Kental Manis Merk Bendera,10000,10000,10000,10000,10000,10000,10000,10000,10000,10000,10000,10000,10000,10000,10000,10000,0,10000,10000,10000,,
Pasar Kosambi,Susu Kental Manis Merk Indomilk,9500,9500,9500,9500,9500,9500,9500,9500,9500,9500,9500,9500,9500,9500,9500,9500,9500,0,0,9500,,
Pasar Kosambi,Garam Beryodium Bata,1500,1500,1500,1500,1500,1500,1500,1500,1500,1500,1500,1500,1500,1500,1500,1500,1500,1500,1500,1500,,
Pasar Kosambi,Garam Beryodium Halus,6000,6000,60000,6000,6000,6000,6000,6000,6000,6000,6000,60000,6000,6000,6000,6000,6000,6000,6000,6000,,
Pasar Kosambi,Tepung Terigu Cakra Kembar,7500,7500,7500,7500,7500,7500,7500,7500,7500,7500,7500,7500,7500,7500,7500,7500,7500,7500,7500,7500,,
Pasar Kosambi,Tepung Terigu Kunci,7000,7000,7000,7000,7000,7000,7000,7000,7000,7000,7000,7000,7000,7000,7000,7000,7000,7000,7000,7000,,
Pasar Kosambi,Mie Instan,2100,2100,2100,2100,2100,2100,2100,2100,2100,2100,2100,2100,2100,2100,2100,2100,2100,2100,2100,0,,
Pasar Kosambi,Cabe Rawit Hijau,30000,30000,30000,40000,15000,30000,30000,30000,30000,30000,30000,30000,40000,40000,40000,40000,40000,30000,30000,30000,,
Pasar Kosambi,Kacang Hijau,22000,22000,22000,22000,22000,22000,22000,22000,22000,30000,30000,22000,22000,22000,22000,22000,22000,22000,22000,22000,,
Pasar Kosambi,Susu Bubuk Dancow,34500,34500,34500,34500,34500,34500,34500,34500,34500,34500,34500,34500,34500,34500,34500,34500,34500,0,34500,34500,,
Pasar Kosambi,Susu Bubuk Indomilk,30000,30000,30000,30000,30000,30000,30000,30000,30000,30000,30000,30000,30000,30000,30000,30000,30000,30000,30000,30000,,
Pasar Kosambi,Ikan Kembung,30000,30000,35000,35000,30000,30000,30000,30000,30000,35000,35000,35000,35000,35000,35000,35000,35000,35000,35000,35000,,
