nama_kecamatan,jumlah_pus,jml_pus_kps_ksi,persentase_pus_kps_ks1,jml_pus_jkn_penerima_bantuan,persentase_pus_jkn_terima_bantuan,jml_pus_jkn_bukan_penerima_bantuan,persentase_pus_jkn_bukan_penerima_bantuan,jml_pus_jkn,persentase_pus_jkn
Sukasari ,8987,3474,38.66,0,0,0,0,0,0
Coblong ,16958,7964,46.96,72,0.42,79,0.47,151,0.89
Babakan Ciparay ,21682,8405,38.76,8227,37.94,12991,59.92,21218,97.86
Bojongloa Kaler ,17610,8035,45.63,8623,48.97,7211,40.95,15834,89.91
Andir ,11716,358,3.06,0,0,0,0,0,0
Cicendo ,14169,8462,59.72,0,0,0,0,0,0
Sukajadi ,17103,14075,82.3,0,0,0,0,0,0
Cidadap ,8524,2791,32.74,2791,32.74,5733,67.26,8524,100
Bandung Wetan ,4790,2217,46.28,0,0,0,0,0,0
Astana Anyar ,10024,3398,33.9,0,0,0,0,0,0
Regol ,12725,3666,28.81,3666,28.81,9059,71.19,12725,100
Batununggal ,17902,9294,51.92,0,0,0,0,0,0
Lengkong ,7452,3170,42.54,274,3.68,7065,94.81,7339,98.48
Cibeunying Kidul ,17783,8646,48.62,8403,47.25,8292,46.63,16695,93.88
Bandung Kulon ,12839,9165,71.38,4954,38.59,4211,32.8,9165,71.38
Kiaracondong ,19158,6607,34.49,0,0,0,0,0,0
Bojongloa Kidul ,12460,4927,39.54,2102,16.87,8772,70.4,10874,87.27
Cibeunying Kaler ,9822,2889,29.41,1817,18.5,3338,33.98,5155,52.48
Sumur Bandung ,3485,871,24.99,0,0,0,0,0,0
Antapani ,10636,1402,13.18,0,0,0,0,0,0
Bandung Kidul ,8314,3571,42.95,3905,46.97,4409,53.03,8314,100
Buahbatu ,12717,2521,19.82,0,0,0,0,0,0
Rancasari ,10389,3294,31.71,1003,9.65,2291,22.05,3294,31.71
Arcamanik ,8904,3267,36.69,0,0,0,0,0,0
Cibiru ,10960,4966,45.31,1976,18.03,2556,23.32,4532,41.35
Ujung Berung ,23639,7184,30.39,5409,22.88,0,0,5409,22.88
Gedebage ,8560,2923,34.15,531,6.2,2986,34.88,3517,41.09
Panyileukan ,5842,1456,24.92,833,14.26,594,10.17,1427,24.43
Cinambo ,4594,1498,32.61,777,16.91,1511,32.89,2288,49.8
Mandalajati ,11690,3907,33.42,3907,33.42,7333,62.73,11240,96.15
