nama_kecamatan,iud_sisa_bulan_lalu,kondom_sisa_bulan_lalu,implant_sisa_bulan_lalu,suntikan_sisa_bulan_lalu,pil_sisa_bulan_lalu,iud_diterima_bulan_ini,kondom_diterima_bulan_ini,implant_diterima_bulan_ini,suntikan_diterima_bulan_ini,pil_keluar_bulan_ini,iud_keluar_bulan_ini,kondom_keluar_bulan_ini,implant_keluar_bulan_ini,suntikan_keluar_bulan_ini,pil_diterima_bulan_ini,iud_sisa_akhir_bulan_ini,kondom_sisa_akhir_bulan_ini,implant_sisa_akhir_bulan_ini,suntikan_sisa_akhir_bulan_ini,pil_sisa_akhir_bulan_ini
Sukasari,123,18,39,864,948,0,0,0,0,0,3,2,2,208,131,120,16,37,656,817
Coblong,114,57,48,434,1489,2,0,0,300,100,9,18,0,179,16,107,39,48,555,1573
Babakan Ciparay,93,10,17,382,743,0,0,0,100,0,9,6,8,134,97,84,4,9,348,646
Bojongloa Kaler,99,79,105,207,436,0,244,0,200,200,23,0,0,177,62,76,323,105,230,574
Andir,113,450,15,695,1785,0,0,0,0,0,3,12,2,111,4,110,438,13,584,1781
Cicendo,92,15,12,440,603,0,0,0,0,0,8,12,0,44,19,84,3,12,396,584
Sukajadi,8,12,11,7,70,160,72,0,527,300,163,29,10,527,221,5,55,1,7,149
Cidadap,75,21,30,684,1472,0,0,0,0,0,0,0,0,0,0,75,21,30,684,1472
Bandung Wetan,130,38,29,687,1400,0,0,0,0,0,2,9,0,62,10,128,29,29,625,1390
Astana Anyar,87,52,5,556,723,0,48,10,300,100,7,2,1,159,137,80,98,14,697,686
Regol,163,136,31,1377,1626,47,0,0,0,0,109,22,0,67,47,101,114,31,1310,1579
Batununggal,75,51,11,643,895,0,0,0,0,0,7,2,0,86,55,68,49,11,557,840
Lengkong,156,48,27,261,1384,0,0,0,500,0,1,5,0,92,24,155,43,27,669,1360
Cibeunying Kidul,65,19,16,413,1130,0,0,0,0,0,9,3,6,71,27,56,16,10,342,1103
Bandung Kulon,86,26,22,400,1473,0,0,0,100,0,3,6,5,138,27,83,20,17,362,1446
Kiaracondong,74,24,18,432,851,0,0,0,0,0,5,6,1,102,11,69,18,17,330,840
Bojongloa Kidul,36,4,27,536,568,0,0,0,0,0,4,0,0,7,4,32,4,27,529,564
Cibeunying Kaler,83,0,29,522,544,0,0,0,0,0,6,0,6,41,136,77,0,23,481,408
Sumur Bandung,25,0,0,100,100,0,2,0,200,200,2,0,0,36,30,23,2,0,264,270
Antapani,128,87,29,514,1609,0,0,0,0,0,3,8,16,125,76,125,79,13,389,1533
Bandung Kidul,141,15,25,383,864,26,0,10,400,300,97,5,21,52,53,70,10,14,731,1111
Buahbatu,61,6,21,321,911,0,0,0,0,0,6,2,4,107,81,55,4,17,214,830
Rancasari,27,160,34,58,335,0,0,0,400,300,3,22,0,118,72,24,138,34,340,563
Arcamanik,144,173,8,243,365,0,0,0,0,0,3,49,0,82,12,141,124,8,161,353
Cibiru,78,175,20,732,606,0,144,10,200,100,2,106,1,204,111,76,213,29,728,595
Ujung Berung,1,1,9,326,342,0,0,0,0,0,1,1,2,37,6,0,0,7,289,336
Gedebage,32,36,8,255,892,0,0,0,0,0,32,5,0,19,0,0,31,8,236,892
Panyileukan,69,30,6,282,182,0,0,0,0,0,5,3,0,62,55,64,27,6,220,127
Cinambo,66,100,58,530,731,19,0,0,0,0,41,2,0,27,9,44,98,58,503,722
Mandalajati,183,129,28,815,1445,0,0,0,100,0,2,7,0,119,36,181,122,28,796,1409