lokasi,nama_komoditas,2016-07-01,2016-07-08,2016-07-15,2016-07-22,2016-07-29,2016-07-11,2016-07-12,2016-07-13,2016-07-14,2016-07-18,2016-07-19,2016-07-20,2016-07-21,2016-07-26,2016-07-27,2016-07-28,2016-07-31,,,,,
Pasar Kiaracondong,Beras Medium,10000,0,10000,10000,0,10000,10000,10000,10000,10000,10000,10000,10000,10000,10000,10000,10000,,,,,
Pasar Kiaracondong,Cabe Merah,70000,0,40000,30000,0,60000,40000,40000,0,0,30000,30000,30000,35000,40000,40000,40000,,,,,
Pasar Kiaracondong,Bawang Merah,34000,0,60000,40000,0,70000,60000,60000,60000,40000,40000,40000,40000,45000,48000,45000,45000,,,,,
Pasar Kiaracondong,Daging Ayam Ras,37000,0,35000,34000,0,42000,42000,42000,42000,34000,34000,34000,34000,34000,36000,34000,34000,,,,,
Pasar Kiaracondong,Telur Ayam Ras,20000,0,20000,20000,0,20000,0,20000,20000,21000,21000,21000,20000,21000,22000,22000,22000,,,,,
Pasar Kiaracondong,Daging Sapi,125000,0,125000,120000,0,125000,125000,125000,125000,125000,120000,120000,120000,120000,120000,120000,120000,,,,,
Pasar Kiaracondong,Minyak Goreng,15000,0,15000,15000,0,15000,0,15000,15000,15000,15000,15000,15000,15000,14500,15000,15000,,,,,
Pasar Kiaracondong,Gula Pasir,17000,0,17000,17000,0,17000,17000,17000,17000,17000,17000,17000,17000,17000,17000,16000,16000,,,,,
Pasar Kiaracondong,Kentang,20000,0,25000,18000,0,25000,25000,25000,0,18000,18000,18000,18000,20000,22000,20000,20000,,,,,
Pasar Kiaracondong,Kedelai,11000,0,10000,10000,0,10000,10000,10000,10000,10000,10000,10000,10000,10000,12000,10000,10000,,,,,
Pasar Kiaracondong,Tepung Terigu,7000,0,7000,7000,0,7000,7000,7000,7000,7000,7000,7000,0,7000,8000,7000,7000,,,,,
Pasar Kiaracondong,Bawang Putih,36000,0,50000,40000,0,50000,50000,50000,0,40000,40000,40000,40000,36000,70000,40000,40000,,,,,
Pasar Kiaracondong,Cabe Keriting,30000,0,50000,24000,0,40000,50000,50000,50000,24000,24000,24000,24000,30000,30000,30000,30000,,,,,
Pasar Kiaracondong,Cabe Rawit,30000,0,50000,40000,0,50000,50000,50000,50000,40000,40000,40000,40000,55000,50000,50000,50000,,,,,
Pasar Kiaracondong,Kacang Tanah,30000,0,30000,30000,0,30000,30000,30000,30000,30000,30000,30000,30000,30000,28000,30000,30000,,,,,
Pasar Kiaracondong,Ubi Kayu,5000,0,5000,5000,0,5000,5000,5000,5000,5000,5000,5000,5000,5000,4000,5000,5000,,,,,
Pasar Kiaracondong,Ubi Jalar,0,0,0,0,0,0,0,0,0,0,0,0,0,0,0,0,0,,,,,
Pasar Kiaracondong,Jagung,0,0,10000,8000,0,8000,10000,0,10000,8000,8000,8000,8000,8000,7000,8000,8000,,,,,
Pasar Kiaracondong,Ikan Olahan,60000,0,60000,60000,0,60000,60000,60000,60000,0,60000,60000,60000,60000,70000,60000,60000,,,,,
Pasar Kiaracondong,Beras Premium,0,0,0,0,0,0,0,0,0,0,0,0,0,0,0,0,0,,,,,
Pasar Kiaracondong,Minyak Goreng Curah,12000,0,12000,0,0,12000,12000,12000,12000,0,0,0,12000,12000,12000,11000,11000,,,,,
Pasar Kiaracondong,Daging Ayam Kampung,65000,0,75000,75000,0,75000,75000,75000,75000,75000,75000,75000,0,75000,75000,75000,75000,,,,,
Pasar Kiaracondong,Telur Ayam Kampung,0,0,45000,45000,0,45000,45000,45000,45000,45000,45000,45000,45000,45000,44000,45000,45000,,,,,
Pasar Kiaracondong,Susu Kental Manis Merk Bendera,11000,0,11000,11000,0,11000,11000,11000,11000,11000,11000,11000,11000,11000,10000,11000,11000,,,,,
Pasar Kiaracondong,Susu Kental Manis Merk Indomilk,10000,0,10000,10000,0,10000,10000,10000,10000,10000,10000,10000,10000,10000,9500,10000,10000,,,,,
Pasar Kiaracondong,Garam Beryodium Bata,1000,0,1000,1000,0,1000,1000,1000,1000,1000,1000,1000,1000,1000,1500,1000,1000,,,,,
Pasar Kiaracondong,Garam Beryodium Halus,6000,0,0,6000,0,6000,6000,6000,6000,6000,6000,6000,6000,6000,6000,6000,6000,,,,,
Pasar Kiaracondong,Tepung Terigu Cakra Kembar,8000,0,8000,8000,0,8000,8000,8000,8000,8000,8000,8000,8000,8000,8500,8000,8000,,,,,
Pasar Kiaracondong,Tepung Terigu Kunci,7500,0,7500,7500,0,7500,7500,7500,7500,75000,75000,75000,7500,0,7500,7500,7500,,,,,
Pasar Kiaracondong,Mie Instan,0,0,2500,2500,0,0,2500,2500,2500,2500,2500,2500,2500,2500,0,0,2500,,,,,
Pasar Kiaracondong,Cabe Rawit Hijau,20000,0,30000,30000,0,30000,30000,30000,30000,30000,30000,30000,30000,25000,30000,30000,30000,,,,,
Pasar Kiaracondong,Kacang Hijau,22000,0,22000,30000,0,22000,22000,22000,22000,22000,22000,22000,30000,22000,22000,22000,22000,,,,,
Pasar Kiaracondong,Susu Bubuk Dancow,38300,0,38300,38300,0,38300,38300,38300,38300,38300,38300,38300,0,38300,41200,38300,38300,,,,,
Pasar Kiaracondong,Susu Bubuk Indomilk,34950,0,34950,34950,0,34950,0,34950,34950,34950,34950,34950,34950,34950,36500,34950,34950,,,,,
Pasar Kiaracondong,Ikan Kembung,35000,0,35000,35000,0,35000,35000,35000,35000,35000,35000,35000,35000,35000,30000,35000,35000,,,,,
