lokasi,nama_komoditas,2014-05-01,2014-05-02,2014-05-03,2014-05-04,2014-05-05,2014-05-06,2014-05-07,2014-05-08,2014-05-09,2014-05-10,2014-05-11,2014-05-12,2014-05-13,2014-05-14,2014-05-15,2014-05-16,2014-05-17,2014-05-18,2014-05-19,2014-05-20,2014-05-21,2014-05-22,2014-05-23,2014-05-24,2014-05-25,2014-05-26,2014-05-27,2014-05-28,2014-05-29,2014-05-30,2014-05-31
"Pasar Sederhana","Beras Medium",9000,9000,0,9000,0,0,9000,9000,9000,9000,0,0,0,0,0,0,0,0,0,0,0,0,0,0,0,0,0,0,0,0,0
"Pasar Sederhana","Cabe Merah",22000,22000,0,22000,0,0,20000,20000,20000,20000,0,0,0,0,0,0,0,0,0,0,0,0,0,0,0,0,0,0,0,0,0
"Pasar Sederhana","Bawang Merah",18000,18000,0,18000,0,0,18000,18000,18000,18000,0,0,0,0,0,0,0,0,0,0,0,0,0,0,0,0,0,0,0,0,0
"Pasar Sederhana","Daging Ayam Ras",29000,29000,0,29000,0,0,29000,29000,29000,29000,0,0,0,0,0,0,0,0,0,0,0,0,0,0,0,0,0,0,0,0,0
"Pasar Sederhana","Telur Ayam Ras",16000,16000,0,16000,0,0,17000,17000,17000,17000,0,0,0,0,0,0,0,0,0,0,0,0,0,0,0,0,0,0,0,0,0
"Pasar Sederhana","Daging Sapi",98000,98000,0,98000,0,0,98000,98000,98000,98000,0,0,0,0,0,0,0,0,0,0,0,0,0,0,0,0,0,0,0,0,0
"Pasar Sederhana","Minyak Goreng",14000,14000,0,14000,0,0,14000,14000,14000,14000,0,0,0,0,0,0,0,0,0,0,0,0,0,0,0,0,0,0,0,0,0
"Pasar Sederhana","Gula Pasir",11000,11000,0,11000,0,0,11000,11000,11000,11000,0,0,0,0,0,0,0,0,0,0,0,0,0,0,0,0,0,0,0,0,0
"Pasar Sederhana",Kentang,11000,11000,0,11000,0,0,11000,11000,11000,11000,0,0,0,0,0,0,0,0,0,0,0,0,0,0,0,0,0,0,0,0,0
"Pasar Sederhana",Kedelai,12000,12000,0,12000,0,0,12000,12000,12000,12000,0,0,0,0,0,0,0,0,0,0,0,0,0,0,0,0,0,0,0,0,0
"Pasar Sederhana","Tepung Terigu",7500,7500,0,7500,0,0,7500,7500,7500,7500,0,0,0,0,0,0,0,0,0,0,0,0,0,0,0,0,0,0,0,0,0
"Pasar Sederhana","Bawang Putih",15000,15000,0,15000,0,0,16000,16000,16000,16000,0,0,0,0,0,0,0,0,0,0,0,0,0,0,0,0,0,0,0,0,0
"Pasar Sederhana","Cabe Keriting",20000,20000,0,20000,0,0,20000,20000,20000,20000,0,0,0,0,0,0,0,0,0,0,0,0,0,0,0,0,0,0,0,0,0
"Pasar Sederhana","Cabe Rawit",35000,35000,0,35000,0,0,28000,28000,28000,28000,0,0,0,0,0,0,0,0,0,0,0,0,0,0,0,0,0,0,0,0,0
"Pasar Sederhana","Kacang Tanah",18000,18000,0,18000,0,0,18000,18000,18000,18000,0,0,0,0,0,0,0,0,0,0,0,0,0,0,0,0,0,0,0,0,0
"Pasar Sederhana","Ubi Kayu",4000,4000,0,4000,0,0,4000,4000,4000,4000,0,0,0,0,0,0,0,0,0,0,0,0,0,0,0,0,0,0,0,0,0
"Pasar Sederhana","Ubi Jalar",0,0,0,0,0,0,0,0,0,0,0,0,0,0,0,0,0,0,0,0,0,0,0,0,0,0,0,0,0,0,0
"Pasar Sederhana",Jagung,7000,7000,0,7000,0,0,7000,7000,7000,7000,0,0,0,0,0,0,0,0,0,0,0,0,0,0,0,0,0,0,0,0,0
"Pasar Sederhana","Ikan Olahan",70000,70000,0,70000,0,0,70000,70000,70000,70000,0,0,0,0,0,0,0,0,0,0,0,0,0,0,0,0,0,0,0,0,0
"Pasar Sederhana","Beras Premium",0,0,0,0,0,0,0,0,0,0,0,0,0,0,0,0,0,0,0,0,0,0,0,0,0,0,0,0,0,0,0
"Pasar Sederhana","Minyak Goreng Curah",12000,12000,0,12000,0,0,12000,12000,12000,12000,0,0,0,0,0,0,0,0,0,0,0,0,0,0,0,0,0,0,0,0,0
"Pasar Sederhana","Daging Ayam Kampung",0,0,0,0,0,0,0,0,0,0,0,0,0,0,0,0,0,0,0,0,0,0,0,0,0,0,0,0,0,0,0
"Pasar Sederhana","Telur Ayam Kampung",48000,48000,0,48000,0,0,48000,48000,48000,48000,0,0,0,0,0,0,0,0,0,0,0,0,0,0,0,0,0,0,0,0,0
"Pasar Sederhana","Susu Kental Manis Merk Bendera",9500,9500,0,9500,0,0,10000,10000,10000,10000,0,0,0,0,0,0,0,0,0,0,0,0,0,0,0,0,0,0,0,0,0
"Pasar Sederhana","Susu Kental Manis Merk Indomilk",0,0,0,0,0,0,0,0,0,0,0,0,0,0,0,0,0,0,0,0,0,0,0,0,0,0,0,0,0,0,0
"Pasar Sederhana","Garam Beryodium Bata",900,900,0,900,0,0,900,900,900,900,0,0,0,0,0,0,0,0,0,0,0,0,0,0,0,0,0,0,0,0,0
"Pasar Sederhana","Garam Beryodium Halus",4000,4000,0,4000,0,0,4000,4000,4000,4000,0,0,0,0,0,0,0,0,0,0,0,0,0,0,0,0,0,0,0,0,0
"Pasar Sederhana","Tepung Terigu Cakra Kembar",8000,8000,0,8000,0,0,8000,8000,8000,8000,0,0,0,0,0,0,0,0,0,0,0,0,0,0,0,0,0,0,0,0,0
"Pasar Sederhana","Tepung Terigu Kunci",7500,7500,0,7500,0,0,7500,7500,7500,7500,0,0,0,0,0,0,0,0,0,0,0,0,0,0,0,0,0,0,0,0,0
"Pasar Sederhana","Mie Instan",0,0,0,0,0,0,0,0,0,0,0,0,0,0,0,0,0,0,0,0,0,0,0,0,0,0,0,0,0,0,0
"Pasar Sederhana","Cabe Rawit Hijau",30000,30000,0,30000,0,0,20000,20000,20000,20000,0,0,0,0,0,0,0,0,0,0,0,0,0,0,0,0,0,0,0,0,0
"Pasar Sederhana","Kacang Hijau",0,0,0,0,0,0,0,0,0,0,0,0,0,0,0,0,0,0,0,0,0,0,0,0,0,0,0,0,0,0,0
"Pasar Sederhana","Susu Bubuk Dancow",0,0,0,0,0,0,0,0,0,0,0,0,0,0,0,0,0,0,0,0,0,0,0,0,0,0,0,0,0,0,0
"Pasar Sederhana","Susu Bubuk Indomilk",0,0,0,0,0,0,0,0,0,0,0,0,0,0,0,0,0,0,0,0,0,0,0,0,0,0,0,0,0,0,0
"Pasar Sederhana","Ikan Kembung",0,0,0,0,0,0,0,0,0,0,0,0,0,0,0,0,0,0,0,0,0,0,0,0,0,0,0,0,0,0,0
