lokasi,nama_komoditas,2015-05-01,2015-05-02,2015-05-03,2015-05-04,2015-05-05,2015-05-06,2015-05-07,2015-05-08,2015-05-09,2015-05-10,2015-05-11,2015-05-12,2015-05-13,2015-05-14,2015-05-15,2015-05-16,2015-05-17,2015-05-18,2015-05-19,2015-05-20,2015-05-21,2015-05-22,2015-05-23,2015-05-24,2015-05-25,2015-05-26,2015-05-27,2015-05-28,2015-05-29,2015-05-30,2015-05-31
"Pasar Sederhana","Beras Medium",0,0,0,10000,10000,9000,9000,10000,0,0,10000,10000,10000,0,10000,0,0,10000,10000,10000,10000,10000,0,0,10000,10000,10000,10000,10000,0,0
"Pasar Sederhana","Cabe Merah",0,0,0,28000,24000,30000,30000,28000,0,0,35000,35000,35000,0,35000,0,0,35000,35000,35000,35000,35000,0,0,40000,40000,40000,40000,40000,0,0
"Pasar Sederhana","Bawang Merah",0,0,0,28000,30000,26000,26000,28000,0,0,28000,28000,28000,0,28000,0,0,30000,30000,30000,30000,30000,0,0,30000,30000,30000,30000,30000,0,0
"Pasar Sederhana","Daging Ayam Ras",0,0,0,29000,28000,28000,28000,29000,0,0,30000,28000,30000,0,30000,0,0,32000,32000,32000,32000,32000,0,0,32000,32000,32000,32000,32000,0,0
"Pasar Sederhana","Telur Ayam Ras",0,0,0,20000,19000,19000,19000,20000,0,0,20000,20000,20000,0,20000,0,0,20000,20000,20000,20000,20000,0,0,21000,21000,21000,21000,21000,0,0
"Pasar Sederhana","Daging Sapi",0,0,0,100000,100000,96000,96000,100000,0,0,100000,100000,100000,0,100000,0,0,100000,100000,100000,100000,100000,0,0,100000,100000,100000,100000,100000,0,0
"Pasar Sederhana","Minyak Goreng",0,0,0,14500,14500,15000,15000,14500,0,0,14500,14500,14500,0,14500,0,0,14500,14500,14500,14500,14500,0,0,14500,14500,14500,14500,14500,0,0
"Pasar Sederhana","Gula Pasir",0,0,0,12500,12500,13000,13000,12000,0,0,12000,12000,12000,0,12000,0,0,12000,12000,12000,12000,12000,0,0,12000,12000,12000,12000,12000,0,0
"Pasar Sederhana",Kentang,0,0,0,10000,11000,10000,10000,10000,0,0,10000,10000,10000,0,10000,0,0,10000,10000,10000,10000,10000,0,0,10000,10000,10000,10000,10000,0,0
"Pasar Sederhana",Kedelai,0,0,0,12000,12000,12000,12000,12000,0,0,12000,12000,12000,0,12000,0,0,12000,12000,12000,12000,12000,0,0,12000,12000,12000,12000,12000,0,0
"Pasar Sederhana","Tepung Terigu",0,0,0,8000,8000,7000,7000,8000,0,0,8000,8000,8000,0,8000,0,0,8000,8000,8000,8000,8000,0,0,8000,8000,8000,8000,8000,0,0
"Pasar Sederhana","Bawang Putih",0,0,0,20000,18000,20000,20000,20000,0,0,20000,20000,20000,0,20000,0,0,20000,20000,20000,20000,20000,0,0,20000,20000,20000,20000,20000,0,0
"Pasar Sederhana","Cabe Keriting",0,0,0,26000,20000,30000,30000,26000,0,0,30000,30000,30000,0,30000,0,0,30000,30000,30000,30000,30000,0,0,25000,25000,25000,25000,25000,0,0
"Pasar Sederhana","Cabe Rawit",0,0,0,30000,30000,30000,30000,30000,0,0,40000,40000,40000,0,40000,0,0,35000,35000,35000,35000,35000,0,0,35000,35000,35000,35000,35000,0,0
"Pasar Sederhana","Kacang Tanah",0,0,0,22000,24000,23000,23000,22000,0,0,22000,22000,22000,0,22000,0,0,22000,22000,22000,22000,22000,0,0,22000,22000,22000,22000,22000,0,0
"Pasar Sederhana","Ubi Kayu",0,0,0,4000,4000,3000,3000,4000,0,0,4000,4000,4000,0,4000,0,0,4000,4000,4000,4000,4000,0,0,4000,4000,4000,4000,4000,0,0
"Pasar Sederhana","Ubi Jalar",0,0,0,0,0,0,0,0,0,0,0,0,0,0,0,0,0,0,0,0,0,0,0,0,0,0,0,0,0,0,0
"Pasar Sederhana",Jagung,0,0,0,7000,7000,8000,8000,7000,0,0,7000,7000,7000,0,7000,0,0,7000,7000,7000,7000,7000,0,0,7000,7000,7000,7000,7000,0,0
"Pasar Sederhana","Ikan Olahan",0,0,0,70000,70000,50000,50000,70000,0,0,70000,70000,70000,0,70000,0,0,70000,70000,70000,70000,70000,0,0,70000,70000,70000,70000,70000,0,0
"Pasar Sederhana","Beras Premium",0,0,0,0,0,0,0,0,0,0,0,0,0,0,0,0,0,0,0,0,0,0,0,0,0,0,0,0,0,0,0
"Pasar Sederhana","Minyak Goreng Curah",0,0,0,12000,11000,11000,11000,12000,0,0,12000,12000,12000,0,12000,0,0,12000,12000,12000,12000,12000,0,0,12000,12000,12000,12000,12000,0,0
"Pasar Sederhana","Daging Ayam Kampung",0,0,0,55000,55000,50000,50000,55000,0,0,55000,55000,55000,0,55000,0,0,55000,55000,55000,55000,55000,0,0,55000,55000,55000,55000,55000,0,0
"Pasar Sederhana","Telur Ayam Kampung",0,0,0,44000,45000,45000,45000,44000,0,0,44000,44000,44000,0,44000,0,0,44000,44000,44000,44000,44000,0,0,44000,44000,44000,44000,44000,0,0
"Pasar Sederhana","Susu Kental Manis Merk Bendera",0,0,0,9500,9500,10000,10000,9500,0,0,9500,9500,9500,0,9500,0,0,9500,9500,9500,9500,9500,0,0,9500,9500,9500,9500,9500,0,0
"Pasar Sederhana","Susu Kental Manis Merk Indomilk",0,0,0,10000,10000,9000,9000,10000,0,0,10000,10000,10000,0,10000,0,0,10000,10000,10000,10000,10000,0,0,10000,10000,10000,10000,10000,0,0
"Pasar Sederhana","Garam Beryodium Bata",0,0,0,1000,1000,1000,1000,1000,0,0,1000,1000,1000,0,1000,0,0,1000,1000,1000,1000,1000,0,0,1000,1000,1000,1000,1000,0,0
"Pasar Sederhana","Garam Beryodium Halus",0,0,0,4000,4000,3300,3300,4000,0,0,4000,4000,4000,0,4000,0,0,4000,4000,4000,4000,4000,0,0,4000,4000,4000,4000,4000,0,0
"Pasar Sederhana","Tepung Terigu Cakra Kembar",0,0,0,8500,8500,8000,8000,8500,0,0,8500,8500,8500,0,8500,0,0,8500,8500,8500,8500,8500,0,0,8500,8500,8500,8500,8500,0,0
"Pasar Sederhana","Tepung Terigu Kunci",0,0,0,7500,7500,7500,7500,7500,0,0,7500,7500,7500,0,7500,0,0,7500,7500,7500,7500,7500,0,0,7500,7500,7500,7500,7500,0,0
"Pasar Sederhana","Mie Instan",0,0,0,2000,2000,2000,2000,2000,0,0,2000,2000,2000,0,2000,0,0,2000,2000,2000,2000,2000,0,0,2000,2000,2000,2000,2000,0,0
"Pasar Sederhana","Cabe Rawit Hijau",0,0,0,20000,20000,20000,20000,20000,0,0,25000,25000,25000,0,25000,0,0,25000,25000,25000,25000,25000,0,0,25000,25000,25000,25000,25000,0,0
"Pasar Sederhana","Kacang Hijau",0,0,0,20000,22000,22000,22000,20000,0,0,20000,20000,20000,0,20000,0,0,20000,20000,20000,20000,20000,0,0,20000,20000,20000,20000,20000,0,0
"Pasar Sederhana","Susu Bubuk Dancow",0,0,0,34750,34750,38300,38300,34750,0,0,34750,34750,34750,0,34750,0,0,34750,34750,34750,34750,34750,0,0,34750,34750,34750,34750,34750,0,0
"Pasar Sederhana","Susu Bubuk Indomilk",0,0,0,31250,31250,32450,32450,31250,0,0,31250,31250,31250,0,31250,0,0,31250,31250,31250,31250,31250,0,0,31250,31250,31250,31250,31250,0,0
"Pasar Sederhana","Ikan Kembung",0,0,0,30000,30000,32000,32000,30000,0,0,30000,30000,30000,0,30000,0,0,30000,30000,30000,30000,30000,0,0,30000,30000,30000,30000,30000,0,0
