lokasi,nama_komoditas,2018-12-01,2018-12-02,2018-12-03,2018-12-04,2018-12-05,2018-12-06,2018-12-07,2018-12-08,2018-12-09,2018-12-10,2018-12-11,2018-12-12,2018-12-13,2018-12-14,2018-12-15,2018-12-16,2018-12-17,2018-12-18,2018-12-19,2018-12-20,2018-12-21,2018-12-22,2018-12-23,2018-12-24,2018-12-25,2018-12-26,2018-12-27,2018-12-28,2018-12-29,2018-12-30,2018-12-31
"Pasar Andir","Beras Medium",0,0,11000,0,11000,11000,11000,0,0,11000,0,11000,11000,0,0,0,11000,11000,11000,11000,0,0,0,0,0,0,11000,11000,0,0,0
"Pasar Andir","Cabe Merah",0,0,30000,0,30000,30000,30000,0,0,35000,0,35000,28000,0,0,0,33000,33000,33000,33000,0,0,0,0,0,0,33000,33000,0,0,0
"Pasar Andir","Bawang Merah",0,0,24000,0,25000,25000,26000,0,0,25000,0,25000,25000,0,0,0,25000,25000,25000,25000,0,0,0,0,0,0,30000,30000,0,0,0
"Pasar Andir","Daging Ayam Ras",0,0,35000,0,35000,35000,35000,0,0,36000,0,36000,36000,0,0,0,36000,36000,38000,38000,0,0,0,0,0,0,39000,39000,0,0,0
"Pasar Andir","Telur Ayam Ras",0,0,25000,0,25000,25000,25000,0,0,25500,0,25500,25500,0,0,0,25500,25500,25500,25500,0,0,0,0,0,0,26000,27000,0,0,0
"Pasar Andir","Daging Sapi",0,0,115000,0,115000,115000,115000,0,0,115000,0,115000,115000,0,0,0,115000,115000,115000,115000,0,0,0,0,0,0,115000,115000,0,0,0
"Pasar Andir","Minyak Goreng",0,0,14500,0,14500,14500,14500,0,0,14500,0,14500,14500,0,0,0,14500,14500,14500,14500,0,0,0,0,0,0,14500,14500,0,0,0
"Pasar Andir","Gula Pasir",0,0,12500,0,12500,12500,12500,0,0,12500,0,12500,12500,0,0,0,12500,12500,12500,12500,0,0,0,0,0,0,12500,12500,0,0,0
"Pasar Andir",Kentang,0,0,13000,0,13000,13000,13000,0,0,13000,0,13000,13000,0,0,0,13000,13000,13000,13000,0,0,0,0,0,0,13000,13000,0,0,0
"Pasar Andir",Kedelai,0,0,11000,0,11000,11000,11000,0,0,11000,0,11000,11000,0,0,0,11000,11000,11000,11000,0,0,0,0,0,0,11000,11000,0,0,0
"Pasar Andir","Tepung Terigu",0,0,7500,0,7500,7500,7500,0,0,7500,0,7500,7500,0,0,0,7500,7500,7500,7500,0,0,0,0,0,0,7500,7500,0,0,0
"Pasar Andir","Bawang Putih",0,0,24000,0,24000,24000,24000,0,0,24000,0,24000,24000,0,0,0,24000,24000,24000,24000,0,0,0,0,0,0,24000,24000,0,0,0
"Pasar Andir","Cabe Keriting",0,0,25000,0,25000,25000,25000,0,0,30000,0,30000,25000,0,0,0,25000,25000,25000,25000,0,0,0,0,0,0,25000,25000,0,0,0
"Pasar Andir","Cabe Rawit",0,0,30000,0,30000,30000,30000,0,0,30000,0,30000,30000,0,0,0,30000,30000,30000,30000,0,0,0,0,0,0,55000,60000,0,0,0
"Pasar Andir","Kacang Tanah",0,0,27000,0,27000,27000,27000,0,0,27000,0,27000,27000,0,0,0,27000,27000,27000,27000,0,0,0,0,0,0,27000,27000,0,0,0
"Pasar Andir","Ubi Kayu",0,0,3000,0,3000,3000,3000,0,0,3000,0,3000,3000,0,0,0,3000,3000,3000,3000,0,0,0,0,0,0,3000,3000,0,0,0
"Pasar Andir","Ubi Jalar",0,0,0,0,0,0,0,0,0,0,0,0,0,0,0,0,0,0,0,0,0,0,0,0,0,0,0,0,0,0,0
"Pasar Andir",Jagung,0,0,10000,0,10000,10000,10000,0,0,10000,0,10000,10000,0,0,0,10000,10000,10000,10000,0,0,0,0,0,0,10000,10000,0,0,0
"Pasar Andir","Ikan Olahan",0,0,70000,0,70000,70000,70000,0,0,70000,0,70000,70000,0,0,0,70000,70000,70000,70000,0,0,0,0,0,0,70000,70000,0,0,0
"Pasar Andir","Beras Premium",0,0,0,0,0,0,0,0,0,0,0,0,0,0,0,0,0,0,0,0,0,0,0,0,0,0,0,0,0,0,0
"Pasar Andir","Minyak Goreng Curah",0,0,11500,0,11500,11500,11500,0,0,11500,0,11500,11500,0,0,0,11500,11500,11500,11500,0,0,0,0,0,0,11500,11500,0,0,0
"Pasar Andir","Daging Ayam Kampung",0,0,75000,0,75000,75000,75000,0,0,75000,0,75000,75000,0,0,0,75000,75000,75000,75000,0,0,0,0,0,0,75000,75000,0,0,0
"Pasar Andir","Telur Ayam Kampung",0,0,45000,0,45000,45000,45000,0,0,45000,0,45000,45000,0,0,0,45000,45000,45000,45000,0,0,0,0,0,0,45000,45000,0,0,0
"Pasar Andir","Susu Kental Manis Merk Bendera",0,0,9500,0,9500,9500,9500,0,0,9500,0,9500,9500,0,0,0,9500,9500,9500,9500,0,0,0,0,0,0,9500,9500,0,0,0
"Pasar Andir","Susu Kental Manis Merk Indomilk",0,0,9000,0,9000,9000,9000,0,0,9000,0,9000,9000,0,0,0,9000,9000,9000,9000,0,0,0,0,0,0,9000,9000,0,0,0
"Pasar Andir","Garam Beryodium Bata",0,0,2000,0,2000,2000,2000,0,0,2000,0,2000,2000,0,0,0,2000,2000,2000,2000,0,0,0,0,0,0,2000,2000,0,0,0
"Pasar Andir","Garam Beryodium Halus",0,0,8000,0,8000,8000,8000,0,0,8000,0,8000,8000,0,0,0,8000,8000,8000,8000,0,0,0,0,0,0,8000,8000,0,0,0
"Pasar Andir","Tepung Terigu Cakra Kembar",0,0,7500,0,7500,7500,7500,0,0,7500,0,7500,7500,0,0,0,7500,7500,7500,7500,0,0,0,0,0,0,7500,7500,0,0,0
"Pasar Andir","Tepung Terigu Kunci",0,0,7000,0,7000,7000,7000,0,0,7000,0,7000,7000,0,0,0,7000,7000,7000,7000,0,0,0,0,0,0,7000,7000,0,0,0
"Pasar Andir","Mie Instan",0,0,2000,0,2000,2000,2000,0,0,2000,0,2000,2000,0,0,0,2000,2000,2000,2000,0,0,0,0,0,0,2000,2000,0,0,0
"Pasar Andir","Cabe Rawit Hijau",0,0,20000,0,20000,20000,20000,0,0,20000,0,20000,20000,0,0,0,20000,20000,25000,25000,0,0,0,0,0,0,25000,25000,0,0,0
"Pasar Andir","Kacang Hijau",0,0,20000,0,20000,20000,20000,0,0,20000,0,20000,20000,0,0,0,20000,20000,20000,20000,0,0,0,0,0,0,20000,20000,0,0,0
"Pasar Andir","Susu Bubuk Dancow",0,0,35000,0,35000,35000,35000,0,0,35000,0,35000,35000,0,0,0,35000,35000,35000,35000,0,0,0,0,0,0,35000,35000,0,0,0
"Pasar Andir","Susu Bubuk Indomilk",0,0,32000,0,32000,32000,32000,0,0,32000,0,32000,32000,0,0,0,32000,32000,32000,32000,0,0,0,0,0,0,32000,32000,0,0,0
"Pasar Andir","Ikan Kembung",0,0,35000,0,35000,35000,35000,0,0,35000,0,35000,35000,0,0,0,35000,35000,35000,35000,0,0,0,0,0,0,35000,35000,0,0,0
