lokasi,nama_komoditas,2018-01-01,2018-01-02,2018-01-03,2018-01-04,2018-01-05,2018-01-06,2018-01-07,2018-01-08,2018-01-09,2018-01-10,2018-01-11,2018-01-12,2018-01-13,2018-01-14,2018-01-15,2018-01-16,2018-01-17,2018-01-18,2018-01-19,2018-01-20,2018-01-21,2018-01-22,2018-01-23,2018-01-24,2018-01-25,2018-01-26,2018-01-27,2018-01-28,2018-01-29,2018-01-30,2018-01-31
"Pasar Baru","Beras Medium",0,11000,11000,11000,11000,0,0,11000,11000,11000,12000,12000,0,0,13000,13000,13000,13000,13000,0,0,13000,13000,13000,13000,13000,0,0,12500,12500,12500
"Pasar Baru","Cabe Merah",0,50000,50000,50000,50000,0,0,50000,50000,50000,40000,40000,0,0,40000,40000,40000,40000,40000,0,0,40000,40000,40000,40000,40000,0,0,40000,40000,40000
"Pasar Baru","Bawang Merah",0,30000,30000,30000,30000,0,0,30000,30000,30000,25000,25000,0,0,30000,30000,30000,30000,30000,0,0,30000,30000,30000,30000,30000,0,0,30000,30000,30000
"Pasar Baru","Daging Ayam Ras",0,35000,35000,35000,35000,0,0,35000,35000,35000,35000,35000,0,0,35000,35000,38000,38000,40000,0,0,36000,36000,36000,36000,36000,0,0,36000,36000,36000
"Pasar Baru","Telur Ayam Ras",0,26000,26000,26000,26000,0,0,26000,26000,26000,24000,24000,0,0,24000,24000,24000,24000,24000,0,0,25000,25000,25000,25000,25000,0,0,24000,24000,24000
"Pasar Baru","Daging Sapi",0,120000,0,0,120000,0,0,0,120000,120000,120000,120000,0,0,120000,120000,120000,120000,120000,0,0,120000,120000,120000,0,120000,0,0,120000,120000,120000
"Pasar Baru","Minyak Goreng",0,15000,15000,15000,15000,0,0,15000,15000,15000,15000,15000,0,0,15000,15000,15000,15000,15000,0,0,15000,15000,15000,15000,15000,0,0,15000,15000,15000
"Pasar Baru","Gula Pasir",0,13000,13000,13000,13000,0,0,12500,12500,12500,12500,12500,0,0,12500,12500,12500,12500,12500,0,0,12500,12500,12500,12500,12500,0,0,12500,12500,12500
"Pasar Baru",Kentang,0,17000,17000,17000,17000,0,0,17000,17000,17000,17000,17000,0,0,17000,17000,17000,17000,17000,0,0,18000,18000,18000,18000,18000,0,0,17000,17000,17000
"Pasar Baru",Kedelai,0,11000,11000,11000,11000,0,0,11000,11000,11000,11000,11000,0,0,11000,11000,11000,11000,11000,0,0,11000,11000,11000,11000,11000,0,0,11000,11000,11000
"Pasar Baru","Tepung Terigu",0,7500,75000,7500,7500,0,0,7500,7500,7500,7500,7500,0,0,7500,7500,7500,7500,7400,0,0,7500,7450,7400,7400,7400,0,0,7500,7500,7500
"Pasar Baru","Bawang Putih",0,22000,22000,22000,30000,0,0,30000,26000,30000,24000,24000,0,0,24000,24000,24000,24000,24000,0,0,30000,30000,24000,24000,24000,0,0,24000,30000,30000
"Pasar Baru","Cabe Keriting",0,45000,45000,45000,45000,0,0,40000,40000,40000,40000,40000,0,0,40000,40000,40000,40000,40000,0,0,50000,50000,50000,50000,50000,0,0,50000,50000,50000
"Pasar Baru","Cabe Rawit",0,60000,60000,60000,60000,0,0,60000,60000,60000,60000,60000,0,0,60000,60000,60000,60000,60000,0,0,60000,60000,60000,60000,60000,0,0,60000,60000,60000
"Pasar Baru","Kacang Tanah",0,28000,28000,28000,28000,0,0,28000,28000,28000,28000,28000,0,0,28000,28000,28000,28000,28000,0,0,28000,28000,28000,28000,28000,0,0,28000,28000,28000
"Pasar Baru","Ubi Kayu",0,3000,3000,3000,3000,0,0,3000,3000,3000,3000,3000,0,0,3000,3000,3000,3000,3000,0,0,3000,3000,3000,3000,3000,0,0,3000,3000,3000
"Pasar Baru","Ubi Jalar",0,0,0,0,0,0,0,0,0,0,0,0,0,0,0,0,0,0,0,0,0,0,0,0,0,0,0,0,0,0,0
"Pasar Baru",Jagung,0,10000,10000,10000,10000,0,0,10000,10000,10000,10000,10000,0,0,10000,10000,10000,10000,10000,0,0,10000,10000,10000,10000,10000,0,0,10000,10000,10000
"Pasar Baru","Ikan Olahan",0,70000,70000,70000,70000,0,0,70000,70000,70000,70000,70000,0,0,70000,70000,70000,70000,70000,0,0,70000,70000,70000,70000,70000,0,0,70000,70000,70000
"Pasar Baru","Beras Premium",0,0,0,0,0,0,0,0,0,0,0,0,0,0,0,0,0,0,0,0,0,0,0,0,0,0,0,0,0,0,0
"Pasar Baru","Minyak Goreng Curah",0,12000,12000,12000,12000,0,0,12000,12000,12000,12000,12000,0,0,12000,12000,12000,12000,12000,0,0,12000,12000,12000,12000,12000,0,0,12000,12000,12000
"Pasar Baru","Daging Ayam Kampung",0,75000,75000,75000,75000,0,0,75000,75000,75000,75000,75000,0,0,75000,75000,75000,75000,75000,0,0,75000,75000,75000,75000,75000,0,0,75000,75000,75000
"Pasar Baru","Telur Ayam Kampung",0,45000,45000,45000,45000,0,0,45000,45000,45000,45000,45000,0,0,45000,45000,45000,45000,45000,0,0,54000,54000,54000,54000,54000,0,0,54000,54000,54000
"Pasar Baru","Susu Kental Manis Merk Bendera",0,11000,11000,11000,11000,0,0,11000,11000,11000,11000,11000,0,0,11000,11000,11000,11000,11000,0,0,11000,11000,11000,11000,11000,0,0,11000,11000,11000
"Pasar Baru","Susu Kental Manis Merk Indomilk",0,9500,9500,9500,9500,0,0,9500,9500,9500,9500,9500,0,0,9500,9500,9500,9500,9500,0,0,9500,9500,9500,9500,9500,0,0,9500,9500,9500
"Pasar Baru","Garam Beryodium Bata",0,3000,3000,3000,3000,0,0,3000,3000,3000,3000,3000,0,0,3000,3000,3000,3000,3000,0,0,3000,3000,3000,3000,3000,0,0,3000,3000,3000
"Pasar Baru","Garam Beryodium Halus",0,12000,12000,12000,12000,0,0,12000,12000,12000,12000,12000,0,0,12000,12000,12000,12000,12000,0,0,12000,12000,12000,12000,12000,0,0,12000,12000,12000
"Pasar Baru","Tepung Terigu Cakra Kembar",0,0,8000,80000,8000,0,0,8000,8000,8000,8000,8000,0,0,8000,8000,8000,8000,8000,0,0,8000,8000,8000,8000,0,0,0,0,8000,8000
"Pasar Baru","Tepung Terigu Kunci",0,7500,7500,7500,7500,0,0,7500,7500,7500,7500,7500,0,0,7500,7500,7500,7500,7500,0,0,7500,7500,7500,7500,7500,0,0,7500,7500,7500
"Pasar Baru","Mie Instan",0,2500,2500,2500,2500,0,0,2500,2500,2500,2500,2500,0,0,2500,2500,2500,2500,2500,0,0,2500,2500,2500,2500,2500,0,0,2500,2500,2500
"Pasar Baru","Cabe Rawit Hijau",0,40000,40000,40000,50000,0,0,40000,40000,40000,50000,50000,0,0,50000,50000,50000,50000,50000,0,0,50000,50000,50000,50000,50000,0,0,40000,40000,40000
"Pasar Baru","Kacang Hijau",0,22000,22000,22000,22000,0,0,22000,22000,22000,22000,22000,0,0,22000,22000,22000,22000,22000,0,0,22000,22000,22000,22000,22000,0,0,22000,22000,22000
"Pasar Baru","Susu Bubuk Dancow",0,36000,36000,36000,36000,0,0,36000,36000,36000,36000,36000,0,0,36000,36000,36000,36000,36000,0,0,36000,36000,36000,36000,36000,0,0,36000,36000,36000
"Pasar Baru","Susu Bubuk Indomilk",0,33500,33500,33500,33500,0,0,33500,33500,33500,33500,33500,0,0,33500,33500,33500,33500,33500,0,0,33500,33500,33500,33500,33500,0,0,33500,33500,33500
"Pasar Baru","Ikan Kembung",0,40000,40000,40000,40000,0,0,40000,40000,40000,40000,40000,0,0,40000,40000,40000,40000,40000,0,0,40000,40000,40000,40000,40000,0,0,40000,40000,40000
