lokasi,nama_komoditas,2017-08-01,2017-08-02,2017-08-03,2017-08-04,2017-08-05,2017-08-06,2017-08-07,2017-08-08,2017-08-09,2017-08-10,2017-08-11,2017-08-12,2017-08-13,2017-08-14,2017-08-15,2017-08-16,2017-08-17,2017-08-18,2017-08-19,2017-08-20,2017-08-21,2017-08-22,2017-08-23,2017-08-24,2017-08-25,2017-08-26,2017-08-27,2017-08-28,2017-08-29,2017-08-30,2017-08-31
"Pasar Sederhana","Beras Medium",10000,10000,10000,10000,0,0,0,0,10000,10000,10000,0,0,10000,10000,10000,0,10000,0,0,10000,10000,0,10000,10000,0,0,10000,10000,10000,10000
"Pasar Sederhana","Cabe Merah",30000,30000,30000,30000,0,0,0,0,40000,40000,40000,0,0,40000,40000,40000,0,40000,0,0,30000,30000,0,30000,30000,0,0,30000,30000,30000,55000
"Pasar Sederhana","Bawang Merah",32000,32000,32000,32000,0,0,0,0,32000,32000,32000,0,0,30000,30000,30000,0,30000,0,0,28000,28000,0,28000,28000,0,0,28000,28000,28000,28000
"Pasar Sederhana","Daging Ayam Ras",34000,34000,34000,34000,0,0,0,0,33000,33000,33000,0,0,33000,33000,33000,0,33000,0,0,33000,33000,0,33000,33000,0,0,33000,33000,33000,35000
"Pasar Sederhana","Telur Ayam Ras",24000,24000,24000,24000,0,0,0,0,23000,23000,23000,0,0,23000,21500,21500,0,21500,0,0,21000,21000,0,21000,21000,0,0,21000,21000,21000,21000
"Pasar Sederhana","Daging Sapi",120000,120000,120000,120000,0,0,0,0,120000,120000,120000,0,0,120000,120000,120000,0,120000,0,0,120000,120000,0,120000,120000,0,0,120000,120000,120000,120000
"Pasar Sederhana","Minyak Goreng",14000,14000,14000,14000,0,0,0,0,14000,14000,14000,0,0,14000,14000,14000,0,14000,0,0,14000,14000,0,14000,14000,0,0,14000,14000,14000,14000
"Pasar Sederhana","Gula Pasir",13500,13500,13500,13500,0,0,0,0,13500,13500,13500,0,0,13500,13500,13500,0,13500,0,0,13500,13500,0,13500,13500,0,0,13500,13500,13500,13500
"Pasar Sederhana",Kentang,0,0,17000,0,0,0,0,0,16000,16000,0,0,0,0,0,0,0,0,0,0,0,0,0,0,0,0,0,0,16000,16000,16000
"Pasar Sederhana",Kedelai,12000,12000,12000,12000,0,0,0,0,12000,12000,12000,0,0,12000,12000,12000,0,12000,0,0,12000,12000,0,12000,12000,0,0,12000,12000,12000,12000
"Pasar Sederhana","Tepung Terigu",7500,7500,7500,7500,0,0,0,0,7500,7500,7500,0,0,7500,7500,7500,0,7500,0,0,7500,7500,0,7500,7500,0,0,7500,7500,7500,7500
"Pasar Sederhana","Bawang Putih",32000,32000,32000,32000,0,0,0,0,32000,32000,32000,0,0,35000,35000,35000,0,35000,0,0,30000,30000,0,30000,30000,0,0,30000,30000,30000,30000
"Pasar Sederhana","Cabe Keriting",28000,28000,28000,28000,0,0,0,0,28000,28000,28000,0,0,28000,28000,28000,0,28000,0,0,30000,30000,0,30000,30000,0,0,30000,30000,30000,30000
"Pasar Sederhana","Cabe Rawit",40000,40000,40000,40000,0,0,0,0,40000,40000,40000,0,0,40000,40000,40000,0,40000,0,0,30000,30000,0,30000,30000,0,0,30000,30000,30000,35000
"Pasar Sederhana","Kacang Tanah",28000,28000,28000,28000,0,0,0,0,28000,28000,28000,0,0,28000,28000,28000,0,28000,0,0,28000,28000,0,28000,28000,0,0,28000,28000,28000,28000
"Pasar Sederhana","Ubi Kayu",4000,4000,4000,4000,0,0,0,0,4000,4000,4000,0,0,4000,4000,4000,0,4000,0,0,4000,4000,0,4000,4000,0,0,4000,4000,5000,5000
"Pasar Sederhana","Ubi Jalar",0,0,0,0,0,0,0,0,0,0,0,0,0,0,0,0,0,0,0,0,0,0,0,0,0,0,0,0,0,0,0
"Pasar Sederhana",Jagung,10000,10000,10000,10000,0,0,0,0,10000,10000,10000,0,0,10000,10000,10000,0,10000,0,0,10000,10000,0,10000,10000,0,0,10000,10000,10000,10000
"Pasar Sederhana","Ikan Olahan",70000,70000,70000,70000,0,0,0,0,70000,70000,70000,0,0,70000,70000,70000,0,70000,0,0,70000,70000,0,70000,70000,0,0,70000,70000,70000,70000
"Pasar Sederhana","Beras Premium",0,0,0,0,0,0,0,0,0,0,0,0,0,0,0,0,0,0,0,0,0,0,0,0,0,0,0,0,0,0,0
"Pasar Sederhana","Minyak Goreng Curah",12500,12500,12500,12500,0,0,0,0,12500,12500,12500,0,0,12500,12500,12500,0,12500,0,0,12500,12500,0,12500,12500,0,0,12500,12500,12500,12500
"Pasar Sederhana","Daging Ayam Kampung",80000,80000,80000,80000,0,0,0,0,80000,80000,80000,0,0,80000,80000,80000,0,80000,0,0,80000,80000,0,80000,80000,0,0,80000,80000,80000,80000
"Pasar Sederhana","Telur Ayam Kampung",44000,44000,44000,44000,0,0,0,0,44000,44000,44000,0,0,44000,44000,44000,0,44000,0,0,44000,44000,0,44000,44000,0,0,44000,44000,44000,44000
"Pasar Sederhana","Susu Kental Manis Merk Bendera",10000,10000,10000,10000,0,0,0,0,10000,10000,10000,0,0,10000,10000,10000,0,10000,0,0,10000,10000,0,10000,10000,0,0,10000,10000,10000,10000
"Pasar Sederhana","Susu Kental Manis Merk Indomilk",9500,9500,9500,9500,0,0,0,0,9500,9500,9500,0,0,9500,9500,9500,0,9500,0,0,9500,9500,0,9500,9500,0,0,9500,9500,9500,9500
"Pasar Sederhana","Garam Beryodium Bata",2500,2500,2500,2500,0,0,0,0,2500,2500,2500,0,0,2500,2500,2500,0,2500,0,0,2500,2500,0,2500,2500,0,0,2500,2500,2500,2500
"Pasar Sederhana","Garam Beryodium Halus",12000,12000,0,12000,0,0,0,0,0,12000,12000,0,0,12000,12000,12000,0,12000,0,0,12000,12000,0,12000,12000,0,0,12000,0,0,0
"Pasar Sederhana","Tepung Terigu Cakra Kembar",8000,8000,8000,8000,0,0,0,0,8000,8000,8000,0,0,8000,8000,8000,0,8000,0,0,8000,8000,0,8000,8000,0,0,8000,8000,8000,8000
"Pasar Sederhana","Tepung Terigu Kunci",7000,7000,7000,7000,0,0,0,0,7000,7000,7000,0,0,7000,7000,7000,0,7000,0,0,7000,7000,0,7000,7000,0,0,7000,7000,70000,70000
"Pasar Sederhana","Mie Instan",2500,2500,2500,2500,0,0,0,0,2500,2500,2500,0,0,2500,2500,2500,0,2500,0,0,2500,2500,0,2500,2500,0,0,2500,2500,2500,2500
"Pasar Sederhana","Cabe Rawit Hijau",30000,30000,30000,30000,0,0,0,0,30000,30000,30000,0,0,30000,30000,30000,0,30000,0,0,24000,24000,0,24000,24000,0,0,24000,24000,24000,24000
"Pasar Sederhana","Kacang Hijau",24000,24000,24000,24000,0,0,0,0,24000,24000,24000,0,0,24000,24000,24000,0,24000,0,0,24000,24000,0,24000,24000,0,0,24000,24000,24000,24000
"Pasar Sederhana","Susu Bubuk Dancow",41200,41200,41200,41200,0,0,0,0,41200,41200,41200,0,0,41200,41200,41200,0,41200,0,0,41200,41200,0,41200,41200,0,0,41200,41200,41200,41200
"Pasar Sederhana","Susu Bubuk Indomilk",36500,36500,36500,36500,0,0,0,0,36500,36500,36500,0,0,36500,36500,36500,0,36500,0,0,36500,36500,0,36500,36500,0,0,36500,36500,36500,36500
"Pasar Sederhana","Ikan Kembung",30000,30000,30000,30000,0,0,0,0,30000,30000,30000,0,0,30000,30000,30000,0,30000,0,0,30000,30000,0,30000,30000,0,0,30000,30000,30000,30000
