lokasi,nama_komoditas,2014-01-01,2014-01-02,2014-01-03,2014-01-04,2014-01-05,2014-01-06,2014-01-07,2014-01-08,2014-01-09,2014-01-10,2014-01-11,2014-01-12,2014-01-13,2014-01-14,2014-01-15,2014-01-16,2014-01-17,2014-01-18,2014-01-19,2014-01-20,2014-01-21,2014-01-22,2014-01-23,2014-01-24,2014-01-25,2014-01-26,2014-01-27,2014-01-28,2014-01-29,2014-01-30,2014-01-31
"Pasar Sederhana","Beras Medium",9000,9000,0,9000,9000,0,0,9000,9000,9000,9000,9000,0,0,9000,0,9000,9000,9000,0,0,9000,9000,9000,9000,9000,0,0,9000,9000,9000
"Pasar Sederhana","Cabe Merah",40000,40000,0,40000,40000,0,0,40000,40000,40000,40000,40000,0,0,40000,0,40000,40000,40000,0,0,40000,40000,40000,40000,40000,0,0,40000,40000,40000
"Pasar Sederhana","Bawang Merah",30000,30000,0,30000,30000,0,0,30000,30000,30000,27000,27000,0,0,25000,0,25000,25000,25000,0,0,25000,25000,25000,25000,25000,0,0,25000,25000,25000
"Pasar Sederhana","Daging Ayam Ras",28000,28000,0,28000,28000,0,0,28000,28000,28000,28000,28000,0,0,28000,0,28000,28000,28000,0,0,28000,28000,28000,28000,28000,0,0,28000,28000,28000
"Pasar Sederhana","Telur Ayam Ras",18000,18000,0,18000,18000,0,0,18000,18000,18000,18000,18000,0,0,19000,0,19000,19000,19000,0,0,19000,19000,19000,19000,19000,0,0,19000,19000,20000
"Pasar Sederhana","Daging Sapi",95000,95000,0,95000,95000,0,0,95000,95000,95000,95000,95000,0,0,95000,0,95000,95000,95000,0,0,95000,95000,95000,95000,95000,0,0,95000,95000,95000
"Pasar Sederhana","Minyak Goreng",12500,12500,0,12500,12500,0,0,12500,12500,12500,12500,12500,0,0,12500,0,12500,12500,12500,0,0,12500,12500,12500,12500,12500,0,0,12500,12500,12500
"Pasar Sederhana","Gula Pasir",12000,12000,0,12000,12000,0,0,12000,12000,12000,12000,12000,0,0,12000,0,12000,12000,12000,0,0,12000,12000,12000,12000,12000,0,0,12000,12000,12000
"Pasar Sederhana",Kentang,14000,14000,0,14000,14000,0,0,14000,14000,14000,14000,14000,0,0,14000,0,14000,14000,14000,0,0,14000,14000,14000,14000,14000,0,0,14000,14000,14000
"Pasar Sederhana",Kedelai,12000,12000,0,12000,12000,0,0,12000,12000,12000,12000,12000,0,0,12000,0,12000,12000,12000,0,0,12000,12000,12000,12000,12000,0,0,12000,12000,12000
"Pasar Sederhana","Tepung Terigu",8000,8000,0,8000,8000,0,0,8000,8000,8000,8000,8000,0,0,8000,0,8000,8000,8000,0,0,8000,8000,8000,8000,8000,0,0,8000,8000,8000
"Pasar Sederhana","Bawang Putih",16000,16000,0,16000,16000,0,0,16000,16000,16000,16000,16000,0,0,16000,0,16000,16000,16000,0,0,16000,16000,16000,16000,16000,0,0,16000,16000,16000
"Pasar Sederhana","Cabe Keriting",40000,40000,0,40000,40000,0,0,40000,40000,40000,40000,40000,0,0,40000,0,40000,40000,40000,0,0,40000,40000,40000,40000,40000,0,0,40000,40000,40000
"Pasar Sederhana","Cabe Rawit",38000,38000,0,38000,38000,0,0,38000,38000,38000,38000,38000,0,0,38000,0,38000,38000,38000,0,0,38000,38000,38000,38000,38000,0,0,38000,38000,38000
"Pasar Sederhana","Kacang Tanah",20000,20000,0,20000,20000,0,0,20000,20000,20000,20000,20000,0,0,20000,0,20000,20000,20000,0,0,20000,20000,20000,20000,20000,0,0,20000,20000,20000
"Pasar Sederhana","Ubi Kayu",4000,4000,0,4000,4000,0,0,4000,4000,4000,4000,4000,0,0,4000,0,4000,4000,4000,0,0,4000,4000,4000,4000,4000,0,0,4000,4000,4000
"Pasar Sederhana","Ubi Jalar",0,0,0,0,0,0,0,0,0,0,0,0,0,0,0,0,0,0,0,0,0,0,0,0,0,0,0,0,0,0,0
"Pasar Sederhana",Jagung,7000,7000,0,7000,7000,0,0,7000,7000,7000,7000,7000,0,0,7000,0,7000,7000,7000,0,0,7000,7000,7000,7000,7000,0,0,7000,7000,7000
"Pasar Sederhana","Ikan Olahan",60000,60000,0,60000,60000,0,0,60000,60000,60000,60000,60000,0,0,60000,0,60000,60000,60000,0,0,60000,60000,60000,60000,60000,0,0,60000,60000,60000
"Pasar Sederhana","Beras Premium",0,0,0,0,0,0,0,0,0,0,0,0,0,0,0,0,0,0,0,0,0,0,0,0,0,0,0,0,0,0,0
"Pasar Sederhana","Minyak Goreng Curah",12000,12000,0,12000,12000,0,0,12000,12000,12000,12000,12000,0,0,10250,0,10250,10250,10250,0,0,10250,10250,10250,10250,10250,0,0,10250,10250,10250
"Pasar Sederhana","Daging Ayam Kampung",0,0,0,0,0,0,0,0,0,0,0,0,0,0,0,0,0,0,0,0,0,0,0,0,0,0,0,0,0,0,0
"Pasar Sederhana","Telur Ayam Kampung",32000,32000,0,32000,32000,0,0,32000,32000,32000,32000,32000,0,0,32000,0,32000,32000,32000,0,0,32000,32000,32000,32000,32000,0,0,32000,32000,32000
"Pasar Sederhana","Susu Kental Manis Merk Bendera",9000,9000,0,9000,9000,0,0,9000,9000,9000,9000,9000,0,0,9000,0,9000,9000,9000,0,0,9000,9000,9000,9000,9000,0,0,9000,9000,9000
"Pasar Sederhana","Susu Kental Manis Merk Indomilk",0,0,0,0,0,0,0,0,0,0,0,0,0,0,0,0,0,0,0,0,0,0,0,0,0,0,0,0,0,0,0
"Pasar Sederhana","Garam Beryodium Bata",900,900,0,900,900,0,0,900,900,900,900,900,0,0,900,0,900,900,900,0,0,900,900,900,900,900,0,0,900,900,900
"Pasar Sederhana","Garam Beryodium Halus",4000,4000,0,4000,4000,0,0,4000,4000,4000,4000,4000,0,0,4000,0,4000,4000,4000,0,0,4000,4000,4000,4000,4000,0,0,4000,4000,4000
"Pasar Sederhana","Tepung Terigu Cakra Kembar",8000,8000,0,8000,8000,0,0,8000,8000,8000,8000,8000,0,0,8000,0,8000,8000,8000,0,0,8000,8000,8000,8000,8000,0,0,8000,8000,8000
"Pasar Sederhana","Tepung Terigu Kunci",7000,7000,0,7000,7000,0,0,7000,7000,7000,7000,7000,0,0,7000,0,7000,7000,7000,0,0,7000,7000,7000,7000,7000,0,0,7000,7000,7000
"Pasar Sederhana","Mie Instan",0,0,0,0,0,0,0,0,0,0,0,0,0,0,0,0,0,0,0,0,0,0,0,0,0,0,0,0,0,0,0
"Pasar Sederhana","Cabe Rawit Hijau",20000,20000,0,20000,20000,0,0,20000,20000,20000,20000,20000,0,0,20000,0,20000,20000,20000,0,0,20000,20000,20000,20000,20000,0,0,20000,20000,20000
"Pasar Sederhana","Kacang Hijau",0,0,0,0,0,0,0,0,0,0,0,0,0,0,0,0,0,0,0,0,0,0,0,0,0,0,0,0,0,0,0
"Pasar Sederhana","Susu Bubuk Dancow",0,0,0,0,0,0,0,0,0,0,0,0,0,0,0,0,0,0,0,0,0,0,0,0,0,0,0,0,0,0,0
"Pasar Sederhana","Susu Bubuk Indomilk",0,0,0,0,0,0,0,0,0,0,0,0,0,0,0,0,0,0,0,0,0,0,0,0,0,0,0,0,0,0,0
"Pasar Sederhana","Ikan Kembung",0,0,0,0,0,0,0,0,0,0,0,0,0,0,0,0,0,0,0,0,0,0,0,0,0,0,0,0,0,0,0
