Nama Kecamatan,A,B,AB,O,A+,A-,B+,B-,AB+,AB-,O+,O-,Tidak Tahu
SUKASARI,19214,9548,5772,13692,37,5,28,5,40,8,37,16,35024
COBLONG,3632,16512,12659,24823,43,1,33,4,79,25,41,163,42505
BABAKAN CIPARAY,25333,4274,3139,7814,45,3,14,1,14,26,17,72,91538
BOJONGLOA KALER,8291,7265,6454,12828,33,4,20,2,25,21,16,32,89819
ANDIR,25841,8692,6327,146,37,5,19,6,9,10,8,23,64097
CICENDO,21557,91,5273,14706,53,8,40,12,33,33,47,107,60788
SUKAJADI,28332,9815,6156,1482,59,6,50,9,63,42,32,204,47491
CIDADAP,16347,393,2776,6739,13,1,19,4,17,20,13,20,2607
BANDUNG WETAN,11702,3907,3476,487,27,0,22,2,36,7,26,10,14623
ASTANA ANYAR,11309,7537,4617,13868,57,2,28,6,25,30,33,13,45359
REGOL,29939,11593,9156,15995,33,0,21,12,24,12,10,153,44263
BATUNUNGGAL,40778,11194,9148,16342,131,4,11,7,88,29,28,41,53099
LENGKONG,24709,11906,7244,16614,83,2,52,22,32,27,41,16,31307
CIBEUNYING KIDUL,29698,11245,7159,16659,46,4,27,11,19,25,22,118,55497
BANDUNG KULON,16685,9121,5014,16195,61,6,32,4,32,28,46,27,90678
KIARACONDONG,31522,14326,9559,22126,30,5,28,8,21,51,13,87,54821
BOJONGLOA KIDUL,15524,5059,3575,8495,41,4,14,10,31,22,41,62,5447
CIBEUNYING KALER,17748,9761,5874,13729,27,3,19,10,8,17,6,15,28381
SUMUR BANDUNG,7455,3128,206,523,20,0,8,0,3,5,8,16,26084
ANTAPANI,23399,11914,7516,15269,78,4,74,23,88,27,77,52,18418
BANDUNG KIDUL,1069,5576,3155,9507,20,4,14,2,19,7,23,24,30549
BUAH BATU,26185,1283,8281,17904,62,5,22,8,132,14,15,23,47578
RANCASARI,27358,11014,6929,14916,53,6,84,14,125,37,38,17,32353
ARCAMANIK,18385,9181,5708,13396,36,4,30,5,33,18,24,33,26872
CIBIRU,22197,4361,4095,5899,22,0,12,6,13,13,9,16,50927
UJUNGBERUNG,19873,7635,517,12492,39,7,38,13,32,14,45,36,40551
GEDEBAGE,7594,452,2485,6497,15,1,20,5,19,32,20,18,2059
PANYILEUKAN,6167,4205,2393,5977,22,4,10,6,7,5,19,29,21147
CINAMBO,3819,1731,1296,2939,5,0,4,1,6,3,1,11,16584
MANDALAJATI,1538,5729,3575,8224,17,2,23,4,175,10,6,30,40356
