nama_kecamatan,iud_sisa_bulan_lalu,kondom_sisa_bulan_lalu,implant_sisa_bulan_lalu,suntikan_sisa_bulan_lalu,pil_sisa_bulan_lalu,iud_diterima_bulan_ini,kondom_diterima_bulan_ini,implant_diterima_bulan_ini,suntikan_diterima_bulan_ini,pil_diterima_bulan_ini,iud_diterima_bulan_ini,kondom_diterima_bulan_ini,implant_diterima_bulan_ini,suntikan_diterima_bulan_ini,pil_diterima_bulan_ini,iud_sisa_akhir_bulan_ini,kondom_sisa_akhir_bulan_ini,implant_sisa_akhir_bulan_ini,suntikan_sisa_akhir_bulan_ini,pil_sisa_akhir_bulan_ini
Sukasari,50,69,65,82,485,0,0,0,186,0,21,11,8,215,90,29,58,57,53,395
Coblong,58,45,37,14,465,25,24,0,60,0,17,7,6,71,25,66,62,31,3,440
Babakan Ciparay,108,77,16,175,180,60,0,0,0,0,67,2,0,53,25,101,75,16,122,155
Bojongloa Kaler,69,58,11,40,245,39,6,12,88,0,40,6,12,128,42,68,58,11,0,203
Andir,180,123,14,70,439,0,0,0,60,0,24,9,5,70,8,156,114,9,60,431
Cicendo,30,417,0,55,268,44,0,0,40,0,50,10,0,55,47,24,407,0,40,221
Sukajadi,38,14,0,0,74,150,24,0,512,261,151,5,0,512,209,37,33,0,0,126
Cidadap,111,40,7,148,349,0,0,0,0,0,7,1,0,127,1,104,39,7,21,348
Bandung Wetan,30,97,12,95,486,0,0,0,0,0,15,15,1,17,20,15,82,11,78,466
Astana Anyar,187,529,9,329,611,50,0,10,200,0,107,29,2,312,71,130,500,17,217,540
Regol,56,109,0,325,394,25,12,0,20,0,31,8,0,89,24,50,113,0,256,370
Batununggal,58,73,8,47,181,49,0,0,0,0,82,9,1,27,43,25,64,7,20,138
Lengkong,110,158,40,233,586,0,0,0,56,0,14,27,11,153,55,96,131,29,136,531
Cibeunying Kidul,36,87,103,16,250,0,0,0,0,0,14,17,11,0,15,22,70,92,16,235
Bandung Kulon,50,31,7,266,493,9,6,14,0,0,11,26,16,33,83,48,11,5,233,410
Kiaracondong,120,43,9,62,220,0,0,0,0,0,3,7,1,40,29,117,36,8,22,191
Bojongloa Kidul,0,6,0,64,20,0,0,0,0,0,0,1,0,8,4,0,5,0,56,16
Cibeunying Kaler,1,14,10,40,48,0,0,0,0,0,0,4,0,22,0,1,10,10,18,48
Sumur Bandung,21,10,0,58,187,0,0,0,0,0,3,0,0,36,2,18,10,0,22,185
Antapani,56,113,13,20,81,13,0,0,0,0,15,15,0,20,18,54,98,13,0,63
Bandung Kidul,71,44,15,39,403,0,0,0,128,0,6,5,1,167,102,65,39,14,0,301
Buahbatu,76,88,20,29,152,0,0,0,100,0,7,25,0,88,61,69,63,20,41,91
Rancasari,22,36,10,49,127,0,0,0,0,0,4,4,0,49,44,18,32,10,0,83
Arcamanik,20,109,6,17,208,0,0,0,0,0,8,41,0,17,11,12,68,6,0,197
Cibiru,74,75,39,40,167,20,0,20,30,203,47,9,47,70,120,47,66,12,0,250
Ujung Berung,0,12,0,4,77,1,0,0,0,0,1,3,0,4,21,0,9,0,0,56
Gedebage,27,33,40,88,379,0,0,0,0,0,12,13,3,12,51,15,20,37,76,328
Panyileukan,53,18,18,62,118,0,0,0,39,0,2,2,1,79,30,51,16,17,22,88
Cinambo,283,15,48,225,320,0,0,0,23,0,104,0,4,60,11,179,15,44,188,309
Mandalajati,32,24,13,86,243,0,0,10,0,0,22,1,14,45,9,10,23,9,41,234
