nama_kecamatan,jumlah_pus,jml_pus_kps_ksi,persentase_pus_kps_ks1,jml_pus_jkn_penerima_bantuan,persentase_pus_jkn_terima_bantuan,jml_pus_jkn_bukan_penerima_bantuan,persentase_pus_jkn_bukan_penerima_bantuan,jml_pus_jkn,persentase_pus_jkn
Sukasari,9252,3501,37.84,0,0,0,0,0,0
Coblong,0,0,0,0,0,0,0,0,0
Babakan Ciparay,22949,4861,21.18,4683,20.41,280,1.22,4963,21.63
Bojongloa Kaler,18345,4732,25.79,7867,42.88,9955,54.27,17822,97.15
Andir,15252,377,2.47,0,0,0,0,0,0
Cicendo,14676,9348,63.7,0,0,0,0,0,0
Sukajadi,17774,14346,80.71,0,0,0,0,0,0
Cidadap,8455,4288,50.72,4288,50.72,4167,49.28,8455,100
Bandung Wetan,5237,3928,75,0,0,0,0,0,0
Astana Anyar,9546,3987,41.77,1705,17.86,2434,25.5,4139,43.36
Regol,12898,3642,28.24,3562,27.62,9121,70.72,12683,98.33
Batununggal,18968,9305,49.06,0,0,0,0,0,0
Lengkong,7551,3155,41.78,499,6.61,7033,93.14,7532,99.75
Cibeunying Kidul,17524,9080,51.81,9069,51.75,3454,19.71,12523,71.46
Bandung Kulon,20143,10282,51.05,5381,26.71,4480,22.24,9861,48.95
Kiaracondong,20502,5813,28.35,0,0,0,0,0,0
Bojongloa Kidul,12909,6998,54.21,2228,17.26,7756,60.08,9984,77.34
Cibeunying Kaler,9916,2895,29.2,2850,28.74,4180,42.15,7030,70.9
Sumur Bandung,3386,1162,34.32,0,0,0,0,0,0
Antapani,10875,1376,12.65,1376,12.65,9499,87.35,10875,100
Bandung Kidul,9352,4039,43.19,3985,42.61,5367,57.39,9352,100
Buahbatu,13513,2648,19.6,1471,10.89,4260,31.53,5731,42.41
Rancasari,11145,3420,30.69,1516,13.6,1904,17.08,3420,30.69
Arcamanik,9999,2520,25.2,2208,22.08,5975,59.76,8183,81.84
Cibiru,10381,5002,48.18,1941,18.7,2532,24.39,4473,43.09
Ujung Berung,12113,3280,27.08,3050,25.18,9063,74.82,12113,100
Gedebage,10997,3654,33.23,1110,10.09,2954,26.86,4064,36.96
Panyileukan,6115,1547,25.3,875,14.31,604,9.88,1479,24.19
Cinambo,4977,1498,30.1,777,15.61,1511,30.36,2288,45.97
Mandalajati,12338,5188,42.05,3042,24.66,2492,20.2,5534,44.85