lokasi,nama_komoditas,2015-07-01,2015-07-02,2015-07-03,2015-07-04,2015-07-05,2015-07-06,2015-07-07,2015-07-08,2015-07-09,2015-07-10,2015-07-11,2015-07-12,2015-07-13,2015-07-14,2015-07-15,2015-07-16,2015-07-17,2015-07-18,2015-07-19,2015-07-20,2015-07-21,2015-07-22,2015-07-23,2015-07-24,2015-07-25,2015-07-26,2015-07-27,2015-07-28,2015-07-29,2015-07-30,2015-07-31
"Pasar Kiaracondong","Beras Medium",9500,9500,9500,0,0,9700,9700,9700,9700,9700,0,0,10000,10000,10000,0,0,0,0,0,0,10000,10000,10000,0,0,10000,10000,10000,9500,0
"Pasar Kiaracondong","Cabe Merah",35000,35000,35000,0,0,22000,22000,22000,22000,22000,0,0,40000,40000,40000,0,0,0,0,0,0,60000,60000,60000,0,0,35000,35000,35000,30000,0
"Pasar Kiaracondong","Bawang Merah",30000,30000,30000,0,0,35000,35000,35000,35000,35000,0,0,20000,20000,20000,0,0,0,0,0,0,24000,24000,24000,0,0,24000,24000,24000,24000,0
"Pasar Kiaracondong","Daging Ayam Ras",32000,32000,32000,0,0,32000,32000,32000,32000,32000,0,0,31000,31000,31000,0,0,0,0,0,0,36000,36000,36000,0,0,35000,35000,35000,29000,0
"Pasar Kiaracondong","Telur Ayam Ras",21000,21000,21000,0,0,20000,20000,20000,20000,20000,0,0,19000,19000,19000,0,0,0,0,0,0,20000,20000,20000,0,0,19000,19000,19000,20000,0
"Pasar Kiaracondong","Daging Sapi",100000,100000,100000,0,0,100000,100000,100000,100000,100000,0,0,120000,120000,120000,0,0,0,0,0,0,120000,120000,120000,0,0,115000,115000,115000,96000,0
"Pasar Kiaracondong","Minyak Goreng",15000,15000,15000,0,0,15000,15000,15000,15000,15000,0,0,15000,15000,15000,0,0,0,0,0,0,15000,15000,15000,0,0,15000,15000,15000,15000,0
"Pasar Kiaracondong","Gula Pasir",13000,13000,13000,0,0,13000,13000,13000,13000,13000,0,0,13000,13000,13000,0,0,0,0,0,0,13000,13000,13000,0,0,13000,13000,13000,12000,0
"Pasar Kiaracondong",Kentang,10000,10000,10000,0,0,10000,10000,10000,10000,10000,0,0,10000,10000,10000,0,0,0,0,0,0,12000,12000,12000,0,0,12000,12000,12000,10000,0
"Pasar Kiaracondong",Kedelai,11000,11000,11000,0,0,11000,11000,11000,11000,11000,0,0,12000,12000,12000,0,0,0,0,0,0,12000,12000,12000,0,0,12000,12000,12000,12000,0
"Pasar Kiaracondong","Tepung Terigu",7000,7000,7000,0,0,7000,7000,7000,7000,7000,0,0,7000,7000,7000,0,0,0,0,0,0,7000,7000,7000,0,0,7000,7000,7000,7000,0
"Pasar Kiaracondong","Bawang Putih",20000,20000,20000,0,0,20000,20000,20000,20000,20000,0,0,20000,20000,20000,0,0,0,0,0,0,24000,24000,24000,0,0,24000,24000,24000,20000,0
"Pasar Kiaracondong","Cabe Keriting",30000,30000,30000,0,0,30000,30000,30000,30000,30000,0,0,30000,30000,30000,0,0,0,0,0,0,50000,50000,50000,0,0,35000,35000,35000,30000,0
"Pasar Kiaracondong","Cabe Rawit",30000,30000,30000,0,0,35000,35000,35000,35000,35000,0,0,40000,40000,40000,0,0,0,0,0,0,80000,80000,80000,0,0,70000,70000,70000,30000,0
"Pasar Kiaracondong","Kacang Tanah",28000,28000,28000,0,0,28000,28000,28000,28000,28000,0,0,28000,28000,28000,0,0,0,0,0,0,28000,28000,28000,0,0,28000,28000,28000,24000,0
"Pasar Kiaracondong","Ubi Kayu",3000,3000,3000,0,0,3000,3000,3000,3000,3000,0,0,3000,3000,3000,0,0,0,0,0,0,3000,3000,3000,0,0,3000,3000,3000,3000,0
"Pasar Kiaracondong","Ubi Jalar",0,0,0,0,0,0,0,0,0,0,0,0,0,0,0,0,0,0,0,0,0,0,0,0,0,0,0,0,0,0,0
"Pasar Kiaracondong",Jagung,8000,8000,8000,0,0,8000,8000,8000,8000,8000,0,0,8000,8000,8000,0,0,0,0,0,0,8000,8000,8000,0,0,8000,8000,8000,8000,0
"Pasar Kiaracondong","Ikan Olahan",50000,50000,50000,0,0,50000,50000,50000,50000,50000,0,0,50000,50000,50000,0,0,0,0,0,0,50000,50000,50000,0,0,50000,50000,50000,50000,0
"Pasar Kiaracondong","Beras Premium",0,0,0,0,0,0,0,0,0,0,0,0,0,0,0,0,0,0,0,0,0,0,0,0,0,0,0,0,0,0,0
"Pasar Kiaracondong","Minyak Goreng Curah",11500,11500,11500,0,0,11500,11500,11500,11500,11500,0,0,11500,11500,11500,0,0,0,0,0,0,12000,12000,12000,0,0,12000,12000,12000,11000,0
"Pasar Kiaracondong","Daging Ayam Kampung",50000,50000,50000,0,0,50000,50000,50000,50000,50000,0,0,50000,50000,50000,0,0,0,0,0,0,65000,65000,65000,0,0,65000,65000,65000,50000,0
"Pasar Kiaracondong","Telur Ayam Kampung",45000,45000,45000,0,0,45000,45000,45000,45000,45000,0,0,45000,45000,45000,0,0,0,0,0,0,45000,45000,45000,0,0,45000,45000,45000,45000,0
"Pasar Kiaracondong","Susu Kental Manis Merk Bendera",10000,10000,10000,0,0,10000,10000,10000,10000,10000,0,0,10000,10000,10000,0,0,0,0,0,0,10000,10000,10000,0,0,10000,10000,10000,10000,0
"Pasar Kiaracondong","Susu Kental Manis Merk Indomilk",9000,9000,9000,0,0,9000,9000,9000,9000,9000,0,0,9000,9000,9000,0,0,0,0,0,0,9000,9000,9000,0,0,9000,9000,9000,9000,0
"Pasar Kiaracondong","Garam Beryodium Bata",1000,1000,1000,0,0,1000,1000,1000,1000,1000,0,0,1000,1000,1000,0,0,0,0,0,0,1000,1000,1000,0,0,1000,1000,1000,1000,0
"Pasar Kiaracondong","Garam Beryodium Halus",3300,3300,3300,0,0,3300,3300,3300,3300,3300,0,0,3300,3300,3300,0,0,0,0,0,0,3300,3300,3300,0,0,3300,3300,3300,3300,0
"Pasar Kiaracondong","Tepung Terigu Cakra Kembar",8000,8000,8000,0,0,8000,8000,8000,8000,8000,0,0,8000,8000,8000,0,0,0,0,0,0,8000,8000,8000,0,0,8000,8000,8000,8000,0
"Pasar Kiaracondong","Tepung Terigu Kunci",7500,7500,7500,0,0,7500,7500,7500,7500,7500,0,0,7500,7500,7500,0,0,0,0,0,0,7500,7500,7500,0,0,7500,7500,7500,7500,0
"Pasar Kiaracondong","Mie Instan",2500,2500,2500,0,0,2500,2500,2500,2500,25000,0,0,2500,2500,2500,0,0,0,0,0,0,2500,2500,2500,0,0,2500,2500,0,2000,0
"Pasar Kiaracondong","Cabe Rawit Hijau",40000,40000,40000,0,0,35000,35000,35000,35000,35000,0,0,40000,40000,40000,0,0,0,0,0,0,60000,60000,60000,0,0,60000,50000,50000,50000,0
"Pasar Kiaracondong","Kacang Hijau",24000,24000,24000,0,0,24000,24000,24000,24000,24000,0,0,24000,24000,24000,0,0,0,0,0,0,23000,23000,23000,0,0,23000,23000,23000,24000,0
"Pasar Kiaracondong","Susu Bubuk Dancow",38300,38300,38300,0,0,38300,38300,38300,38300,38300,0,0,38300,38300,38300,0,0,0,0,0,0,38300,38300,38300,0,0,38300,38300,38300,38300,0
"Pasar Kiaracondong","Susu Bubuk Indomilk",32450,32450,32450,0,0,32450,32450,32450,32450,32450,0,0,32450,32450,32450,0,0,0,0,0,0,32450,32450,32450,0,0,32450,32450,32450,32450,0
"Pasar Kiaracondong","Ikan Kembung",30000,30000,30000,0,0,30000,30000,30000,30000,30000,0,0,30000,30000,30000,0,0,0,0,0,0,32000,32000,32000,0,0,30000,30000,30000,32000,0
