nama_kecamatan,jumlah_pengguna_IUD,persentase_pengguna_IUD,jumlah_pengguna_MOW,persentase_pengguna_MOW,jumlah_pengguna_MOP,persentase_pengguna_MOP,jumlah_pengguna_kondom,persentase_pengguna_kondom,jumlah_pengguna_implan,persentase_pengguna_implan,jumlah_pengguna_suntikan,persentase_pengguna_suntikan,jumlah_pengguna_pil,persentase_pengguna_pil,jumlah_peserta_kb_aktif
Sukasari,2198,32.55,193,2.86,14,0.21,128,1.9,120,1.78,2736,40.52,1364,20.2,6753
Coblong,4606,36.1,1217,9.54,23,0.18,680,5.33,305,2.39,4525,35.46,1404,11,12760
Babakan Ciparay,3590,19.43,254,1.37,33,0.18,104,0.56,285,1.54,11493,62.19,2721,14.72,18480
Bojongloa Kaler,5689,40.67,453,3.24,61,0.44,237,1.69,207,1.48,4419,31.59,2923,20.89,13989
Andir,3101,25.73,982,8.15,21,0.17,259,2.15,218,1.81,5178,42.97,2291,19.01,12050
Cicendo,2829,27.51,535,5.2,5,0.05,237,2.3,215,2.09,4412,42.9,2052,19.95,10285
Sukajadi,3486,27.16,1823,14.2,19,0.15,572,4.46,379,2.95,4022,31.34,2534,19.74,12835
Cidadap,1610,22.41,321,4.47,7,0.1,194,2.7,624,8.69,3423,47.65,1005,13.99,7184
Bandung Wetan,1779,45.18,460,11.68,73,1.85,88,2.23,128,3.25,836,21.23,574,14.58,3938
Astana Anyar,2625,35.27,264,3.55,39,0.52,77,1.03,227,3.05,3345,44.94,866,11.64,7443
Regol,4738,50.33,391,4.15,48,0.51,321,3.41,182,1.93,3094,32.87,639,6.79,9413
Batununggal,3976,30.16,278,2.11,19,0.14,219,1.66,126,0.96,6542,49.62,2024,15.35,13184
Lengkong,2279,42.12,222,4.1,3,0.06,202,3.73,205,3.79,1918,35.45,582,10.76,5411
Cibeunying Kidul,4436,32.1,1144,8.28,6,0.04,295,2.13,331,2.4,6028,43.62,1580,11.43,13820
Bandung Kulon,5917,46.53,325,2.56,10,0.08,352,2.77,596,4.69,3334,26.22,2183,17.17,12717
Kiaracondong,4418,29.73,252,1.7,17,0.11,402,2.71,226,1.52,7110,47.84,2436,16.39,14861
Bojongloa Kidul,2471,24.66,153,1.53,12,0.12,90,0.9,245,2.44,6227,62.14,823,8.21,10021
Cibeunying Kaler,2641,37.62,302,4.3,27,0.38,124,1.77,61,0.87,2553,36.37,1312,18.69,7020
Sumur Bandung,918,36.57,106,4.22,4,0.16,146,5.82,94,3.75,858,34.18,384,15.3,2510
Antapani,3076,37.77,180,2.21,31,0.38,242,2.97,102,1.25,3526,43.3,987,12.12,8144
Bandung Kidul,1862,27.76,121,1.8,7,0.1,253,3.77,100,1.49,3094,46.12,1271,18.95,6708
Buahbatu,3156,31.77,165,1.66,17,0.17,178,1.79,189,1.9,4959,49.92,1269,12.78,9933
Rancasari,2622,37.14,149,2.11,11,0.16,251,3.56,65,0.92,2860,40.52,1101,15.6,7059
Arcamanik,2252,30.09,267,3.57,11,0.15,284,3.8,323,4.32,3070,41.03,1276,17.05,7483
Cibiru,1928,22.12,173,1.98,33,0.38,164,1.88,254,2.91,4351,49.92,1813,20.8,8716
Ujung Berung,10512,71.74,132,0.9,58,0.4,258,1.76,378,2.58,1659,11.32,1655,11.3,14652
Gedebage,2812,36.27,575,7.42,102,1.32,197,2.54,146,1.88,2582,33.3,1339,17.27,7753
Panyileukan,1796,38.39,155,3.31,3,0.06,227,4.85,136,2.91,1763,37.69,598,12.78,4678
Cinambo,1029,29.48,68,1.95,9,0.26,61,1.75,65,1.86,1704,48.83,554,15.87,3490
Mandalajati,2118,23.26,305,3.35,13,0.14,210,2.31,190,2.09,4503,49.46,1766,19.4,9105