nama_kecamatan,iud_sisa_bulan_lalu,kondom_sisa_bulan_lalu,implant_sisa_bulan_lalu,suntikan_sisa_bulan_lalu,pil_sisa_bulan_lalu,iud_diterima_bulan_ini,kondom_diterima_bulan_ini,implant_diterima_bulan_ini,suntikan_diterima_bulan_ini,pil_keluar_bulan_ini,iud_keluar_bulan_ini,kondom_keluar_bulan_ini,implant_keluar_bulan_ini,suntikan_keluar_bulan_ini,pil_diterima_bulan_ini,iud_sisa_akhir_bulan_ini,kondom_sisa_akhir_bulan_ini,implant_sisa_akhir_bulan_ini,suntikan_sisa_akhir_bulan_ini,pil_sisa_akhir_bulan_ini
Sukasari,137,16,37,468,698,0,36,0,400,210,4,10,0,185,85,133,42,37,683,823
Coblong,101,32,47,541,1538,0,0,0,0,0,5,3,8,84,7,96,29,39,457,1531
Babakan Ciparay,52,0,1,193,569,0,1315,10,400,200,7,12,1,192,110,45,1303,10,401,659
Bojongloa Kaler,75,333,105,260,546,0,0,0,100,26,30,12,0,189,22,45,321,105,171,550
Andir,49,438,13,538,1780,0,0,0,0,0,3,30,3,109,43,46,408,10,429,1737
Cicendo,76,1,12,348,565,6,25,0,289,198,11,14,1,47,12,71,12,11,590,751
Sukajadi,49,39,7,12,69,150,48,0,626,300,135,51,7,619,330,64,36,0,19,39
Cidadap,69,15,28,458,1449,0,24,0,200,0,4,3,0,191,55,65,36,28,467,1394
Bandung Wetan,90,24,29,578,1376,0,0,0,0,0,8,4,0,97,11,82,20,29,481,1365
Astana Anyar,77,91,9,619,799,1,48,10,700,500,8,3,8,151,25,70,136,11,1168,1274
Regol,95,114,31,1222,1557,0,0,0,0,0,2,18,0,97,21,93,96,31,1125,1536
Batununggal,93,62,22,645,1166,0,24,10,100,0,17,20,1,172,45,76,66,31,573,1121
Lengkong,154,27,18,563,1330,0,0,0,0,0,1,5,0,91,31,153,22,18,472,1299
Cibeunying Kidul,46,14,10,287,1077,0,20,12,100,0,31,14,1,86,87,15,20,21,301,990
Bandung Kulon,76,8,16,280,1415,31,84,21,500,100,28,12,14,107,4,79,80,23,673,1511
Kiaracondong,61,14,16,249,812,33,0,7,0,0,43,1,9,98,51,51,13,14,151,761
Bojongloa Kidul,29,2,27,516,560,0,0,0,0,0,4,2,0,11,0,25,0,27,505,560
Cibeunying Kaler,73,0,23,453,396,0,0,0,0,0,6,0,3,42,12,67,0,20,411,384
Sumur Bandung,18,2,0,324,340,0,2,0,200,200,2,0,0,37,17,16,4,0,487,523
Antapani,123,70,13,277,1457,0,0,0,0,0,2,2,0,79,182,121,68,13,198,1275
Bandung Kidul,57,4,13,629,1049,0,0,2,100,0,6,2,3,51,48,51,2,12,678,1001
Buahbatu,49,3,14,117,807,0,24,0,0,0,7,2,0,84,25,42,25,14,33,782
Rancasari,22,114,34,328,483,0,0,0,0,0,4,14,1,133,74,18,100,33,195,409
Arcamanik,133,113,7,191,300,0,0,0,100,0,9,4,0,111,0,124,109,7,180,300
Cibiru,105,40,28,573,459,0,48,11,200,300,32,14,13,116,132,73,74,26,657,627
Ujung Berung,0,0,7,247,326,0,0,0,0,0,0,0,0,43,17,0,0,7,204,309
Gedebage,77,25,15,302,813,0,0,0,0,0,3,5,0,52,42,74,20,15,250,771
Panyileukan,60,22,6,138,124,0,0,0,200,100,23,5,2,84,103,37,17,4,254,121
Cinambo,23,86,57,490,714,32,0,0,0,0,36,0,1,25,9,19,86,56,465,705
Mandalajati,54,46,10,298,905,0,0,0,0,0,3,0,0,107,40,51,46,10,191,865