lokasi,nama_komoditas,2015-11-01,2015-11-02,2015-11-03,2015-11-04,2015-11-05,2015-11-06,2015-11-07,2015-11-08,2015-11-09,2015-11-10,2015-11-11,2015-11-12,2015-11-13,2015-11-14,2015-11-15,2015-11-16,2015-11-17,2015-11-18,2015-11-19,2015-11-20,2015-11-21,2015-11-22,2015-11-23,2015-11-24,2015-11-25,2015-11-26,2015-11-27,2015-11-28,2015-11-29,2015-11-30
"Pasar Kosambi","Beras Medium",0,10000,10000,0,10000,10000,0,0,10000,10000,10000,10000,10000,0,0,10000,10000,10000,10000,10000,0,0,10000,10000,10000,10000,10000,0,0,10000
"Pasar Kosambi","Cabe Merah",0,18000,18000,16000,16000,16000,0,0,16000,16000,16000,16000,16000,0,0,25000,25000,25000,25000,25000,0,0,30000,30000,30000,30000,30000,0,0,30000
"Pasar Kosambi","Bawang Merah",0,22000,4000,20000,20000,20000,0,0,20000,20000,20000,20000,20000,0,0,20000,20000,20000,20000,20000,0,0,20000,20000,20000,20000,20000,0,0,20000
"Pasar Kosambi","Daging Ayam Ras",0,34000,34000,30000,30000,30000,0,0,36000,36000,36000,36000,35000,0,0,32000,32000,32000,32000,32000,0,0,32000,32000,32000,32000,32000,0,0,32000
"Pasar Kosambi","Telur Ayam Ras",0,19000,19000,18500,18500,18500,0,0,19000,19000,19000,19000,19000,0,0,21000,21000,21000,21000,21000,0,0,22000,22000,22000,22000,22000,0,0,22000
"Pasar Kosambi","Daging Sapi",0,120000,120000,120000,120000,120000,0,0,120000,120000,120000,120000,120000,0,0,120000,120000,120000,0,120000,0,0,120000,120000,120000,120000,120000,0,0,120000
"Pasar Kosambi","Minyak Goreng",0,14000,14000,14000,14000,14000,0,0,14000,14000,14000,14000,14000,0,0,14000,14000,14000,14000,14000,0,0,14000,14000,14000,14000,14000,0,0,14000
"Pasar Kosambi","Gula Pasir",0,12500,12500,12500,12500,12500,0,0,12500,12500,12500,12500,12500,0,0,12500,12500,12500,12500,12500,0,0,12500,12500,12500,12500,12500,0,0,12500
"Pasar Kosambi",Kentang,0,12000,12000,12000,12000,12000,0,0,0,12000,12000,12000,12000,0,0,12000,12000,12000,12000,12000,0,0,12000,12000,12000,12000,12000,0,0,12000
"Pasar Kosambi",Kedelai,0,11000,11000,11000,11000,11000,0,0,11000,11000,11000,11000,11000,0,0,11000,11000,11000,11000,0,0,0,11000,11000,11000,11000,11000,0,0,11000
"Pasar Kosambi","Tepung Terigu",0,7500,7500,7500,7500,7500,0,0,7500,7500,7500,7500,7500,0,0,7500,7500,7500,7500,7500,0,0,7500,7500,7500,7500,7500,0,0,7500
"Pasar Kosambi","Bawang Putih",0,25000,25000,25000,25000,25000,0,0,25000,25000,25000,25000,25000,0,0,25000,25000,25000,25000,25000,0,0,25000,25000,25000,25000,25000,0,0,25000
"Pasar Kosambi","Cabe Keriting",0,18000,18000,16000,16000,16000,0,0,20000,20000,20000,20000,20000,0,0,25000,25000,25000,25000,25000,0,0,25000,25000,25000,25000,25000,0,0,35000
"Pasar Kosambi","Cabe Rawit",0,20000,20000,16000,16000,16000,0,0,20000,20000,20000,20000,20000,0,0,25000,25000,25000,25000,25000,0,0,30000,30000,30000,30000,30000,0,0,30000
"Pasar Kosambi","Kacang Tanah",0,28000,28000,28000,28000,28000,0,0,28000,28000,28000,28000,28000,0,0,28000,28000,28000,28000,28000,0,0,0,27000,27000,27000,27000,0,0,27000
"Pasar Kosambi","Ubi Kayu",0,4000,4000,4000,4000,4000,0,0,4000,4000,4000,4000,4000,0,0,4000,0,0,4000,4000,0,0,4000,4000,4000,4000,4000,0,0,0
"Pasar Kosambi","Ubi Jalar",0,0,0,0,0,0,0,0,0,0,0,0,0,0,0,0,0,0,0,0,0,0,0,0,0,0,0,0,0,0
"Pasar Kosambi",Jagung,0,7000,7000,7000,7000,7000,0,0,7000,7000,7000,7000,7000,0,0,7000,7000,7000,7000,7000,0,0,7000,0,7000,7000,7000,0,0,7000
"Pasar Kosambi","Ikan Olahan",0,50000,50000,50000,50000,50000,0,0,50000,50000,50000,50000,50000,0,0,50000,50000,50000,50000,50000,0,0,50000,50000,50000,50000,50000,0,0,50000
"Pasar Kosambi","Beras Premium",0,0,0,0,0,0,0,0,0,0,0,0,0,0,0,0,0,0,0,0,0,0,0,0,0,0,0,0,0,0
"Pasar Kosambi","Minyak Goreng Curah",0,10000,10000,10000,10000,10000,0,0,10000,10000,10000,10000,10000,0,0,10000,10000,10000,10000,10000,0,0,10000,10000,10000,10000,10000,0,0,10000
"Pasar Kosambi","Daging Ayam Kampung",0,65000,65000,65000,65000,65000,0,0,65000,65000,65000,65000,65000,0,0,65000,65000,65000,65000,65000,0,0,65000,65000,65000,65000,65000,0,0,65000
"Pasar Kosambi","Telur Ayam Kampung",0,40000,40000,40000,40000,40000,0,0,40000,40000,40000,40000,40000,0,0,40000,40000,40000,40000,40000,0,0,40000,40000,40000,40000,40000,0,0,40000
"Pasar Kosambi","Susu Kental Manis Merk Bendera",0,10000,10000,10000,10000,10000,0,0,10000,10000,10000,10000,10000,0,0,10000,10000,10000,10000,10000,0,0,10000,10000,10000,10000,10000,0,0,10000
"Pasar Kosambi","Susu Kental Manis Merk Indomilk",0,9500,9500,9500,9500,9500,0,0,9500,9500,9500,9500,9500,0,0,9500,9500,9500,9500,9500,0,0,9500,9500,9500,9500,9500,0,0,9500
"Pasar Kosambi","Garam Beryodium Bata",0,1000,1000,1000,1000,1000,0,0,1000,1000,1000,1000,1000,0,0,1000,1000,1000,1000,1000,0,0,1000,1000,1000,1000,1000,0,0,1000
"Pasar Kosambi","Garam Beryodium Halus",0,3000,3000,3000,3000,3000,0,0,3000,3000,3000,3000,3000,0,0,3000,3000,3000,3000,3000,0,0,3000,3000,3000,3000,3000,0,0,3000
"Pasar Kosambi","Tepung Terigu Cakra Kembar",0,7500,7500,7500,7500,7500,0,0,7500,7500,7500,7500,7500,0,0,0,7500,7500,7500,7500,0,0,7500,7500,7500,7500,7500,0,0,7500
"Pasar Kosambi","Tepung Terigu Kunci",0,7000,7000,7000,7000,0,0,0,7000,7000,7000,7000,7000,0,0,7000,7000,7000,7000,7000,0,0,7000,7000,7000,7000,7000,0,0,7000
"Pasar Kosambi","Mie Instan",0,2100,2100,2100,2100,2100,0,0,2100,2100,21000,21000,0,0,0,2100,2100,2100,2100,2100,0,0,2100,2100,2100,2100,2100,0,0,2100
"Pasar Kosambi","Cabe Rawit Hijau",0,18000,18000,18000,18000,18000,0,0,20000,20000,20000,20000,20000,0,0,25000,25000,25000,25000,25000,0,0,30000,30000,30000,30000,30000,0,0,30000
"Pasar Kosambi","Kacang Hijau",0,22000,22000,22000,22000,22000,0,0,22000,22000,22000,22000,22000,0,0,22000,22000,22000,22000,22000,0,0,20000,20000,20000,0,20000,0,0,20000
"Pasar Kosambi","Susu Bubuk Dancow",0,34500,34500,34500,34500,34500,0,0,34500,34500,34500,34500,34500,0,0,34500,34500,34500,34500,34500,0,0,34500,34500,34500,34500,34500,0,0,34500
"Pasar Kosambi","Susu Bubuk Indomilk",0,30000,30000,30000,30000,30000,0,0,30000,30000,30000,30000,30000,0,0,30000,30000,30000,30000,30000,0,0,30000,30000,30000,30000,30000,0,0,30000
"Pasar Kosambi","Ikan Kembung",0,30000,30000,30000,30000,30000,0,0,30000,30000,30000,30000,30000,0,0,30000,30000,30000,30000,30000,0,0,30000,30000,30000,30000,0,0,0,30000
