lokasi,nama_komoditas,2018-11-01,2018-11-02,2018-11-03,2018-11-04,2018-11-05,2018-11-06,2018-11-07,2018-11-08,2018-11-09,2018-11-10,2018-11-11,2018-11-12,2018-11-13,2018-11-14,2018-11-15,2018-11-16,2018-11-17,2018-11-18,2018-11-19,2018-11-20,2018-11-21,2018-11-22,2018-11-23,2018-11-24,2018-11-25,2018-11-26,2018-11-27,2018-11-28,2018-11-29,2018-11-30
Pasar Andir,Beras Medium,0,11000,0,0,11000,11000,0,11000,11000,0,0,11000,11000,11000,11000,0,0,0,0,0,0,0,0,0,0,11000,11000,11000,11000,11000
Pasar Andir,Cabe Merah,0,38000,0,0,38000,38000,0,38000,38000,0,0,38000,38000,38000,40000,0,0,0,0,0,0,0,0,0,0,45000,45000,35000,35000,35000
Pasar Andir,Bawang Merah,0,22000,0,0,23000,23000,0,23000,23000,0,0,24000,24000,24000,24000,0,0,0,0,0,0,0,0,0,0,24000,24000,24000,24000,24000
Pasar Andir,Daging Ayam Ras,0,34000,0,0,34000,34000,0,34000,34000,0,0,33000,33000,33000,34000,0,0,0,0,0,0,0,0,0,0,33000,33000,33000,33000,33000
Pasar Andir,Telur Ayam Ras,0,21000,0,0,21000,21000,0,21000,21000,0,0,21000,21000,21000,21000,0,0,0,0,0,0,0,0,0,0,22000,22000,24000,24000,24000
Pasar Andir,Daging Sapi,0,115000,0,0,115000,115000,0,115000,115000,0,0,115000,115000,115000,115000,0,0,0,0,0,0,0,0,0,0,115000,115000,115000,115000,115000
Pasar Andir,Minyak Goreng,0,14500,0,0,14500,14500,0,14500,14500,0,0,14500,14500,14500,14500,0,0,0,0,0,0,0,0,0,0,14500,14500,14500,14500,14500
Pasar Andir,Gula Pasir,0,12500,0,0,12500,12500,0,12500,12500,0,0,12500,12500,12500,12500,0,0,0,0,0,0,0,0,0,0,12500,12500,12500,12500,12500
Pasar Andir,Kentang,0,13000,0,0,13000,13000,0,13000,13000,0,0,13000,13000,13000,13000,0,0,0,0,0,0,0,0,0,0,13000,13000,13000,13000,13000
Pasar Andir,Kedelai,0,11000,0,0,11000,11000,0,11000,11000,0,0,11000,11000,11000,11000,0,0,0,0,0,0,0,0,0,0,11000,11000,11000,11000,11000
Pasar Andir,Tepung Terigu,0,7500,0,0,7500,7500,0,7500,7500,0,0,7500,7500,7500,7500,0,0,0,0,0,0,0,0,0,0,7500,7500,7500,7500,7500
Pasar Andir,Bawang Putih,0,24000,0,0,24000,24000,0,24000,24000,0,0,24000,24000,24000,24000,0,0,0,0,0,0,0,0,0,0,24000,24000,24000,24000,24000
Pasar Andir,Cabe Keriting,0,40000,0,0,40000,40000,0,40000,40000,0,0,40000,40000,40000,40000,0,0,0,0,0,0,0,0,0,0,30000,30000,25000,25000,25000
Pasar Andir,Cabe Rawit,0,28000,0,0,28000,28000,0,28000,28000,0,0,29000,29000,29000,34000,0,0,0,0,0,0,0,0,0,0,30000,30000,30000,30000,30000
Pasar Andir,Kacang Tanah,0,27000,0,0,27000,27000,0,27000,27000,0,0,27000,27000,27000,27000,0,0,0,0,0,0,0,0,0,0,27000,27000,27000,27000,27000
Pasar Andir,Ubi Kayu,0,3000,0,0,3000,3000,0,3000,3000,0,0,3000,3000,3000,3000,0,0,0,0,0,0,0,0,0,0,3000,3000,3000,3000,3000
Pasar Andir,Ubi Jalar,0,0,0,0,0,0,0,0,0,0,0,0,0,0,0,0,0,0,0,0,0,0,0,0,0,0,0,0,0,0
Pasar Andir,Jagung,0,10000,0,0,10000,10000,0,10000,10000,0,0,10000,10000,10000,10000,0,0,0,0,0,0,0,0,0,0,10000,10000,10000,10000,10000
Pasar Andir,Ikan Olahan,0,70000,0,0,70000,70000,0,70000,70000,0,0,70000,70000,70000,70000,0,0,0,0,0,0,0,0,0,0,70000,70000,70000,70000,70000
Pasar Andir,Beras Premium,0,0,0,0,0,0,0,0,0,0,0,0,0,0,0,0,0,0,0,0,0,0,0,0,0,0,0,0,0,0
Pasar Andir,Minyak Goreng Curah,0,11500,0,0,11500,11500,0,11500,11500,0,0,11500,11500,11500,11500,0,0,0,0,0,0,0,0,0,0,11500,11500,11500,11500,11500
Pasar Andir,Daging Ayam Kampung,0,75000,0,0,75000,75000,0,75000,75000,0,0,75000,75000,75000,75000,0,0,0,0,0,0,0,0,0,0,75000,75000,75000,75000,75000
Pasar Andir,Telur Ayam Kampung,0,45000,0,0,45000,45000,0,45000,45000,0,0,45000,45000,45000,45000,0,0,0,0,0,0,0,0,0,0,45000,45000,45000,45000,45000
Pasar Andir,Susu Kental Manis Merk Bendera,0,9500,0,0,9500,9500,0,9500,9500,0,0,9500,9500,9500,9500,0,0,0,0,0,0,0,0,0,0,9500,9500,9500,9500,9500
Pasar Andir,Susu Kental Manis Merk Indomilk,0,9000,0,0,9000,9000,0,9000,9000,0,0,9000,9000,9000,9000,0,0,0,0,0,0,0,0,0,0,9000,9000,9000,9000,9000
Pasar Andir,Garam Beryodium Bata,0,2000,0,0,2000,2000,0,2000,2000,0,0,2000,2000,2000,2000,0,0,0,0,0,0,0,0,0,0,2000,2000,2000,2000,2000
Pasar Andir,Garam Beryodium Halus,0,8000,0,0,8000,8000,0,8000,8000,0,0,8000,8000,8000,8000,0,0,0,0,0,0,0,0,0,0,8000,8000,8000,8000,8000
Pasar Andir,Tepung Terigu Cakra Kembar,0,7500,0,0,7500,7500,0,7500,7500,0,0,7500,7500,7500,7500,0,0,0,0,0,0,0,0,0,0,7500,7500,7500,7500,7500
Pasar Andir,Tepung Terigu Kunci,0,7000,0,0,7000,7000,0,7000,7000,0,0,7000,7000,7000,7000,0,0,0,0,0,0,0,0,0,0,7000,7000,7000,7000,7000
Pasar Andir,Mie Instan,0,2000,0,0,2000,2000,0,2000,2000,0,0,2000,2000,2000,2000,0,0,0,0,0,0,0,0,0,0,2000,2000,2000,2000,2000
Pasar Andir,Cabe Rawit Hijau,0,30000,0,0,30000,30000,0,30000,30000,0,0,28000,28000,28000,28000,0,0,0,0,0,0,0,0,0,0,20000,20000,20000,20000,20000
Pasar Andir,Kacang Hijau,0,20000,0,0,20000,20000,0,20000,20000,0,0,20000,20000,20000,20000,0,0,0,0,0,0,0,0,0,0,20000,20000,20000,20000,20000
Pasar Andir,Susu Bubuk Dancow,0,35000,0,0,35000,35000,0,35000,35000,0,0,35000,35000,35000,35000,0,0,0,0,0,0,0,0,0,0,35000,35000,35000,35000,35000
Pasar Andir,Susu Bubuk Indomilk,0,32000,0,0,32000,32000,0,32000,32000,0,0,32000,32000,32000,32000,0,0,0,0,0,0,0,0,0,0,32000,32000,32000,32000,32000
Pasar Andir,Ikan Kembung,0,35000,0,0,35000,35000,0,35000,35000,0,0,35000,35000,35000,35000,0,0,0,0,0,0,0,0,0,0,35000,35000,35000,35000,35000