nama_kecamatan,iud_sisa_bulan_lalu,kondom_sisa_bulan_lalu,implant_sisa_bulan_lalu,suntikan_sisa_bulan_lalu,pil_sisa_bulan_lalu,iud_diterima_bulan_ini,kondom_diterima_bulan_ini,implant_diterima_bulan_ini,suntikan_diterima_bulan_ini,pil_keluar_bulan_ini,iud_keluar_bulan_ini,kondom_keluar_bulan_ini,implant_keluar_bulan_ini,suntikan_keluar_bulan_ini,pil_diterima_bulan_ini,iud_sisa_akhir_bulan_ini,kondom_sisa_akhir_bulan_ini,implant_sisa_akhir_bulan_ini,suntikan_sisa_akhir_bulan_ini,pil_sisa_akhir_bulan_ini
Sukasari,200,62,51,243,776,0,48,0,300,0,8,24,3,239,53,192,86,48,304,723
Coblong,174,85,49,475,1170,0,0,0,0,0,2,2,0,36,10,172,83,49,439,1160
Babakan Ciparay,120,843,26,679,789,0,0,0,0,0,1,8,1,82,24,119,835,25,597,765
Bojongloa Kaler,99,92,114,231,711,25,22,0,100,0,40,49,0,187,78,84,65,114,144,633
Andir,95,159,18,265,1003,0,0,0,0,0,10,7,2,66,3,85,152,16,199,1000
Cicendo,54,237,5,439,816,0,0,0,100,0,15,20,0,54,23,39,217,5,485,793
Sukajadi,49,39,7,12,69,150,48,0,626,300,135,52,7,619,330,64,35,0,19,39
Cidadap,113,95,30,367,1394,0,0,0,0,0,4,2,0,106,21,109,93,30,261,1373
Bandung Wetan,169,96,90,491,1140,25,48,0,0,0,88,2,20,50,1,106,142,70,441,1139
Astana Anyar,135,56,6,1026,1460,0,0,10,0,300,2,9,1,191,162,133,47,15,835,1598
Regol,170,215,46,1026,1917,68,0,0,100,0,51,39,0,46,65,187,176,46,1080,1852
Batununggal,143,60,24,921,1877,0,0,0,0,0,20,10,1,202,54,123,50,23,719,1823
Lengkong,53,211,51,468,1017,0,0,0,0,0,1,33,24,70,8,52,178,27,398,1009
Cibeunying Kidul,107,11,10,287,1450,25,12,0,100,0,8,11,0,106,174,124,12,10,281,1276
Bandung Kulon,90,49,10,363,1220,0,0,4,0,0,16,12,4,104,19,74,37,10,259,1201
Kiaracondong,25,40,12,236,868,25,12,0,100,0,5,10,3,106,35,45,42,9,230,833
Bojongloa Kidul,20,14,8,302,299,25,0,0,0,0,5,2,1,9,4,40,12,7,293,295
Cibeunying Kaler,8,9,10,241,268,0,0,0,0,0,2,3,0,24,23,6,6,10,217,245
Sumur Bandung,27,10,5,432,1572,0,0,0,0,0,5,0,0,40,27,22,10,5,392,1545
Antapani,138,102,10,683,1608,0,0,0,0,0,1,4,0,85,14,137,98,10,598,1594
Bandung Kidul,177,27,46,364,984,0,12,0,0,0,18,11,11,29,49,159,28,35,335,935
Buahbatu,91,17,36,208,894,25,0,0,0,100,1,5,3,105,62,115,12,33,103,932
Rancasari,83,62,13,204,282,0,0,0,0,0,8,9,0,204,26,75,53,13,0,256
Arcamanik,149,168,9,320,1164,0,0,0,0,0,7,8,0,53,10,142,160,9,267,1154
Cibiru,157,87,44,517,573,17,24,17,101,100,28,32,25,128,46,146,79,36,490,627
Ujung Berung,0,12,0,186,246,25,12,10,100,100,3,4,0,55,34,22,20,10,231,312
Gedebage,112,17,20,480,843,0,12,0,100,100,8,7,1,96,98,104,22,19,484,845
Panyileukan,106,0,7,309,379,25,1,10,100,0,8,0,0,43,20,123,1,17,366,359
Cinambo,121,95,62,191,677,100,0,0,0,0,82,3,0,42,0,139,92,62,149,677
Mandalajati,151,138,10,469,994,14,0,18,80,30,17,7,13,112,39,148,131,15,437,985