KECAMATAN,Belum Kawin,Kawin,Cerai Hidup,Cerai Mati
SUKASARI,38.81,40.45,910,3.256
COBLONG,63.019,63.38,1.471,5.338
BABAKAN CIPARAY,63.976,62.927,1.157,4.23
BOJONGLOA KALER,60.38,58.495,1.226,4.709
ANDIR,57.424,55.743,1.297,5.21
CICENDO,52.531,53.735,1.072,4.419
SUKAJADI,50.126,51.553,1.168,4.232
CIDADAP,25.795,27.443,650,2.081
BANDUNG WETAN,18.471,18.071,440,1.726
ASTANA ANYAR,39.742,38.592,831,3.719
REGOL,51.973,53.169,1.3,4.769
BATUNUNGGAL,62.205,61.901,1.322,5.472
LENGKONG,43.07,44.122,1.014,3.849
CIBEUNYING KIDUL,57.591,56.915,1.185,4.839
BANDUNG KULON,67.605,64.617,1.213,4.494
KIARACONDONG,62.091,64.287,1.222,4.997
BOJONGLOA KIDUL,41.767,41.611,831,3.139
CIBEUNYING KALER,36.185,35.799,691,2.923
SUMUR BANDUNG,21.348,20.107,485,2.077
ANTAPANI,36.823,37.261,612,2.243
BANDUNG KIDUL,28.729,28.14,659,2.062
BUAH BATU,53.308,55.161,896,3.694
RANCASARI,43.748,45.321,775,3.1
ARCAMANIK,35.178,35.478,724,2.345
CIBIRU,41.977,42.38,739,2.474
UJUNGBERUNG,40.696,41.325,867,3.057
GEDEBAGE,19.838,20.288,348,1.342
PANYILEUKAN,19.532,19.061,292,1.106
CINAMBO,12.411,12.882,280,827
MANDALAJATI,33.802,36.424,634,2.671
