nama_kecamatan,jumlah_pengguna_IUD,persentase_pengguna_IUD,jumlah_pengguna_MOW,persentase_pengguna_MOW,jumlah_pengguna_MOP,persentase_pengguna_MOP,jumlah_pengguna_kondom,persentase_pengguna_kondom,jumlah_pengguna_implan,persentase_pengguna_implan,jumlah_pengguna_suntikan,persentase_pengguna_suntikan,jumlah_pengguna_pil,persentase_pengguna_pil,jumlah_peserta_kb_aktif
Sukasari,2222,32.51,195,2.85,14,0.2,129,1.89,123,1.8,2778,40.65,1373,20.09,6834
Coblong,4623,36.15,1217,9.52,23,0.18,680,5.32,305,2.38,4532,35.43,1410,11.02,12790
Babakan Ciparay,3702,19.82,254,1.36,33,0.18,105,0.56,301,1.61,11549,61.82,2737,14.65,18681
Bojongloa Kaler,5736,40.6,453,3.21,63,0.45,257,1.82,220,1.56,4454,31.52,2946,20.85,14129
Andir,3187,25.29,1011,8.02,21,0.17,277,2.2,236,1.87,5409,42.92,2461,19.53,12602
Cicendo,2835,27.29,542,5.22,5,0.05,247,2.38,227,2.19,4464,42.98,2067,19.9,10387
Sukajadi,3510,27.08,1836,14.17,19,0.15,592,4.57,400,3.09,4043,31.19,2561,19.76,12961
Cidadap,1396,21.68,241,3.74,6,0.09,77,1.2,551,8.56,3196,49.64,971,15.08,6438
Bandung Wetan,1792,45.22,460,11.61,73,1.84,88,2.22,128,3.23,847,21.37,575,14.51,3963
Astana Anyar,2662,35.57,263,3.51,26,0.35,65,0.87,229,3.06,3309,44.21,930,12.43,7484
Regol,4756,50.12,391,4.12,48,0.51,325,3.43,188,1.98,3138,33.07,643,6.78,9489
Batununggal,4017,30.06,278,2.08,19,0.14,233,1.74,128,0.96,6658,49.82,2032,15.2,13365
Lengkong,2281,42,222,4.09,3,0.06,203,3.74,203,3.74,1942,35.76,577,10.62,5431
Cibeunying Kidul,4489,32.42,1144,8.26,6,0.04,300,2.17,331,2.39,6007,43.38,1571,11.34,13848
Bandung Kulon,6172,42.51,328,2.26,10,0.07,504,3.47,692,4.77,3695,25.45,3117,21.47,14518
Kiaracondong,4499,29.86,254,1.69,17,0.11,370,2.46,233,1.55,7264,48.22,2428,16.12,15065
Bojongloa Kidul,2479,24.67,153,1.52,12,0.12,92,0.92,245,2.44,6245,62.15,823,8.19,10049
Cibeunying Kaler,4246,59.88,358,5.05,27,0.38,134,1.89,104,1.47,922,13,1300,18.33,7091
Sumur Bandung,929,37.35,107,4.3,5,0.2,147,5.91,94,3.78,840,33.78,365,14.68,2487
Antapani,3071,39.28,178,2.28,31,0.4,233,2.98,109,1.39,3284,42,913,11.68,7819
Bandung Kidul,1909,27.73,121,1.76,7,0.1,290,4.21,115,1.67,3135,45.54,1307,18.99,6884
Buahbatu,3220,31.27,167,1.62,21,0.2,189,1.84,192,1.86,5229,50.79,1278,12.41,10296
Rancasari,2699,37.58,149,2.07,11,0.15,251,3.49,70,0.97,2898,40.35,1104,15.37,7182
Arcamanik,2346,31.17,237,3.15,12,0.16,355,4.72,190,2.52,3004,39.91,1382,18.36,7526
Cibiru,1954,22.09,173,1.96,33,0.37,176,1.99,268,3.03,4406,49.8,1837,20.76,8847
Ujung Berung,10518,71.79,132,0.9,58,0.4,259,1.77,378,2.58,1662,11.34,1645,11.23,14652
Gedebage,2844,36.48,575,7.38,102,1.31,199,2.55,153,1.96,2613,33.52,1310,16.8,7796
Panyileukan,1839,38.72,157,3.31,2,0.04,229,4.82,142,2.99,1793,37.76,587,12.36,4749
Cinambo,1059,29.83,69,1.94,9,0.25,61,1.72,65,1.83,1732,48.79,555,15.63,3550
Mandalajati,2113,23.12,295,3.23,13,0.14,220,2.41,181,1.98,4552,49.81,1764,19.3,9138