lokasi,nama_komoditas,2018-11-01,2018-11-02,2018-11-03,2018-11-04,2018-11-05,2018-11-06,2018-11-07,2018-11-08,2018-11-09,2018-11-10,2018-11-11,2018-11-12,2018-11-13,2018-11-14,2018-11-15,2018-11-16,2018-11-17,2018-11-18,2018-11-19,2018-11-20,2018-11-21,2018-11-22,2018-11-23,2018-11-24,2018-11-25,2018-11-26,2018-11-27,2018-11-28,2018-11-29,2018-11-30
Pasar Baru,Beras Medium,0,12000,0,0,12000,12000,0,12000,12000,0,0,12000,12000,12000,12000,0,0,0,0,0,12000,0,0,0,0,12000,12000,12000,12000,12000
Pasar Baru,Cabe Merah,0,50000,0,0,50000,50000,0,50000,50000,0,0,50000,50000,50000,50000,0,0,0,0,0,50000,0,0,0,0,60000,60000,50000,50000,50000
Pasar Baru,Bawang Merah,0,30000,0,0,30000,30000,0,30000,30000,0,0,30000,30000,30000,30000,0,0,0,0,0,30000,0,0,0,0,30000,30000,30000,30000,30000
Pasar Baru,Daging Ayam Ras,0,35000,0,0,35000,35000,0,35000,35000,0,0,34000,36000,36000,36000,0,0,0,0,0,35000,0,0,0,0,35000,35000,35000,35000,35000
Pasar Baru,Telur Ayam Ras,0,20000,0,0,20000,20000,0,20000,20000,0,0,21000,21000,21000,21000,0,0,0,0,0,22000,0,0,0,0,22000,22000,24000,24000,24000
Pasar Baru,Daging Sapi,0,120000,0,0,120000,120000,0,120000,120000,0,0,120000,120000,120000,120000,0,0,0,0,0,120000,0,0,0,0,120000,120000,120000,120000,120000
Pasar Baru,Minyak Goreng,0,15000,0,0,15000,15000,0,15000,15000,0,0,15000,15000,15000,15000,0,0,0,0,0,15000,0,0,0,0,15000,15000,15000,15000,15000
Pasar Baru,Gula Pasir,0,12000,0,0,12000,12000,0,12000,12000,0,0,12000,12000,12000,12000,0,0,0,0,0,12000,0,0,0,0,12000,12000,12000,12000,12000
Pasar Baru,Kentang,0,14000,0,0,14000,14000,0,14000,14000,0,0,14000,14000,14000,14000,0,0,0,0,0,14000,0,0,0,0,14000,14000,14000,14000,14000
Pasar Baru,Kedelai,0,12000,0,0,12000,12000,0,12000,12000,0,0,12000,12000,12000,12000,0,0,0,0,0,12000,0,0,0,0,12000,12000,12000,12000,12000
Pasar Baru,Tepung Terigu,0,7500,0,0,7500,7500,0,7500,7500,0,0,7500,7500,7500,7500,0,0,0,0,0,7500,0,0,0,0,7500,7500,7500,7500,7500
Pasar Baru,Bawang Putih,0,25000,0,0,25000,25000,0,25000,25000,0,0,25000,25000,25000,25000,0,0,0,0,0,25000,0,0,0,0,25000,25000,25000,25000,25000
Pasar Baru,Cabe Keriting,0,40000,0,0,40000,40000,0,40000,40000,0,0,40000,40000,40000,40000,0,0,0,0,0,40000,0,0,0,0,30000,30000,30000,30000,30000
Pasar Baru,Cabe Rawit,0,30000,0,0,30000,30000,0,30000,30000,0,0,30000,30000,30000,30000,0,0,0,0,0,30000,0,0,0,0,40000,40000,40000,40000,40000
Pasar Baru,Kacang Tanah,0,28000,0,0,28000,28000,0,28000,28000,0,0,28000,28000,28000,28000,0,0,0,0,0,28000,0,0,0,0,28000,28000,28000,28000,28000
Pasar Baru,Ubi Kayu,0,5000,0,0,5000,5000,0,5000,5000,0,0,5000,5000,5000,5000,0,0,0,0,0,5000,0,0,0,0,5000,5000,5000,5000,5000
Pasar Baru,Ubi Jalar,0,0,0,0,0,0,0,0,0,0,0,0,0,0,0,0,0,0,0,0,0,0,0,0,0,0,0,0,0,0
Pasar Baru,Jagung,0,10000,0,0,10000,10000,0,10000,10000,0,0,10000,10000,10000,10000,0,0,0,0,0,10000,0,0,0,0,10000,10000,10000,10000,10000
Pasar Baru,Ikan Olahan,0,70000,0,0,70000,70000,0,70000,70000,0,0,70000,70000,70000,70000,0,0,0,0,0,70000,0,0,0,0,70000,70000,70000,70000,70000
Pasar Baru,Beras Premium,0,0,0,0,0,0,0,0,0,0,0,0,0,0,0,0,0,0,0,0,0,0,0,0,0,0,0,0,0,0
Pasar Baru,Minyak Goreng Curah,0,12500,0,0,12500,12500,0,12500,12500,0,0,12500,12500,12500,12500,0,0,0,0,0,12500,0,0,0,0,12500,12500,12500,12500,12500
Pasar Baru,Daging Ayam Kampung,0,70000,0,0,70000,70000,0,70000,70000,0,0,70000,70000,70000,70000,0,0,0,0,0,70000,0,0,0,0,70000,70000,70000,70000,70000
Pasar Baru,Telur Ayam Kampung,0,45000,0,0,45000,45000,0,45000,45000,0,0,45000,45000,45000,45000,0,0,0,0,0,45000,0,0,0,0,45000,45000,45000,45000,45000
Pasar Baru,Susu Kental Manis Merk Bendera,0,10000,0,0,10000,10000,0,10000,10000,0,0,10000,10000,10000,10000,0,0,0,0,0,10000,0,0,0,0,10000,10000,10000,10000,10000
Pasar Baru,Susu Kental Manis Merk Indomilk,0,10000,0,0,10000,10000,0,10000,10000,0,0,10000,10000,10000,10000,0,0,0,0,0,10000,0,0,0,0,10000,10000,10000,10000,10000
Pasar Baru,Garam Beryodium Bata,0,3000,0,0,3000,3000,0,3000,3000,0,0,3000,3000,3000,3000,0,0,0,0,0,3000,0,0,0,0,3000,3000,3000,3000,3000
Pasar Baru,Garam Beryodium Halus,0,12000,0,0,12000,12000,0,12000,12000,0,0,12000,12000,12000,12000,0,0,0,0,0,12000,0,0,0,0,12000,12000,12000,12000,12000
Pasar Baru,Tepung Terigu Cakra Kembar,0,8000,0,0,8000,8000,0,8000,8000,0,0,8000,8000,8000,8000,0,0,0,0,0,8000,0,0,0,0,8000,8000,8000,8000,8000
Pasar Baru,Tepung Terigu Kunci,0,7500,0,0,7500,7500,0,7500,7500,0,0,7500,7500,7500,7500,0,0,0,0,0,7500,0,0,0,0,7500,7500,7500,7500,7500
Pasar Baru,Mie Instan,0,2500,0,0,2500,2500,0,2500,2500,0,0,2500,2500,2500,2500,0,0,0,0,0,2500,0,0,0,0,2500,2500,2500,2500,2500
Pasar Baru,Cabe Rawit Hijau,0,25000,0,0,30000,30000,0,30000,30000,0,0,25000,25000,25000,25000,0,0,0,0,0,25000,0,0,0,0,25000,25000,25000,25000,25000
Pasar Baru,Kacang Hijau,0,24000,0,0,24000,24000,0,24000,24000,0,0,24000,24000,24000,24000,0,0,0,0,0,24000,0,0,0,0,24000,24000,24000,24000,24000
Pasar Baru,Susu Bubuk Dancow,0,36000,0,0,36000,36000,0,36000,36000,0,0,36000,36000,36000,36000,0,0,0,0,0,36000,0,0,0,0,36000,36000,36000,36000,36000
Pasar Baru,Susu Bubuk Indomilk,0,33500,0,0,33500,33500,0,33500,33500,0,0,33500,33500,33500,33500,0,0,0,0,0,33500,0,0,0,0,33500,33500,33500,33500,33500
Pasar Baru,Ikan Kembung,0,40000,0,0,40000,40000,0,40000,40000,0,0,40000,40000,40000,40000,0,0,0,0,0,40000,0,0,0,0,40000,40000,40000,40000,40000