nama_kecamatan,jumlah_pengguna_IUD,persentase_pengguna_IUD,jumlah_pengguna_MOW,persentase_pengguna_MOW,jumlah_pengguna_MOP,persentase_pengguna_MOP,jumlah_pengguna_kondom,persentase_pengguna_kondom,jumlah_pengguna_implan,persentase_pengguna_implan,jumlah_pengguna_suntikan,persentase_pengguna_suntikan,jumlah_pengguna_pil,persentase_pengguna_pil,jumlah_peserta_kb_aktif
Sukasari ,2102,32.44,191,2.95,14,0.22,125,1.93,92,1.42,2631,40.61,1324,20.44,6479
Coblong ,7813,48.63,1213,7.55,23,0.14,679,4.23,292,1.82,4603,28.65,1442,8.98,16065
Babakan Ciparay ,3510,20.27,250,1.44,33,0.19,102,0.59,254,1.47,10467,60.45,2698,15.58,17314
Bojongloa Kaler ,5632,39.28,449,3.13,61,0.43,279,1.95,226,1.58,4733,33.01,2959,20.64,14339
Andir ,2637,33.36,845,10.69,21,0.27,171,2.16,285,3.61,1469,18.59,2476,31.33,7904
Cicendo ,2748,27.47,521,5.21,4,0.04,220,2.2,215,2.15,4276,42.74,2021,20.2,10005
Sukajadi ,3274,26.62,1810,14.72,32,0.26,513,4.17,183,1.49,3988,32.42,2500,20.33,12300
Cidadap ,1426,21.69,283,4.3,7,0.11,124,1.89,567,8.62,3214,48.89,953,14.5,6574
Bandung Wetan ,1673,46.58,453,12.61,73,2.03,82,2.28,116,3.23,743,20.68,452,12.58,3592
Astana Anyar ,2521,35.07,278,3.87,42,0.58,99,1.38,236,3.28,3126,43.48,887,12.34,7189
Regol ,4607,50.7,391,4.3,48,0.53,300,3.3,161,1.77,2976,32.75,603,6.64,9086
Batununggal ,3818,30.35,278,2.21,19,0.15,209,1.66,112,0.89,6141,48.81,2004,15.93,12581
Lengkong ,2218,41.39,235,4.39,17,0.32,206,3.84,212,3.96,1895,35.36,576,10.75,5359
Cibeunying Kidul ,4213,31.96,1144,8.68,53,0.4,285,2.16,322,2.44,5608,42.54,1558,11.82,13183
Bandung Kulon ,5210,52.43,308,3.1,10,0.1,154,1.55,383,3.85,2438,24.53,1435,14.44,9938
Kiaracondong ,4137,29.39,244,1.73,20,0.14,460,3.27,199,1.41,6555,46.57,2460,17.48,14075
Bojongloa Kidul ,2342,24.05,141,1.45,32,0.33,90,0.92,245,2.52,6077,62.39,813,8.35,9740
Cibeunying Kaler ,6855,61.23,300,2.68,27,0.24,124,1.11,59,0.53,2525,22.55,1306,11.66,11196
Sumur Bandung ,889,35.14,103,4.07,3,0.12,151,5.97,93,3.68,888,35.1,403,15.93,2530
Antapani ,2996,38.1,176,2.24,31,0.39,232,2.95,107,1.36,3355,42.66,967,12.3,7864
Bandung Kidul ,1679,27.26,123,2,7,0.11,130,2.11,65,1.06,2973,48.26,1183,19.2,6160
Buahbatu ,2960,30.15,142,1.45,26,0.26,160,1.63,161,1.64,5055,51.49,1314,13.38,9818
Rancasari ,2386,36.42,144,2.2,11,0.17,244,3.72,46,0.7,2625,40.06,1096,16.73,6552
Arcamanik ,2435,33.98,238,3.32,24,0.33,111,1.55,407,5.68,3143,43.85,809,11.29,7167
Cibiru ,1818,22.41,168,2.07,33,0.41,147,1.81,222,2.74,4011,49.43,1715,21.14,8114
Ujung Berung ,0,0,0,0,0,0,0,0,0,0,0,0,0,0,0
Gedebage ,2493,39.13,574,9.01,102,1.6,197,3.09,144,2.26,2081,32.66,780,12.24,6371
Panyileukan ,1651,37.77,147,3.36,3,0.07,207,4.74,112,2.56,1660,37.98,591,13.52,4371
Cinambo ,955,28.62,68,2.04,9,0.27,61,1.83,58,1.74,1632,48.91,554,16.6,3337
Mandalajati ,4282,38.94,291,2.65,12,0.11,211,1.92,172,1.56,4312,39.22,1715,15.6,10995
