lokasi,nama_komoditas,2017-06-01,2017-06-02,2017-06-03,2017-06-04,2017-06-05,2017-06-06,2017-06-07,2017-06-08,2017-06-09,2017-06-10,2017-06-11,2017-06-12,2017-06-13,2017-06-14,2017-06-15,2017-06-16,2017-06-17,2017-06-18,2017-06-19,2017-06-20,2017-06-21,2017-06-22,2017-06-23,2017-06-24,2017-06-25,2017-06-26,2017-06-27,2017-06-28,2017-06-29,2017-06-30
"Pasar Sederhana","Beras Medium",0,10000,0,0,10000,10000,10000,10000,10000,0,0,10000,10000,10000,0,10000,0,0,10000,10000,0,10000,0,0,0,0,0,0,0,0
"Pasar Sederhana","Cabe Merah",0,60000,0,0,35000,35000,35000,35000,35000,0,0,35000,35000,35000,0,35000,0,0,40000,40000,0,40000,0,0,0,0,0,0,0,0
"Pasar Sederhana","Bawang Merah",0,30000,0,0,30000,30000,30000,30000,30000,0,0,30000,30000,30000,0,30000,0,0,30000,30000,0,30000,0,0,0,0,0,0,0,0
"Pasar Sederhana","Daging Ayam Ras",0,36000,0,0,35000,35000,35000,35000,35000,0,0,35000,35000,35000,0,35000,0,0,37000,37000,0,37000,0,0,0,0,0,0,0,0
"Pasar Sederhana","Telur Ayam Ras",0,22000,0,0,35000,21000,21000,21000,21000,0,0,21000,21000,21000,0,21000,0,0,21000,21000,0,21000,0,0,0,0,0,0,0,0
"Pasar Sederhana","Daging Sapi",0,130000,0,0,130000,130000,130000,130000,130000,0,0,130000,130000,130000,0,130000,0,0,130000,130000,0,130000,0,0,0,0,0,0,0,0
"Pasar Sederhana","Minyak Goreng",0,14000,0,0,14000,14000,14000,14000,14000,0,0,14000,14000,14000,0,14000,0,0,14000,14000,0,14000,0,0,0,0,0,0,0,0
"Pasar Sederhana","Gula Pasir",0,14000,0,0,14000,14000,14000,14000,14000,0,0,14000,14000,14000,0,14000,0,0,14000,14000,0,14000,0,0,0,0,0,0,0,0
"Pasar Sederhana",Kentang,0,0,0,0,0,0,0,0,16000,0,0,0,16000,0,0,16000,0,0,0,0,0,0,0,0,0,0,0,0,0,0
"Pasar Sederhana",Kedelai,0,13000,0,0,13000,13000,13000,13000,13000,0,0,13000,13000,13000,0,13000,0,0,13000,13000,0,13000,0,0,0,0,0,0,0,0
"Pasar Sederhana","Tepung Terigu",0,7500,0,0,7500,7500,7500,7500,7500,0,0,7500,7500,7500,0,7500,0,0,7500,7500,0,7500,0,0,0,0,0,0,0,0
"Pasar Sederhana","Bawang Putih",0,55000,0,0,55000,55000,55000,55000,55000,0,0,55000,55000,55000,0,55000,0,0,55000,55000,0,55000,0,0,0,0,0,0,0,0
"Pasar Sederhana","Cabe Keriting",0,40000,0,0,35000,35000,35000,35000,35000,0,0,35000,35000,35000,0,35000,0,0,35000,35000,0,35000,0,0,0,0,0,0,0,0
"Pasar Sederhana","Cabe Rawit",0,60000,0,0,50000,50000,50000,50000,50000,0,0,50000,50000,50000,0,50000,0,0,50000,50000,0,50000,0,0,0,0,0,0,0,0
"Pasar Sederhana","Kacang Tanah",0,27000,0,0,27000,27000,27000,27000,27000,0,0,27000,27000,27000,0,27000,0,0,27000,27000,0,27000,0,0,0,0,0,0,0,0
"Pasar Sederhana","Ubi Kayu",0,4000,0,0,4000,4000,4000,4000,4000,0,0,4000,4000,4000,0,4000,0,0,4000,4000,0,4000,0,0,0,0,0,0,0,0
"Pasar Sederhana","Ubi Jalar",0,0,0,0,0,0,0,0,0,0,0,0,0,0,0,0,0,0,0,0,0,0,0,0,0,0,0,0,0,0
"Pasar Sederhana",Jagung,0,10000,0,0,10000,10000,10000,10000,10000,0,0,10000,10000,10000,0,10000,0,0,10000,10000,0,10000,0,0,0,0,0,0,0,0
"Pasar Sederhana","Ikan Olahan",0,70000,0,0,70000,70000,70000,70000,70000,0,0,70000,70000,70000,0,70000,0,0,70000,70000,0,70000,0,0,0,0,0,0,0,0
"Pasar Sederhana","Beras Premium",0,0,0,0,0,0,0,0,0,0,0,0,0,0,0,0,0,0,0,0,0,0,0,0,0,0,0,0,0,0
"Pasar Sederhana","Minyak Goreng Curah",0,12000,0,0,12000,12000,12000,12000,12000,0,0,12000,12000,12000,0,12000,0,0,12000,12000,0,12000,0,0,0,0,0,0,0,0
"Pasar Sederhana","Daging Ayam Kampung",0,90000,0,0,90000,90000,90000,90000,90000,0,0,90000,90000,90000,0,90000,0,0,90000,90000,0,90000,0,0,0,0,0,0,0,0
"Pasar Sederhana","Telur Ayam Kampung",0,44000,0,0,44000,44000,44000,44000,44000,0,0,44000,44000,44000,0,44000,0,0,44000,44000,0,44000,0,0,0,0,0,0,0,0
"Pasar Sederhana","Susu Kental Manis Merk Bendera",0,10000,0,0,10000,10000,10000,10000,10000,0,0,10000,10000,10000,0,10000,0,0,10000,10000,0,10000,0,0,0,0,0,0,0,0
"Pasar Sederhana","Susu Kental Manis Merk Indomilk",0,9500,0,0,9500,9500,9500,9500,9500,0,0,9500,9500,9500,0,9500,0,0,9500,9500,0,9500,0,0,0,0,0,0,0,0
"Pasar Sederhana","Garam Beryodium Bata",0,1500,0,0,1500,1500,1500,1500,1500,0,0,1500,1500,1500,0,1500,0,0,1500,1500,0,1500,0,0,0,0,0,0,0,0
"Pasar Sederhana","Garam Beryodium Halus",0,6000,0,0,6000,6000,6000,6000,0,0,0,6000,0,6000,0,0,0,0,6000,6000,0,6000,0,0,0,0,0,0,0,0
"Pasar Sederhana","Tepung Terigu Cakra Kembar",0,8000,0,0,8000,8000,8000,8000,8000,0,0,8000,8000,8000,0,8000,0,0,8000,8000,0,8000,0,0,0,0,0,0,0,0
"Pasar Sederhana","Tepung Terigu Kunci",0,7000,0,0,7000,7000,7000,7000,7000,0,0,7000,7000,7000,0,7000,0,0,7000,7000,0,7000,0,0,0,0,0,0,0,0
"Pasar Sederhana","Mie Instan",0,2500,0,0,2500,2500,2500,2500,2500,0,0,2500,2500,2500,0,2500,0,0,2500,2500,0,2500,0,0,0,0,0,0,0,0
"Pasar Sederhana","Cabe Rawit Hijau",0,40000,0,0,35000,35000,35000,35000,35000,0,0,35000,35000,35000,0,35000,0,0,35000,35000,0,35000,0,0,0,0,0,0,0,0
"Pasar Sederhana","Kacang Hijau",0,24000,0,0,24000,24000,24000,24000,24000,0,0,24000,24000,24000,0,24000,0,0,24000,24000,0,24000,0,0,0,0,0,0,0,0
"Pasar Sederhana","Susu Bubuk Dancow",0,41200,0,0,41200,41200,41200,41200,41200,0,0,41200,41200,41200,0,41200,0,0,41200,41200,0,41200,0,0,0,0,0,0,0,0
"Pasar Sederhana","Susu Bubuk Indomilk",0,36500,0,0,36500,36500,36500,36500,36500,0,0,36500,36500,36500,0,36500,0,0,36500,36500,0,36500,0,0,0,0,0,0,0,0
"Pasar Sederhana","Ikan Kembung",0,32000,0,0,32000,32000,32000,32000,32000,0,0,32000,32000,32000,0,32000,0,0,32000,32000,0,32000,0,0,0,0,0,0,0,0
