nama_kecamatan,iud_sisa_bulan_lalu,kondom_sisa_bulan_lalu,implant_sisa_bulan_lalu,suntikan_sisa_bulan_lalu,pil_sisa_bulan_lalu,iud_diterima_bulan_ini,kondom_diterima_bulan_ini,implant_diterima_bulan_ini,suntikan_diterima_bulan_ini,pil_keluar_bulan_ini,iud_keluar_bulan_ini,kondom_keluar_bulan_ini,implant_keluar_bulan_ini,suntikan_keluar_bulan_ini,pil_diterima_bulan_ini,iud_sisa_akhir_bulan_ini,kondom_sisa_akhir_bulan_ini,implant_sisa_akhir_bulan_ini,suntikan_sisa_akhir_bulan_ini,pil_sisa_akhir_bulan_ini
Sukasari,192,104,48,425,737,0,0,0,200,200,4,16,3,197,127,188,88,45,428,810
Coblong,159,73,48,360,1141,0,0,0,100,0,4,5,1,127,15,155,68,47,333,1126
Babakan Ciparay,119,835,25,597,765,0,0,0,0,0,1,4,0,84,24,118,831,25,513,741
Bojongloa Kaler,58,92,125,128,696,50,36,0,200,100,8,25,0,154,71,100,103,125,174,725
Andir,85,152,16,112,1111,50,0,0,0,0,8,13,2,78,2,127,139,14,34,1109
Cicendo,39,217,5,485,793,8,15,0,37,9,14,14,0,88,18,33,218,5,434,784
Sukajadi,64,36,0,19,69,125,24,0,608,300,140,50,0,620,341,49,10,0,7,28
Cidadap,109,93,30,261,1373,0,0,0,200,0,7,21,0,125,20,102,72,30,336,1353
Bandung Wetan,62,84,66,213,1039,0,0,0,100,0,15,7,0,13,12,47,77,66,300,1027
Astana Anyar,83,44,20,675,1548,152,2,0,200,100,98,6,0,208,143,137,40,20,667,1505
Regol,187,176,46,1089,1852,39,0,0,0,0,43,4,0,37,91,183,172,46,1052,1761
Batununggal,123,50,23,719,1823,50,24,0,100,0,15,23,0,154,43,158,51,23,665,1780
Lengkong,52,178,27,401,1171,25,26,0,220,5,1,7,0,73,24,76,197,27,548,1152
Cibeunying Kidul,124,12,10,281,1276,0,0,0,100,0,5,6,0,92,14,119,6,10,289,1262
Bandung Kulon,74,37,10,259,1291,50,0,10,300,0,9,16,0,132,51,115,21,20,427,1240
Kiaracondong,45,42,9,230,833,25,0,0,100,100,5,12,1,85,20,65,30,8,245,913
Bojongloa Kidul,40,12,7,293,295,0,0,0,0,0,4,5,0,5,3,36,7,7,288,292
Cibeunying Kaler,6,6,10,217,245,0,0,0,0,0,2,4,0,20,30,4,2,10,197,215
Sumur Bandung,22,10,5,392,1545,0,0,0,0,0,5,0,1,32,7,17,10,4,360,1538
Antapani,137,98,10,598,1594,0,0,0,100,100,1,4,0,71,20,136,94,10,627,1674
Bandung Kidul,157,28,35,335,935,0,12,0,100,0,0,6,1,52,49,157,34,34,383,886
Buahbatu,115,12,33,103,932,0,36,0,63,0,5,16,1,106,38,110,32,32,60,894
Rancasari,75,53,13,0,256,0,36,20,100,100,9,25,5,78,94,66,64,28,22,262
Arcamanik,142,160,9,267,1154,0,0,0,0,0,4,144,0,79,2,138,16,9,188,1152
Cibiru,130,79,36,490,627,0,0,0,200,100,6,11,3,137,151,124,68,33,553,576
Ujung Berung,22,20,10,231,312,0,0,0,0,0,1,6,0,43,22,21,14,10,188,290
Gedebage,104,22,19,484,845,0,24,0,100,100,6,8,1,68,103,98,38,18,516,842
Panyileukan,123,1,17,366,359,5,0,1,0,0,5,0,0,45,3,123,1,18,321,356
Cinambo,139,92,62,149,677,100,0,0,200,0,43,0,0,25,3,196,92,62,324,674
Mandalajati,169,137,19,591,1230,0,0,0,100,100,8,8,1,178,59,161,129,18,513,1271