nama_kecamatan,jumlah_pus,jml_pus_kps_ksi,persentase_pus_kps_ks1,jml_pus_jkn_penerima_bantuan,persentase_pus_jkn_terima_bantuan,jml_pus_jkn_bukan_penerima_bantuan,persentase_pus_jkn_bukan_penerima_bantuan,jml_pus_jkn,persentase_pus_jkn
Andir,27925,801,2.87,0,0,0,0,0,0
Antapani,11037,2206,19.99,1379,12.49,7439,67.4,8818,79.89
Arcamanik,8515,3367,39.54,0,0,0,0,0,0
Astana Anyar,10203,3347,32.8,941,9.22,2431,23.83,3372,33.05
Babakan Ciparay,26349,4812,18.26,4634,17.59,140,0.53,4774,18.12
Bandung Kidul,9071,4539,50.04,3852,42.46,4959,54.67,8811,97.13
Bandung Kulon,15554,9405,60.47,4973,31.97,4240,27.26,9213,59.23
Bandung Wetan,5022,3819,76.05,0,0,0,0,0,0
Batununggal,18557,9305,50.14,0,0,0,0,0,0
Bojongloa Kaler,18191,4602,25.3,7841,43.1,9477,52.1,17318,95.2
Bojongloa Kidul,12823,6498,50.67,2228,17.38,7756,60.49,9984,77.86
Buahbatu,13010,2585,19.87,1425,10.95,4220,32.44,5645,43.39
Cibeunying Kaler,9886,2923,29.57,2923,29.57,6963,70.43,9886,100
Cibeunying Kidul,17536,8842,50.42,8872,50.59,7238,41.28,16110,91.87
Cibiru,11278,4971,44.08,1923,17.05,2492,22.1,4415,39.15
Cicendo,14537,9345,64.28,0,0,0,0,0,0
Cidadap,9249,2021,21.85,2021,21.85,7228,78.15,9249,100
Cinambo,4769,1498,31.41,777,16.29,1511,31.68,2288,47.98
Coblong,17138,8120,47.38,156,0.91,248,1.45,404,2.36
Gedebage,10403,2922,28.09,530,5.09,2985,28.69,3515,33.79
Kiaracondong,19987,6241,31.23,0,0,0,0,0,0
Lengkong,7508,3148,41.93,387,5.15,7121,94.85,7508,100
Mandalajati,9388,3046,32.45,3034,32.32,6342,67.55,9376,99.87
Panyileukan,6005,1517,25.26,863,14.37,604,10.06,1467,24.43
Rancasari,10925,3385,30.98,1036,9.48,2349,21.5,3385,30.98
Regol,12842,3642,28.36,3641,28.35,9128,71.08,12769,99.43
Sukajadi,17457,14211,81.41,0,0,0,0,0,0
Sukasari,9190,3427,37.29,0,0,0,0,0,0
Sumur Bandung,3422,1474,43.07,0,0,0,0,0,0
Ujung Berung,23094,17005,73.63,5473,23.7,6136,26.57,11609,50.27
