lokasi,nama_komoditas,2017-12-01,2017-12-02,2017-12-03,2017-12-04,2017-12-05,2017-12-06,2017-12-07,2017-12-08,2017-12-09,2017-12-10,2017-12-11,2017-12-12,2017-12-13,2017-12-14,2017-12-15,2017-12-16,2017-12-17,2017-12-18,2017-12-19,2017-12-20,2017-12-21,2017-12-22,2017-12-23,2017-12-24,2017-12-25,2017-12-26,2017-12-27,2017-12-28,2017-12-29,2017-12-30,2017-12-31
"Pasar Sederhana","Beras Medium",0,0,0,0,10500,10500,10500,10000,0,0,12836,0,10500,10500,10500,0,0,10500,10500,10500,10500,10500,0,0,0,0,10500,10500,10500,0,0
"Pasar Sederhana","Cabe Merah",0,0,0,0,55000,55000,55000,55000,0,0,44026,0,60000,60000,60000,0,0,60000,60000,60000,60000,60000,0,0,0,0,60000,60000,60000,0,0
"Pasar Sederhana","Bawang Merah",0,0,0,0,28000,28000,28000,28000,0,0,32008,0,28000,28000,28000,0,0,28000,28000,28000,28000,28000,0,0,0,0,28000,28000,28000,0,0
"Pasar Sederhana","Daging Ayam Ras",0,0,0,0,33000,33000,33000,33000,0,0,32868,0,35000,35000,35000,0,0,36000,36000,36000,36000,36000,0,0,0,0,36000,36000,36000,0,0
"Pasar Sederhana","Telur Ayam Ras",0,0,0,0,24000,24000,24000,24000,0,0,21217,0,25000,25000,25000,0,0,25000,25000,25000,25000,25000,0,0,0,0,26000,26000,26000,0,0
"Pasar Sederhana","Daging Sapi",0,0,0,0,120000,120000,120000,120000,0,0,112019,0,0,0,0,0,0,0,120000,120000,120000,0,0,0,0,0,120000,0,120000,0,0
"Pasar Sederhana","Minyak Goreng",0,0,0,0,14000,14000,14000,14000,0,0,14365,0,14000,14000,14000,0,0,14000,14000,14000,14000,14000,0,0,0,0,14000,14000,14000,0,0
"Pasar Sederhana","Gula Pasir",0,0,0,0,12500,12500,12500,12500,0,0,13457,0,12500,12500,12500,0,0,12500,12500,12500,12500,12500,0,0,0,0,12500,12500,12500,0,0
"Pasar Sederhana",Kentang,0,0,0,0,16000,0,16000,16000,0,0,13937,0,15000,15000,15000,0,0,15000,15000,15000,15000,15000,0,0,0,0,15000,16000,16000,0,0
"Pasar Sederhana",Kedelai,0,0,0,0,12000,12000,12000,12000,0,0,12277,0,12000,12000,12000,0,0,12000,12000,12000,12000,12000,0,0,0,0,12000,12000,12000,0,0
"Pasar Sederhana","Tepung Terigu",0,0,0,0,7500,7500,7500,7500,0,0,8205,0,7500,7500,7500,0,0,7500,7500,7500,7500,7500,0,0,0,0,7500,7500,7500,0,0
"Pasar Sederhana","Bawang Putih",0,0,0,0,25000,25000,25000,25000,0,0,30541,0,30000,30000,30000,0,0,30000,25000,25000,25000,30000,0,0,0,0,25000,30000,25000,0,0
"Pasar Sederhana","Cabe Keriting",0,0,0,0,40000,40000,40000,40000,0,0,38313,0,45000,45000,45000,0,0,45000,45000,45000,45000,45000,0,0,0,0,45000,45000,45000,0,0
"Pasar Sederhana","Cabe Rawit",0,0,0,0,24000,24000,24000,24000,0,0,52128,0,28000,28000,28000,0,0,50000,50000,50000,50000,50000,0,0,0,0,60000,60000,60000,0,0
"Pasar Sederhana","Kacang Tanah",0,0,0,0,27000,27000,27000,27000,0,0,26448,0,27000,27000,27000,0,0,27000,27000,27000,27000,27000,0,0,0,0,27000,27000,27000,0,0
"Pasar Sederhana","Ubi Kayu",0,0,0,0,5000,5000,5000,5000,0,0,4074,0,5000,5000,5000,0,0,5000,5000,5000,5000,5000,0,0,0,0,5000,5000,5000,0,0
"Pasar Sederhana","Ubi Jalar",0,0,0,0,0,0,0,0,0,0,0,0,0,0,0,0,0,0,0,0,0,0,0,0,0,0,0,0,0,0,0
"Pasar Sederhana",Jagung,0,0,0,0,10000,10000,10000,10000,0,0,7966,0,10000,10000,10000,0,0,10000,10000,10000,10000,10000,0,0,0,0,10000,10000,10000,0,0
"Pasar Sederhana","Ikan Olahan",0,0,0,0,70000,70000,70000,70000,0,0,69511,0,70000,70000,70000,0,0,70000,70000,70000,70000,70000,0,0,0,0,70000,70000,70000,0,0
"Pasar Sederhana","Beras Premium",0,0,0,0,0,0,0,0,0,0,0,0,0,0,0,0,0,0,0,0,0,0,0,0,0,0,0,0,0,0,0
"Pasar Sederhana","Minyak Goreng Curah",0,0,0,0,12000,12000,12000,12000,0,0,11856,0,12000,12000,12000,0,0,12000,12000,12000,12000,12000,0,0,0,0,12000,12000,12000,0,0
"Pasar Sederhana","Daging Ayam Kampung",0,0,0,0,70000,70000,70000,70000,0,0,67332,0,70000,70000,70000,0,0,70000,70000,70000,70000,70000,0,0,0,0,70000,70000,70000,0,0
"Pasar Sederhana","Telur Ayam Kampung",0,0,0,0,44000,44000,44000,44000,0,0,44125,0,44000,44000,44000,0,0,44000,44000,44000,44000,44000,0,0,0,0,44000,44000,44000,0,0
"Pasar Sederhana","Susu Kental Manis Merk Bendera",0,0,0,0,0,10000,10000,0,0,0,9913,0,10000,10000,10000,0,0,10000,10000,10000,10000,10000,0,0,0,0,10000,10000,10000,0,0
"Pasar Sederhana","Susu Kental Manis Merk Indomilk",0,0,0,0,10000,10000,10000,10000,0,0,9578,0,10000,10000,10000,0,0,10000,10000,10000,10000,10000,0,0,0,0,10000,10000,10000,0,0
"Pasar Sederhana","Garam Beryodium Bata",0,0,0,0,3500,3500,3500,3500,0,0,1537,0,3500,3500,3500,0,0,3500,3500,3500,3500,3500,0,0,0,0,3500,3500,3500,0,0
"Pasar Sederhana","Garam Beryodium Halus",0,0,0,0,12000,12000,12000,12000,0,0,6116,0,12000,12000,12000,0,0,12000,0,0,12000,12000,0,0,0,0,0,12000,0,0,0
"Pasar Sederhana","Tepung Terigu Cakra Kembar",0,0,0,0,8000,8000,8000,8000,0,0,8350,0,8000,8000,8000,0,0,8000,8000,8000,8000,8000,0,0,0,0,8000,8000,8000,0,0
"Pasar Sederhana","Tepung Terigu Kunci",0,0,0,0,7000,7000,7000,7000,0,0,7895,0,7000,7000,7000,0,0,7000,7000,7000,7000,7000,0,0,0,0,7000,7000,7000,0,0
"Pasar Sederhana","Mie Instan",0,0,0,0,2300,2300,2300,2300,0,0,2204,0,2300,2300,2300,0,0,2300,2300,2300,2300,2300,0,0,0,0,2300,2300,2300,0,0
"Pasar Sederhana","Cabe Rawit Hijau",0,0,0,0,24000,24000,24000,24000,0,0,38153,0,25000,25000,25000,0,0,35000,35000,35000,35000,35000,0,0,0,0,35000,40000,40000,0,0
"Pasar Sederhana","Kacang Hijau",0,0,0,0,21000,21000,21000,21000,0,0,22381,0,21000,21000,21000,0,0,21000,21000,21000,21000,21000,0,0,0,0,21000,21000,21000,0,0
"Pasar Sederhana","Susu Bubuk Dancow",0,0,0,0,43700,43700,43700,43700,0,0,39682,0,43700,43700,43700,0,0,43700,43700,43700,43700,43700,0,0,0,0,43700,43700,43700,0,0
"Pasar Sederhana","Susu Bubuk Indomilk",0,0,0,0,36100,36100,36100,36100,0,0,35407,0,36100,36100,36100,0,0,36100,36100,36100,36100,36100,0,0,0,0,36100,36100,36100,0,0
"Pasar Sederhana","Ikan Kembung",0,0,0,0,40000,40000,40000,40000,0,0,31401,0,40000,40000,40000,0,0,40000,40000,40000,40000,40000,0,0,0,0,40000,40000,40000,0,0
