nama_kecamatan,jumlah_pus,jml_pus_kps_ksi,persentase_pus_kps_ks1,jml_pus_jkn_penerima_bantuan,persentase_pus_jkn_terima_bantuan,jml_pus_jkn_bukan_penerima_bantuan,persentase_pus_jkn_bukan_penerima_bantuan,jml_pus_jkn,persentase_pus_jkn
Sukasari,9209,3498,37.98,0,0,0,0,0,0
Coblong,17145,8120,47.36,285,1.66,389,2.27,674,3.93
Babakan Ciparay,26435,4821,18.24,4643,17.56,127,0.48,4770,18.04
Bojongloa Kaler,18252,4631,25.37,7871,43.12,10063,55.13,17934,98.26
Andir,17918,807,4.5,0,0,0,0,0,0
Cicendo,14574,9352,64.17,0,0,0,0,0,0
Sukajadi,17555,14254,81.2,0,0,0,0,0,0
Cidadap,9266,2048,22.1,2048,22.1,7218,77.9,9266,100
Bandung Wetan,5219,3819,73.17,0,0,0,0,0,0
Astana Anyar,10215,3639,35.62,1674,16.39,2650,25.94,4324,42.33
Regol,12842,3642,28.36,3592,27.97,9094,70.81,12686,98.79
Batununggal,18711,9305,49.73,0,0,0,0,0,0
Lengkong,7542,3148,41.74,408,5.41,6463,85.69,6871,91.1
Cibeunying Kidul,17537,8876,50.61,8876,50.61,8644,49.29,17520,99.9
Bandung Kulon,16918,9651,57.05,4496,26.58,5129,30.32,9625,56.89
Kiaracondong,20096,6204,30.87,0,0,0,0,0,0
Bojongloa Kidul,12901,6498,50.37,2228,17.27,7756,60.12,9984,77.39
Cibeunying Kaler,14273,2984,20.91,2973,20.83,5744,40.24,8717,61.07
Sumur Bandung,3406,1456,42.75,0,0,0,0,0,0
Antapani,10672,1261,11.82,1261,11.82,9411,88.18,10672,100
Bandung Kidul,9141,4039,44.19,3909,42.76,5232,57.24,9141,100
Buahbatu,13195,2630,19.93,1440,10.91,4220,31.98,5660,42.9
Rancasari,11048,3416,30.92,1476,13.36,2077,18.8,3553,32.16
Arcamanik,10303,2778,26.96,1931,18.74,0,0,1931,18.74
Cibiru,11354,4982,43.88,1926,16.96,2496,21.98,4422,38.95
Ujung Berung,23152,17005,73.45,5473,23.64,6136,26.5,11609,50.14
Gedebage,10615,2922,27.53,530,4.99,2985,28.12,3515,33.11
Panyileukan,6039,1523,25.22,863,14.29,599,9.92,1462,24.21
Cinambo,4822,1498,31.07,777,16.11,1511,31.34,2288,47.45
Mandalajati,12290,4448,36.19,4448,36.19,7842,63.81,12290,100