Nama Kecamatan,Nama Kelurahan,Tidak/belum sekolah,Belum tamat SD,Tamat SD,SMP,SMA,Diploma I dan II,Diploma III,Strata I,Strata 2,Strata 3
Regol,Ancol,1462,979,857,1146,3749,95,755,2229,231,24
Antapani,Antapani Kidul,3540,1820,1422,2066,7539,428,1785,5339,784,88
Antapani,Antapani Kulon,1650,933,1154,1281,3204,130,509,1582,275,34
Antapani,Antapani Tengah,3579,1700,1846,2077,6861,419,1636,4206,474,57
Antapani,Antapani Wetan,2857,1622,1694,2165,5612,233,856,2517,417,45
Cicendo,Arjuna,1656,1003,1299,1709,5060,254,604,1494,155,15
Babakan Ciparay,Babakan,4747,2970,7209,4989,7202,217,863,1293,73,11
Bojongloa Kaler,Babakan Asih,2591,1586,2606,2798,5347,158,433,856,42,0
Sumur Bandung,Babakan Ciamis,1155,639,780,923,3308,57,305,849,68,10
Babakan Ciparay,Babakan Ciparay,4861,3448,7026,5303,8855,190,555,1453,80,10
Cinambo,Babakan Penghulu,1159,726,1149,1112,1944,33,205,641,108,6
Kiaracondong,Babakansari,6626,2888,4796,5226,14088,223,1301,2817,188,23
Kiaracondong,Babakan Surabaya,3461,1559,3042,2941,6991,96,520,1116,98,7
Bojongloa Kaler,Babakan Tarogong,4744,2826,5433,5029,8943,206,519,954,42,3
Regol,Balonggede,1060,691,570,1061,3434,52,303,1043,60,7
Bandung Kidul,Batununggal,2904,1679,1933,2148,5849,179,843,2726,331,36
Batununggal,Binong,3042,1932,2523,3090,6205,68,425,1144,50,5
Sumur Bandung,Braga,791,448,531,851,2569,44,188,598,48,5
Lengkong,Burangrang,1376,865,966,1241,3525,165,746,1106,142,15
Andir,Campaka,2769,1795,2334,2914,6286,88,469,1246,107,12
Bandung Kulon,Caringin,1476,954,1292,1647,2557,91,334,913,99,18
Regol,Ciateul,861,666,457,815,3149,93,421,1132,74,9
Astana Anyar,Cibadak,1763,1192,1686,2028,5023,92,483,1132,59,8
Bojongloa Kidul,Cibaduyut,2019,1330,2974,2001,3126,57,183,418,24,4
Bojongloa Kidul,Cibaduyut Kidul,1466,925,2551,1379,1902,58,268,398,51,4
Bojongloa Kidul,Cibaduyut Wetan,1329,885,1516,978,1854,56,220,1036,57,6
Batununggal,Cibangkong,2762,1847,2312,2894,6764,68,499,1135,69,9
Bandung Kulon,Cibuntu,2943,1984,2685,3262,5820,166,454,961,52,4
Cibeunying Kidul,Cicadas,2600,1366,1618,2387,6049,148,591,1265,65,5
Kiaracondong,Cicaheum,2851,1411,2223,2386,6239,102,502,1261,113,13
Cibeunying Kaler,Cigadung,4673,2965,3528,3528,10578,190,1065,3597,624,149
Ujung Berung,Cigending,2463,1614,1667,2546,5316,187,622,1548,210,29
Regol,Cigereleng,1525,976,750,1201,4373,188,746,2118,181,29
Bandung Kulon,Cigondewah Kaler,3188,2209,5747,3481,3439,64,170,512,28,0
Bandung Kulon,Cigondewah Kidul,1461,1004,2387,1341,1665,24,204,752,40,4
Bandung Kulon,Cigondewah Rahayu,1678,1138,3101,1570,1906,57,198,567,33,1
Bandung Wetan,Cihapit,430,256,112,227,1025,77,397,1310,288,43
Cibeunying Kaler,Cihaur Geulis,1566,1244,851,1375,5049,89,658,1603,156,28
Lengkong,Cijagra,1459,1094,800,993,3281,131,706,2705,463,59
Buahbatu,Cijaura,4337,2432,3612,3597,8390,187,1320,3132,285,34
Bandung Kulon,Cijerah,3724,2498,3588,4314,7331,229,684,1533,169,24
Lengkong,Cikawao,1210,878,870,1223,3285,160,393,769,69,11
Cibeunying Kidul,Cikutra,3607,2026,2706,3283,7716,263,882,1997,174,23
Gedebage,Cimenerang,803,469,708,672,804,49,152,373,32,3
Cibiru,Pasir Biru,2567,1528,2391,2407,4878,125,357,992,116,25
Panyileukan,Mekar Mulya,1074,508,341,611,2330,137,520,1321,132,22
Panyileukan,Cipadung Wetan,602,355,655,679,936,21,49,144,10,0
Panyileukan,Cipadung Kulon,2008,1290,1437,1891,4230,155,541,1326,129,28
Coblong,Cipaganti,1651,1116,1333,1459,4305,53,379,1123,93,20
Rancasari,Cipamokolan,3680,2060,2472,2628,7012,295,1393,3367,502,49
Sukajadi,Cipedes,4466,3022,4346,4252,9860,278,1100,1632,136,24
Babakan Ciparay,Cirangrang,1655,1094,2888,1773,2618,68,219,614,72,10
Andir,Ciroyom,3185,1857,2930,3341,6940,63,327,914,39,7
Arcamanik,Cisaranten Bina Harapan,1918,1097,1745,1827,3526,89,382,1005,110,9
Arcamanik,Sindanglaya/Cisantren Endah,3109,1761,2678,2345,4838,185,887,2541,424,64
Gedebage,Cisantren Kidul,3204,1756,2060,2891,5780,256,1132,2744,338,45
Arcamanik,Cisaranten Kulon,3846,2052,2310,2790,6265,223,1135,3112,357,49
Cinambo,Pakemitan,1052,634,539,758,2563,32,251,486,33,9
Regol,Ciseureuh,2296,1652,2098,2301,5917,131,533,1186,80,11
Cibiru,Palasari,3345,1945,2310,3113,7647,238,750,1633,163,23
Bandung Wetan,Citarum,205,134,87,182,582,38,127,733,177,45
Cidadap,Ciumbuleuit,3601,2139,4580,2819,6717,148,595,1330,158,43
Coblong,Dago,5178,3208,4191,3970,11562,186,1086,3554,530,177
Rancasari,Derwati,2653,1767,2642,2631,5525,196,829,1649,150,12
Andir,Dungus Cariang,2878,1759,2497,2881,6948,99,460,1254,79,8
Andir,Garuda,1584,937,1031,1519,4097,58,383,1063,69,4
Sukasari,Gegerkalong,3363,1912,2474,2438,6701,356,1333,3610,612,122
Bandung Kulon,Gempolsari,3120,2085,2224,2886,6814,311,1061,2397,222,28
Batununggal,Gumuruh,2893,1841,2329,2638,5821,81,819,2408,278,42
Cidadap,Hegarmanah,2991,1851,2620,2371,7242,248,732,1893,187,32
Cicendo,Husen Sastranegara,2428,1515,2231,2345,5808,158,617,974,101,18
Sukasari,Isola,2059,1209,1982,1566,3915,111,523,1514,197,49
Bojongloa Kaler,Jamika,4365,2663,4786,4784,9089,241,588,1229,61,5
Buahbatu,Jatisari,1232,710,625,871,2353,77,636,1909,292,39
Mandalajati,Jatihandap,4280,2609,3604,3767,7819,92,807,2010,173,13
Batununggal,Kacapiring,1279,821,778,1188,3428,35,439,1124,98,12
Astana Anyar,Karanganyar,815,482,526,950,2681,42,206,1107,30,3
Mandalajati,Karang Pamulang,3002,1649,2376,2638,5665,69,516,1428,106,9
Astana Anyar,Karasak,1961,1267,1280,1947,4947,103,548,1476,87,8
Batununggal,Kebongedang,1490,983,1069,1640,3698,46,278,617,25,4
Kiaracondong,Kebon Jayanti,2109,1046,1679,1846,5210,80,327,690,30,2
Andir,Kebon Jeruk,1451,912,1374,1873,4636,55,301,1340,66,6
Kiaracondong,Kebon Kangkung,2027,900,1691,1786,4688,89,409,944,59,4
Bojongloa Kidul,Kebon Lega,3592,2300,3998,3556,7220,272,777,1847,115,20
Sumur Bandung,Kebon Pisang,1662,992,1387,1597,4831,92,397,1011,84,12
Batununggal,Kebonwaru,2138,1421,1731,2523,5440,61,417,1023,64,7
Bojongloa Kaler,Kopo,5082,3095,5111,4778,9117,271,779,1766,134,15
Bandung Kidul,Kujangsari,3543,1974,2721,2869,6619,184,784,2385,228,21
Coblong,Lebakgede,1560,974,1091,1247,3939,56,482,1365,160,21
Coblong,Lebak Siliwangi,575,349,515,531,1434,35,143,325,23,4
Cidadap,Ledeng,1586,1029,1457,1158,3553,90,281,1182,130,24
Lengkong,Lingkar Selatan,1370,927,489,1026,4302,194,612,1426,166,23
Lengkong,Malabar,1137,810,843,1102,2908,114,385,1111,168,15
Andir,Maleber,3049,1799,2414,3155,7620,87,565,1539,75,8
Batununggal,Maleer,2659,1676,2072,2803,6112,60,466,1092,57,6
Rancasari,Munjahlega,3136,1697,1400,1745,5758,403,2025,4863,740,102
Babakan Ciparay,Margahayu Utara,3335,2297,4147,3310,5474,169,654,2153,177,18
Buahbatu,Margasari,5887,3293,4586,4622,11197,340,2368,5233,604,59
Babakan Ciparay,Margasuka,1726,1263,2654,2147,3116,69,193,526,38,4
Rancasari,Mekarmulya,3008,1763,1946,1966,4856,282,1150,2607,305,25
Panyileukan,Cipadung Kidul,1944,1257,528,1112,5224,272,1056,2958,335,61
Bojongloa Kidul,Mekarwangi,1730,1104,2242,1723,2568,74,264,615,29,4
Bandung Kidul,Mengger,1675,1039,1297,1337,3026,84,269,1582,169,16
Sumur Bandung,Merdeka,1346,751,482,908,4045,86,552,1500,181,19
Cibeunying Kaler,Neglasari,1413,861,929,1229,3269,70,400,1103,158,14
Astana Anyar,Nyengseret,1729,1145,1672,2003,4285,101,334,835,48,6
Cibeunying Kidul,Padasuka,2491,1560,1845,2674,6060,208,584,1281,90,7
Cicendo,Pajajaran,3828,2491,3998,3622,8582,260,763,1507,146,25
Cinambo,Sukamulya,888,559,710,888,1817,28,159,389,20,9
Cibiru,Cisurupan,2095,1280,2605,1959,3711,106,299,708,99,10
Lengkong,Paledang,737,572,535,878,2409,109,331,772,60,11
Cicendo,Pamoyanan,985,592,706,886,3006,164,417,1194,131,14
Astana Anyar,Panjunan,1119,666,1247,1313,2544,41,183,433,30,2
Ujung Berung,Pasanggrahan,3021,2045,3012,3154,5248,241,637,1428,162,18
Cibiru,Cipadung,3419,1995,3081,3186,7205,214,611,1783,238,55
Ujung Berung,Pasir Endah,2350,1590,1289,2050,5130,241,780,2156,294,46
Mandalajati,Pasir Impun,2077,1212,2062,1888,3583,28,304,800,71,16
Ujung Berung,Pasirwangi,2643,1776,2501,2507,4470,190,446,898,75,13
Ujung Berung,Pasirjati,2730,1776,2243,2678,4955,181,642,1109,81,11
Cicendo,Pasir Kaliki,1122,729,874,1156,3340,145,470,1116,133,19
Cibeunying Kidul,Pasirlayung,3584,1966,2425,3013,7035,238,988,2315,236,37
Regol,Pasirluyu,2566,1675,2733,2351,5395,71,478,1284,109,14
Sukajadi,Pasteur,2484,1650,1865,2235,6471,197,852,2071,270,37
Astana Anyar,Pelindung Hewan,3067,1846,2400,3106,7279,159,549,1496,107,7
Regol,Pungkur,847,593,575,922,3029,111,403,899,69,6
Gedebage,Rancabolang,1957,1124,963,1152,2165,118,659,1846,214,15
Gedebage,Rancanumpang,689,571,383,591,1338,88,309,711,76,11
Coblong,Sadangserang,3949,2383,2617,3241,9810,183,997,2458,175,23
Batununggal,Samoja,2056,1310,1621,2036,5040,58,308,666,26,5
Sukasari,Sarijadi,4051,2182,2501,2506,8564,387,1790,4370,600,71
Buahbatu,Sekejati,3427,1869,2140,2375,7225,360,1815,4258,652,94
Coblong,Sekeloa,4144,2378,2839,3217,9682,174,953,2780,284,48
Mandalajati,Sindang Jaya,2407,1331,1453,1908,4419,46,660,1559,183,28
Bojongloa Kidul,Situsaeur,3031,2023,3079,3429,7258,243,694,1434,79,9
Bojongloa Kaler,Suka Asih,3200,1877,3146,3128,5886,208,500,1091,98,11
Sukajadi,Sukabungah,3167,2233,3111,3181,7215,202,794,1460,120,16
Sukajadi,Sukagalih,2711,1770,3071,2238,4949,155,585,2133,312,53
Cibeunying Kaler,Sukaluyu,2174,1326,1264,1679,5675,160,764,2366,291,59
Cibeunying Kidul,Sukamaju,1569,942,953,1373,4162,93,612,1469,87,18
Arcamanik,Sukamiskin,3043,1621,1544,1976,6218,251,1215,4281,814,118
Cinambo,Cisaranten Wetan,962,549,824,1008,1679,27,174,419,39,8
Cibeunying Kidul,Sukapada,3478,1979,2968,3303,7478,190,692,1652,177,25
Kiaracondong,Sukapura,4567,2161,3765,4320,9358,100,754,1880,144,10
Cicendo,Sukaraja,3432,2286,2665,3133,7804,276,925,2166,304,44
Sukasari,Sukarasa,2074,1115,2170,1579,3576,111,462,1614,274,41
Sukajadi,Sukawarna,2045,1340,2140,1806,4053,158,562,1500,201,31
Bandung Wetan,Tamansari,3187,2001,2287,2839,8701,310,922,2130,253,43
Lengkong,Turangga,1750,1315,620,1210,3761,234,1045,3860,794,123
Bandung Kulon,Warung Muncang,3269,2186,4513,3780,5647,155,342,782,50,15
Bandung Kidul,Wates,1450,843,1019,1407,2914,48,224,382,21,0
Babakan Ciparay,Sukahaji,4475,3207,6992,5271,7943,130,430,1225,67,8