No,Tgl,Waktu,Simpang,Tidak Menggunakan Helm,Berhenti di Zebra Cross,Berhenti di RHK,Berhenti Melebihi Stopline,Merokok,Kelebihan Muatan,Lainnya,Total Pelanggaran,Roda 2,Roda 4/Lebih,Lainnya,Total Kendaraan
1,06/01/2018,Pagi,Gedebage,0,1,5,3,0,0,0,9,4,5,0,9
2,06/01/2018,Pagi,Taman Sari,0,0,0,0,0,0,0,0,0,0,0,0
3,06/01/2018,Pagi,Aceh,0,0,0,0,0,0,0,0,0,0,0,0
4,06/01/2018,Sore,Cibaduyut,1,7,10,22,0,0,0,40,28,12,0,40
5,06/01/2018,Sore,Supratman,1,3,3,4,0,0,0,11,7,4,0,11
6,06/01/2018,Sore,Simpang Lima,0,4,0,15,0,0,1,20,11,9,0,20
7,06/02/2018,Pagi,Cipaganti 2,0,0,6,2,0,0,0,8,2,6,0,8
8,06/02/2018,Pagi,Telkom,0,0,7,2,0,0,0,9,2,7,0,9
9,06/02/2018,Pagi,Banda,0,8,0,6,0,0,0,14,12,2,0,14
10,06/02/2018,Sore,Kopo,0,5,6,20,0,0,0,31,18,13,0,31
11,06/02/2018,Sore,Gardujati,0,50,28,3,0,0,14,95,52,43,0,95
12,06/02/2018,Sore,Cipaganti 1,0,1,0,0,0,0,0,1,0,1,0,1
13,06/03/2018,Pagi,M Toha,0,6,0,4,0,0,54,64,63,1,0,64
14,06/03/2018,Pagi,Tamblong,0,2,2,0,0,0,0,4,2,2,0,4
15,06/03/2018,Pagi,Cimuncang,5,8,0,3,0,0,0,16,13,0,0,13
16,06/03/2018,Sore,Pasteur,0,4,0,17,0,0,0,21,17,1,0,18
17,06/03/2018,Sore,A Yani Laswi,0,1,1,3,0,0,0,5,2,2,0,4
18,06/03/2018,Sore,Trunojoyo,0,4,19,16,0,0,0,39,18,20,0,38
19,06/04/2018,Pagi,Buah Batu,0,0,0,0,0,0,0,0,1,0,0,1
20,06/04/2018,Pagi,Gudang utara,0,0,5,2,0,0,0,7,3,4,0,7
21,06/04/2018,Pagi,Merdeka Aceh,1,0,0,9,0,1,0,11,9,0,0,9
22,06/04/2018,Sore,Batununggal,0,0,13,27,0,0,0,40,22,18,0,40
23,06/04/2018,Sore,Merdeka juanda,0,0,0,0,0,0,0,0,0,0,0,0
24,06/04/2018,Sore,Cikutra,7,39,20,14,0,2,0,82,51,27,0,78
25,06/05/2018,Pagi,Pasir Koja,4,28,0,50,0,0,0,82,80,1,0,81
26,06/05/2018,Pagi,Pahlawan,2,9,5,6,0,0,0,22,14,8,0,22
27,06/05/2018,Pagi,Jamika,0,0,0,17,0,0,0,17,17,0,0,17
28,06/05/2018,Sore,Ujung Berung,0,10,0,8,0,0,0,18,17,1,0,18
29,06/05/2018,Sore,Anggrek,1,4,1,3,0,0,0,9,7,1,0,8
30,06/05/2018,Sore,Otista,0,2,12,0,0,0,0,14,0,14,0,14
31,06/06/2018,Pagi,Cibeureum,1,7,0,4,0,0,0,12,10,2,0,12
32,06/06/2018,Pagi,Lombok,0,9,0,22,0,0,4,35,33,2,0,35
33,06/06/2018,Pagi,Paskal Baru,0,0,0,0,0,0,0,0,0,0,0,0
34,06/06/2018,Sore,Sulanjana,0,21,0,29,0,0,0,50,46,4,0,50
35,06/06/2018,Sore,Paskal IP,0,0,0,0,0,0,0,0,0,0,0,0
36,06/06/2018,Sore,Cihapit,1,10,0,0,0,0,1,12,11,0,0,11
37,06/07/2018,Pagi,Samsat,0,0,0,0,0,0,0,0,0,0,0,0
38,06/07/2018,Pagi,Cihameplas,1,1,1,13,0,1,0,17,13,3,0,16
39,06/07/2018,Pagi,Padasuka,1,30,0,13,0,0,0,44,39,5,0,44
40,06/07/2018,Sore,Cicaheum,0,17,32,12,0,0,0,61,20,41,0,61
41,06/07/2018,Sore,Caringin,1,61,0,33,0,0,0,95,90,4,0,94
42,06/07/2018,Sore,Cikapayang,0,12,4,7,0,0,0,23,14,9,0,23
43,06/08/2018,Pagi,Gedebage,2,2,1,1,0,0,0,6,5,1,0,6
44,06/08/2018,Pagi,Tamansari,0,0,0,4,0,0,0,4,4,0,0,4
45,06/08/2018,Pagi,Aceh,0,0,0,0,0,0,0,0,0,0,0,0
46,06/08/2018,Sore,Cibaduyut,0,0,0,0,0,0,0,0,0,0,0,0
47,06/08/2018,Sore,Supratman,0,1,5,3,0,0,0,9,3,6,0,9
48,06/08/2018,Sore,S Lima,0,3,0,18,0,0,0,21,16,5,0,21
49,06/09/2018,Pagi,Cipaganti 2,0,1,6,2,0,0,0,9,3,6,0,9
50,06/09/2018,Pagi,Telkom,0,1,10,0,0,0,0,11,1,10,0,11
51,06/09/2018,Pagi,Banda,0,11,0,1,0,0,1,13,10,3,0,13
52,06/09/2018,Sore,Cipaganti ,0,0,0,4,0,0,0,4,3,1,0,4
53,06/09/2018,Sore,Gardujati,9,0,8,6,0,0,0,23,8,11,0,19
54,06/09/2018,Sore,Kopo,0,13,0,48,0,0,0,61,51,6,0,57
55,06/10/2018,Pagi,M Toha,1,0,0,21,0,0,22,44,42,1,0,43
56,06/10/2018,Pagi,Tamblong,0,1,1,0,0,0,0,2,1,1,0,2
57,06/10/2018,Pagi,Cimuncang,4,12,0,3,0,0,0,19,16,0,0,16
58,06/10/2018,Sore,Pasteur,0,2,0,10,0,0,0,12,11,1,0,12
59,06/10/2018,Sore,A Yani Laswi,0,2,1,2,0,0,0,5,4,1,0,5
60,06/10/2018,Sore,Trunojoyo,0,3,6,1,0,0,0,10,3,7,0,10
61,06/11/2018,Pagi,Buahbatu,0,1,2,0,0,0,0,3,1,2,0,3
62,06/11/2018,Pagi,Gudang Utara,0,3,9,10,0,0,0,22,13,9,0,22
63,06/11/2018,Pagi,Merdeka Aceh,0,4,0,18,0,0,0,22,22,0,0,22
64,06/11/2018,Sore,Batununggal,0,0,3,41,0,0,0,44,40,4,0,44
65,06/11/2018,Sore,Merdeka Juanda,0,0,0,0,0,0,0,0,0,0,0,0
66,06/11/2018,Sore,Cikutra,10,18,10,32,0,0,2,72,53,12,0,65
67,06/12/2018,Pagi,Pasir Koja,0,3,0,24,0,0,0,27,25,2,0,27
68,06/12/2018,Pagi,Pahlawan,3,4,3,7,0,0,0,17,13,4,0,17
69,06/12/2018,Pagi,Jamika,0,11,0,44,0,0,0,55,54,1,0,55
70,06/12/2018,Sore,Ujung Berung,1,0,0,21,0,0,0,22,19,2,0,21
71,06/12/2018,Sore,Anggrek,1,6,0,5,0,0,0,12,12,0,0,12
72,06/12/2018,Sore,Otista,0,6,7,3,0,0,0,16,8,8,0,16
73,13/06/2018,Pagi,Cibeureum,0,0,0,0,0,0,0,0,0,0,0,0
74,13/06/2018,Pagi,Lombok,0,7,0,14,0,0,0,21,17,4,1,22
75,13/06/2018,Pagi,Paskal Baru,0,0,0,0,0,0,0,0,0,0,0,0
76,13/06/2018,Sore,Sulanjana,0,3,0,11,0,0,0,14,13,1,0,14
77,13/06/2018,Sore,Paskal IP Cam,1,0,7,2,0,0,0,10,3,7,0,10
78,13/06/2018,Sore,Cihapit,3,4,0,14,0,0,0,21,16,2,0,18
79,14/06/2018,Pagi,Samsat ,3,1,1,3,0,0,0,8,7,1,0,8
80,14/06/2018,Pagi,Padasuka,0,17,1,7,0,0,0,25,20,3,0,23
81,14/06/2018,Pagi,Cihampelaz PTZ,0,2,1,7,0,0,0,10,7,2,0,9
82,14/06/2018,Sore,Cicaheum ,2,3,19,7,0,0,0,31,12,19,0,31
83,14/06/2018,Sore,Caringin,0,11,0,47,0,0,0,58,54,4,0,58
84,14/06/2018,Sore,Cikapayang PTZ,0,2,1,5,0,0,0,8,7,1,0,8
85,15/06/2018,Pagi,Gedebage,0,0,0,0,0,0,0,0,0,0,0,0
86,15/06/2018,Pagi,Tamansari,0,0,0,0,0,0,0,0,0,0,0,0
87,15/06/2018,Pagi,Aceh,0,0,0,0,0,0,0,0,0,0,0,0
88,15/06/2018,Sore,Cibaduyut,2,8,7,23,1,0,0,41,25,10,0,35
89,15/06/2018,Sore,Supratman ,1,10,0,1,0,0,0,12,10,0,0,10
90,15/06/2018,Sore,Simpang Lima,0,2,3,6,0,0,0,11,7,3,0,10
91,16/06/2018,Pagi,Cipaganti,0,0,6,5,0,0,0,11,6,5,0,11
92,16/06/2018,Pagi,Telkom,0,0,10,6,0,0,0,16,5,11,0,16
93,16/06/2018,Pagi,Banda,0,0,0,3,0,0,0,3,1,2,0,3
94,16/06/2018,Sore,Kopo,2,4,2,10,0,0,0,18,13,4,0,17
95,16/06/2018,Sore,Gardujati,4,14,11,13,0,0,9,51,35,13,0,48
96,16/06/2018,Sore,Cipaganti,0,0,0,4,0,0,0,4,3,1,0,4
97,17/06/2018,Pagi,M Toha,2,16,1,18,0,1,0,38,33,4,0,37
98,17/06/2018,Pagi,Tamblong,0,0,8,0,0,0,0,8,0,8,0,8
99,17/06/2018,Pagi,Cimuncang,4,10,8,11,0,0,0,33,22,9,0,31
100,17/06/2018,Sore,Pasteur,0,1,0,0,0,0,0,1,1,0,0,1
101,17/06/2018,Sore,A Yani Laswi,0,2,3,0,0,0,0,5,2,3,0,5
102,17/06/2018,Sore,Trunojoyo,0,2,8,0,0,0,0,10,2,8,0,10
103,18/06/2018,Pagi,Buah Batu,0,0,2,4,0,0,0,6,4,2,0,6
104,18/06/2018,Pagi,Gudang Utara,0,0,10,5,0,0,0,15,5,10,0,15
105,18/06/2018,Pagi,Merdeka Aceh,0,0,0,20,0,0,0,20,19,1,0,20
106,18/06/2018,Sore,Batununggal,0,0,0,22,0,0,0,22,19,3,0,22
107,18/06/2018,Sore,Merdeka Juanda,0,0,0,0,0,0,0,0,0,0,0,0
108,18/06/2018,Sore,Cikutra,23,25,6,20,0,0,0,74,49,8,0,57
109,19/06/2018,Pagi,Pasir Koja,5,0,0,0,5,0,0,10,0,5,0,5
110,19/06/2018,Pagi,Pahlawan ,0,2,0,3,0,0,0,5,4,1,0,5
111,19/06/2018,Pagi,Jamika,1,2,0,8,0,0,0,11,7,2,0,9
112,19/06/2018,Sore,Ujung Berung ,0,0,0,0,0,0,0,0,0,0,0,0
113,19/06/2018,Sore,Anggrek,0,7,9,8,0,0,0,24,14,10,0,24
114,19/06/2018,Sore,Otista Pasar Baru ,1,1,22,11,0,0,0,35,13,22,0,35
115,20/06/2018,Pagi,Cibeureum,0,0,0,0,0,0,0,0,0,0,0,0
116,20/06/2018,Pagi,Lombok,0,14,0,9,0,0,0,23,19,4,0,23
117,20/06/2018,Pagi,Paskal Baru,0,0,0,0,0,0,0,0,0,0,0,0
118,20/06/2018,Sore,Sulanjana,0,10,0,5,0,0,0,15,13,2,0,15
119,20/06/2018,Sore,Paskal IP Cam,0,0,4,0,0,0,0,4,0,4,0,4
120,20/06/2018,Sore,Cihapit,3,6,0,9,0,0,0,18,16,0,0,16
121,21/06/2018,Pagi,Samsat,0,1,0,2,0,0,0,3,3,0,0,3
122,21/06/2018,Pagi,Cihampelas,0,0,0,0,0,0,0,0,0,0,0,0
123,21/06/2018,Pagi,Padasuka,5,49,0,6,0,0,3,63,57,2,0,59
124,21/06/2018,Sore,Cicaheum,0,10,14,4,0,0,0,28,5,23,0,28
125,21/06/2018,Sore,Caringin,3,9,0,25,0,2,0,39,28,5,0,33
126,21/06/2018,Sore,Cikapayang,0,2,3,3,0,0,0,8,2,3,0,5
127,22/06/2018,Pagi,Gedebage,0,2,3,0,0,0,0,5,2,3,0,5
128,22/06/2018,Pagi,Tamansari,0,4,0,1,0,0,0,5,5,0,0,5
129,22/06/2018,Pagi,Aceh,0,10,0,1,0,0,0,11,11,0,0,11
130,22/06/2018,Sore,Cibaduyut,5,16,5,14,0,0,5,45,34,7,0,41
131,22/06/2018,Sore,Simpang Lima,1,7,0,5,0,0,0,13,13,8,0,21
132,22/06/2018,Sore,Supratman,0,0,4,1,0,0,0,5,1,4,0,5
133,23/06/2018,Pagi,Cipaganti 2,0,0,5,3,0,0,0,8,3,5,0,8
134,23/06/2018,Pagi,Telkom,1,4,8,0,0,0,0,13,4,9,0,13
135,23/06/2018,Pagi,Banda,0,10,0,0,0,0,0,10,6,4,0,10
136,23/06/2018,Sore,Kopo,3,12,0,47,0,0,0,62,56,3,0,59
137,23/06/2018,Sore,Gardujati,1,22,3,30,0,0,0,56,52,3,0,55
138,23/06/2018,Sore,Cipaganti 1,0,0,0,2,0,0,0,2,2,0,0,2
139,24/06/2018,Pagi,M Toha,0,0,0,4,0,0,0,4,3,1,0,4
140,24/06/2018,Pagi,Tamblong,0,0,1,0,0,0,0,1,0,0,0,0
141,24/06/2018,Pagi,Cimuncang,0,13,0,17,0,0,0,30,24,1,0,25
142,24/06/2018,Sore,Pasteur,0,15,0,19,0,0,0,34,26,8,0,34
143,24/06/2018,Sore,A Yani Laswi,0,1,3,4,0,0,0,8,4,4,0,8
144,24/06/2018,Sore,Trunojoyo,0,18,19,10,0,0,0,47,21,26,0,47
145,25/06/2018,Pagi,Buah Batu,4,0,0,25,0,0,0,29,23,2,0,25
146,25/06/2018,Pagi,Gudang Utara,0,8,9,5,0,0,0,22,12,10,0,22
147,25/06/2018,Pagi,Merdeka Aceh,0,0,0,15,0,0,0,15,14,1,0,15
148,25/06/2018,Sore,Batununggal,0,0,17,4,0,0,0,21,4,17,0,21
149,25/06/2018,Sore,Merdeka Juanda,0,5,0,16,0,0,0,21,20,1,0,21
150,25/06/2018,Sore,Cikutra,0,12,23,2,0,0,0,37,12,25,0,37
151,26/06/2018,Pagi,Jamika ,1,12,0,6,0,0,0,19,11,4,0,15
152,26/06/2018,Pagi,Pahlawan,0,3,0,8,0,0,0,11,11,0,0,11
153,26/06/2018,Pagi,Pasir Koja,0,7,0,18,0,0,0,25,22,3,0,25
154,26/06/2018,Sore,Ujung Berung,0,32,0,1,0,0,0,33,23,10,0,33
155,26/06/2018,Sore,Anggrek,0,1,19,6,0,0,0,26,7,19,0,26
156,26/06/2018,Sore,Otista,0,7,28,2,0,0,0,37,5,32,0,37
157,27/06/2018,Pagi,Cibeureum,1,5,0,5,0,0,0,11,9,2,0,11
158,27/06/2018,Pagi,Lombok,0,6,0,3,0,0,0,9,7,2,0,9
159,27/06/2018,Pagi,Paskal,0,0,0,0,0,0,0,0,0,0,0,0
160,27/06/2018,Sore,Sulanjana,0,0,0,0,0,0,0,0,0,0,0,0
161,27/06/2018,Sore,Paskal IP,0,0,7,1,0,0,0,8,0,7,0,7
162,27/06/2018,Sore,Cihapit,2,6,0,14,0,0,0,22,20,2,0,22
163,28/06/2018,Pagi,Samsat,0,0,0,2,0,0,0,2,2,0,0,2
164,28/06/2018,Pagi,Cihampelas,1,3,2,6,0,0,0,12,7,4,0,11
165,28/06/2018,Pagi,Padasuka,7,32,0,4,0,0,0,43,40,1,0,41
166,28/06/2018,Sore,Cicaheum,0,27,45,42,0,1,0,115,38,76,0,114
167,28/06/2018,Sore,Caringin,2,30,0,38,0,1,0,71,66,3,0,69
168,28/06/2018,Sore,Cikapayang,0,0,1,2,0,0,0,3,1,2,0,3
