lokasi,nama_komoditas,2018-07-01,2018-07-02,2018-07-03,2018-07-04,2018-07-05,2018-07-06,2018-07-07,2018-07-08,2018-07-09,2018-07-10,2018-07-11,2018-07-12,2018-07-13,2018-07-14,2018-07-15,2018-07-16,2018-07-17,2018-07-18,2018-07-19,2018-07-20,2018-07-21,2018-07-22,2018-07-23,2018-07-24,2018-07-25,2018-07-26,2018-07-27,2018-07-28,2018-07-29,2018-07-30,2018-07-31
"Pasar Kosambi","Beras Medium",0,10500,10500,10500,10500,10500,0,0,10500,10500,10500,0,0,0,0,0,10500,10500,10500,0,0,0,10500,10500,10500,10500,10500,0,0,10500,10500
"Pasar Kosambi","Cabe Merah",0,50000,50000,50000,50000,50000,0,0,50000,60000,60000,0,0,0,0,0,60000,60000,60000,0,0,0,60000,60000,60000,60000,60000,0,0,60000,60000
"Pasar Kosambi","Bawang Merah",0,35000,35000,35000,35000,35000,0,0,35000,40000,40000,0,0,0,0,0,40000,35000,35000,0,0,0,35000,35000,35000,35000,35000,0,0,30000,30000
"Pasar Kosambi","Daging Ayam Ras",0,38000,38000,38000,38000,38000,0,0,40000,44000,44000,0,0,0,0,0,43000,43000,43000,0,0,0,43000,43000,43000,43000,43000,0,0,42000,40000
"Pasar Kosambi","Telur Ayam Ras",0,27000,27000,26000,24000,24000,0,0,29000,28000,28000,0,0,0,0,0,28000,28000,28000,0,0,0,27000,26000,26000,26000,26000,0,0,26000,25000
"Pasar Kosambi","Daging Sapi",0,120000,120000,120000,120000,120000,0,0,120000,120000,120000,0,0,0,0,0,120000,120000,1200000,0,0,0,120000,120000,120000,120000,120000,0,0,120000,120000
"Pasar Kosambi","Minyak Goreng",0,15000,15000,15000,15000,15000,0,0,15000,15000,15000,0,0,0,0,0,15000,15000,15000,0,0,0,15000,15000,15000,15000,15000,0,0,15000,15000
"Pasar Kosambi","Gula Pasir",0,12500,12500,12500,12500,12500,0,0,12500,12500,12500,0,0,0,0,0,12500,12500,12500,0,0,0,12500,12500,12500,12500,12500,0,0,12500,12500
"Pasar Kosambi",Kentang,0,16000,16000,16000,16000,16000,0,0,16000,16000,16000,0,0,0,0,0,16000,16000,16000,0,0,0,16000,16000,16000,16000,16000,0,0,16000,16000
"Pasar Kosambi",Kedelai,0,10000,10000,10000,10000,10000,0,0,10000,10000,10000,0,0,0,0,0,10000,10000,10000,0,0,0,10000,10000,10000,10000,10000,0,0,10000,10000
"Pasar Kosambi","Tepung Terigu",0,7500,7500,7500,7500,7500,0,0,7500,7500,7500,0,0,0,0,0,7500,7500,7500,0,0,0,7500,7500,7500,7500,7500,0,0,7500,7500
"Pasar Kosambi","Bawang Putih",0,35000,35000,30000,32000,30000,0,0,32000,32000,32000,0,0,0,0,0,32000,30000,30000,0,0,0,30000,30000,30000,30000,30000,0,0,28000,28000
"Pasar Kosambi","Cabe Keriting",0,35000,35000,40000,40000,40000,0,0,40000,40000,40000,0,0,0,0,0,40000,40000,40000,0,0,0,40000,40000,40000,40000,40000,0,0,40000,40000
"Pasar Kosambi","Cabe Rawit",0,60000,60000,70000,60000,60000,0,0,60000,66000,66000,0,0,0,0,0,66000,66000,66000,0,0,0,66000,66000,66000,66000,66000,0,0,55000,55000
"Pasar Kosambi","Kacang Tanah",0,24000,24000,24000,24000,24000,0,0,24000,24000,24000,0,0,0,0,0,24000,24000,24000,0,0,0,24000,24000,24000,24000,24000,0,0,24000,24000
"Pasar Kosambi","Ubi Kayu",0,4000,4000,4000,4000,4000,0,0,4000,4000,4000,0,0,0,0,0,4000,4000,4000,0,0,0,4000,4000,4000,4000,4000,0,0,4000,4000
"Pasar Kosambi","Ubi Jalar",0,0,0,0,0,0,0,0,0,0,0,0,0,0,0,0,0,0,0,0,0,0,0,0,0,0,0,0,0,0,0
"Pasar Kosambi",Jagung,0,10000,10000,10000,10000,10000,0,0,10000,10000,10000,0,0,0,0,0,10000,10000,10000,0,0,0,10000,10000,10000,10000,10000,0,0,10000,10000
"Pasar Kosambi","Ikan Olahan",0,80000,80000,80000,80000,80000,0,0,80000,80000,80000,0,0,0,0,0,80000,80000,80000,0,0,0,80000,80000,80000,80000,80000,0,0,80000,80000
"Pasar Kosambi","Beras Premium",0,0,0,0,0,0,0,0,0,0,0,0,0,0,0,0,0,0,0,0,0,0,0,0,0,0,0,0,0,0,0
"Pasar Kosambi","Minyak Goreng Curah",0,12000,12000,12000,12000,12000,0,0,12000,12000,12000,0,0,0,0,0,12000,12000,12000,0,0,0,12000,12000,12000,12000,12000,0,0,12000,12000
"Pasar Kosambi","Daging Ayam Kampung",0,75000,75000,75000,75000,75000,0,0,75000,75000,75000,0,0,0,0,0,75000,75000,75000,0,0,0,75000,75000,75000,75000,75000,0,0,75000,75000
"Pasar Kosambi","Telur Ayam Kampung",0,45000,45000,45000,45000,45000,0,0,45000,45000,45000,0,0,0,0,0,45000,45000,45000,0,0,0,45000,45000,45000,45000,45000,0,0,26000,45000
"Pasar Kosambi","Susu Kental Manis Merk Bendera",0,10000,10000,10000,10000,10000,0,0,10000,10000,10000,0,0,0,0,0,10000,10000,10000,0,0,0,10000,10000,10000,10000,10000,0,0,10000,10000
"Pasar Kosambi","Susu Kental Manis Merk Indomilk",0,9500,9500,9500,9500,9500,0,0,9500,9500,9500,0,0,0,0,0,9500,9500,9500,0,0,0,9500,9500,9500,9500,9500,0,0,9500,9500
"Pasar Kosambi","Garam Beryodium Bata",0,2500,2500,2500,2500,2500,0,0,2500,2500,2500,0,0,0,0,0,2500,2500,2500,0,0,0,2500,2500,2500,2500,2500,0,0,2500,2500
"Pasar Kosambi","Garam Beryodium Halus",0,12000,12000,12000,12000,12000,0,0,12000,12000,12000,0,0,0,0,0,12000,12000,12000,0,0,0,12000,12000,12000,12000,12000,0,0,12000,12000
"Pasar Kosambi","Tepung Terigu Cakra Kembar",0,7500,7500,7500,7500,7500,0,0,7500,7500,7500,0,0,0,0,0,7500,7500,7500,0,0,0,7500,7500,7500,7500,7500,0,0,7500,7500
"Pasar Kosambi","Tepung Terigu Kunci",0,7000,7000,7000,7000,7000,0,0,7000,7000,7000,0,0,0,0,0,7000,7000,7000,0,0,0,7000,7000,7000,7000,7000,0,0,7000,7000
"Pasar Kosambi","Mie Instan",0,2300,2300,2300,2300,2300,0,0,2300,2300,2300,0,0,0,0,0,2300,2300,2300,0,0,0,2300,2300,2300,2300,2300,0,0,2300,2300
"Pasar Kosambi","Cabe Rawit Hijau",0,45000,45000,45000,45000,45000,0,0,45000,45000,45000,0,0,0,0,0,45000,45000,45000,0,0,0,45000,45000,45000,45000,45000,0,0,45000,45000
"Pasar Kosambi","Kacang Hijau",0,20000,20000,20000,20000,20000,0,0,20000,20000,20000,0,0,0,0,0,20000,20000,20000,0,0,0,20000,20000,20000,20000,20000,0,0,20000,20000
"Pasar Kosambi","Susu Bubuk Dancow",0,34500,34500,34500,34500,34500,0,0,34500,34500,34500,0,0,0,0,0,34500,34500,34500,0,0,0,34500,34500,34500,34500,34500,0,0,34500,34500
"Pasar Kosambi","Susu Bubuk Indomilk",0,30000,30000,30000,30000,30000,0,0,30000,30000,30000,0,0,0,0,0,30000,30000,30000,0,0,0,30000,30000,30000,30000,30000,0,0,30000,30000
"Pasar Kosambi","Ikan Kembung",0,45000,45000,45000,45000,45000,0,0,45000,45000,45000,0,0,0,0,0,45000,45000,45000,0,0,0,45000,45000,45000,45000,45000,0,0,45000,45000
