nama_kecamatan,jumlah_pengguna_IUD,persentase_pengguna_IUD,jumlah_pengguna_MOW,persentase_pengguna_MOW,jumlah_pengguna_MOP,persentase_pengguna_MOP,jumlah_pengguna_kondom,persentase_pengguna_kondom,jumlah_pengguna_implan,persentase_pengguna_implan,jumlah_pengguna_suntikan,persentase_pengguna_suntikan,jumlah_pengguna_pil,persentase_pengguna_pil,jumlah_peserta_kb_aktif
Sukasari,2222,32.47,195,2.85,14,0.2,129,1.89,123,1.8,2784,40.68,1376,20.11,6843
Coblong,4626,36.16,1218,9.52,23,0.18,680,5.31,305,2.38,4532,35.42,1410,11.02,12794
Babakan Ciparay,3709,19.82,254,1.36,33,0.18,105,0.56,302,1.61,11567,61.81,2744,14.66,18714
Bojongloa Kaler,5739,40.44,453,3.19,63,0.44,261,1.84,221,1.56,4507,31.76,2948,20.77,14192
Andir,3202,25.3,1012,8,21,0.17,277,2.19,236,1.87,5425,42.87,2481,19.61,12654
Cicendo,2836,27.28,543,5.22,5,0.05,243,2.34,229,2.2,4472,43.02,2066,19.88,10394
Sukajadi,3510,27.08,1836,14.17,19,0.15,592,4.57,400,3.09,4043,31.19,2561,19.76,12961
Cidadap,1396,21.68,241,3.74,6,0.09,77,1.2,551,8.56,3196,49.64,971,15.08,6438
Bandung Wetan,1793,45.2,460,11.6,73,1.84,88,2.22,128,3.23,850,21.43,575,14.49,3967
Astana Anyar,2664,35.53,264,3.52,26,0.35,65,0.87,230,3.07,3317,44.24,932,12.43,7498
Regol,4759,50.1,391,4.12,48,0.51,325,3.42,188,1.98,3145,33.11,643,6.77,9499
Batununggal,4023,30.06,278,2.08,19,0.14,233,1.74,128,0.96,6670,49.84,2032,15.18,13383
Lengkong,2281,41.98,222,4.09,3,0.06,204,3.75,203,3.74,1943,35.76,577,10.62,5433
Cibeunying Kidul,4490,32.42,1144,8.26,6,0.04,300,2.17,331,2.39,6008,43.38,1572,11.35,13851
Bandung Kulon,6201,42.35,328,2.24,10,0.07,528,3.61,704,4.81,3729,25.47,3141,21.45,14641
Kiaracondong,4513,29.89,256,1.7,17,0.11,363,2.4,233,1.54,7289,48.27,2429,16.09,15100
Bojongloa Kidul,2474,24.65,153,1.52,12,0.12,92,0.92,245,2.44,6232,62.1,827,8.24,10035
Cibeunying Kaler,4248,59.88,358,5.05,27,0.38,134,1.89,104,1.47,922,13,1301,18.34,7094
Sumur Bandung,931,37.39,107,4.3,5,0.2,147,5.9,94,3.78,843,33.86,363,14.58,2490
Antapani,3078,39.25,178,2.27,31,0.4,234,2.98,111,1.42,3297,42.04,914,11.65,7843
Bandung Kidul,1909,27.82,121,1.76,7,0.1,290,4.23,125,1.82,3126,45.55,1285,18.72,6863
Buahbatu,3230,31.14,167,1.61,21,0.2,190,1.83,193,1.86,5292,51.02,1279,12.33,10372
Rancasari,2707,37.61,149,2.07,11,0.15,251,3.49,70,0.97,2905,40.36,1104,15.34,7197
Arcamanik,2350,31.18,237,3.14,12,0.16,355,4.71,190,2.52,3012,39.96,1382,18.33,7538
Cibiru,1964,22.11,173,1.95,33,0.37,177,1.99,272,3.06,4424,49.8,1840,20.71,8883
Ujung Berung,10518,71.79,132,0.9,58,0.4,259,1.77,378,2.58,1662,11.34,1645,11.23,14652
Gedebage,2852,36.46,585,7.48,102,1.3,199,2.54,159,2.03,2615,33.43,1310,16.75,7822
Panyileukan,1847,38.75,157,3.29,2,0.04,229,4.8,143,3,1802,37.8,587,12.31,4767
Cinambo,1065,29.91,69,1.94,9,0.25,61,1.71,65,1.83,1737,48.78,555,15.59,3561
Mandalajati,2113,23.13,295,3.23,13,0.14,220,2.41,181,1.98,4553,49.84,1760,19.27,9135