lokasi,nama_komoditas,2018-10-01,2018-10-02,2018-10-03,2018-10-04,2018-10-05,2018-10-06,2018-10-07,2018-10-08,2018-10-09,2018-10-10,2018-10-11,2018-10-12,2018-10-13,2018-10-14,2018-10-15,2018-10-16,2018-10-17,2018-10-18,2018-10-19,2018-10-20,2018-10-21,2018-10-22,2018-10-23,2018-10-24,2018-10-25,2018-10-26,2018-10-27,2018-10-28,2018-10-29,2018-10-30,2018-10-31
Pasar Andir,Beras Medium,11000,0,11000,11000,11000,0,0,11000,11000,0,11000,0,0,0,11000,11000,0,11000,11000,0,0,11000,11000,11000,11000,0,0,0,11000,0,11000
Pasar Andir,Cabe Merah,30000,0,30000,30000,30000,0,0,30000,30000,0,35000,0,0,0,38000,38000,0,38000,38000,0,0,38000,38000,38000,38000,0,0,0,38000,0,38000
Pasar Andir,Bawang Merah,20000,0,20000,20000,20000,0,0,22000,22000,0,22000,0,0,0,22000,22000,0,22000,22000,0,0,22000,22000,22000,22000,0,0,0,22000,0,22000
Pasar Andir,Daging Ayam Ras,32000,0,32000,32000,32000,0,0,33000,33000,0,34000,0,0,0,34000,34000,0,32000,32000,0,0,35000,35000,35000,34000,0,0,0,34000,0,34000
Pasar Andir,Telur Ayam Ras,21000,0,21000,21000,22000,0,0,22000,22000,0,22000,0,0,0,22000,22000,0,21000,21000,0,0,21000,21000,21000,21000,0,0,0,21000,0,21000
Pasar Andir,Daging Sapi,115000,0,115000,115000,115000,0,0,115000,115000,0,115000,0,0,0,115000,115000,0,115000,115000,0,0,115000,115000,115000,115000,0,0,0,115000,0,115000
Pasar Andir,Minyak Goreng,14500,0,14500,14500,14500,0,0,14500,14500,0,14500,0,0,0,14500,14500,0,14500,14500,0,0,14500,14500,14500,14500,0,0,0,14500,0,14500
Pasar Andir,Gula Pasir,12500,0,12500,12500,12500,0,0,12500,12500,0,12500,0,0,0,12500,12500,0,12500,12500,0,0,12500,12500,12500,12500,0,0,0,12500,0,12500
Pasar Andir,Kentang,13000,0,13000,13000,13000,0,0,13000,13000,0,13000,0,0,0,13000,13000,0,13000,13000,0,0,13000,13000,13000,13000,0,0,0,13000,0,13000
Pasar Andir,Kedelai,11000,0,11000,11000,11000,0,0,11000,11000,0,11000,0,0,0,11000,11000,0,11000,11000,0,0,11000,11000,11000,11000,0,0,0,11000,0,11000
Pasar Andir,Tepung Terigu,7500,0,7500,7500,7500,0,0,7500,7500,0,7500,0,0,0,7500,7500,0,7500,7500,0,0,7500,7500,7500,7500,0,0,0,7500,0,7500
Pasar Andir,Bawang Putih,24000,0,24000,24000,24000,0,0,24000,24000,0,24000,0,0,0,24000,24000,0,24000,24000,0,0,24000,24000,24000,24000,0,0,0,24000,0,24000
Pasar Andir,Cabe Keriting,30000,0,30000,30000,30000,0,0,30000,30000,0,35000,0,0,0,36000,36000,0,36000,36000,0,0,40000,40000,40000,40000,0,0,0,40000,0,40000
Pasar Andir,Cabe Rawit,30000,0,30000,30000,30000,0,0,30000,30000,0,30000,0,0,0,30000,30000,0,30000,30000,0,0,30000,30000,30000,32000,0,0,0,28000,0,28000
Pasar Andir,Kacang Tanah,27000,0,27000,27000,27000,0,0,27000,27000,0,27000,0,0,0,27000,27000,0,27000,27000,0,0,27000,27000,27000,27000,0,0,0,27000,0,27000
Pasar Andir,Ubi Kayu,3000,0,3000,3000,3000,0,0,3000,3000,0,3000,0,0,0,3000,3000,0,3000,3000,0,0,3000,3000,3000,3000,0,0,0,3000,0,3000
Pasar Andir,Ubi Jalar,0,0,0,0,0,0,0,0,0,0,0,0,0,0,0,0,0,0,0,0,0,0,0,0,0,0,0,0,0,0,0
Pasar Andir,Jagung,10000,0,10000,10000,10000,0,0,10000,10000,0,10000,0,0,0,10000,10000,0,10000,10000,0,0,10000,10000,10000,10000,0,0,0,10000,0,10000
Pasar Andir,Ikan Olahan,70000,0,70000,70000,70000,0,0,70000,70000,0,70000,0,0,0,70000,70000,0,70000,70000,0,0,70000,70000,70000,70000,0,0,0,70000,0,70000
Pasar Andir,Beras Premium,0,0,0,0,0,0,0,0,0,0,0,0,0,0,0,0,0,0,0,0,0,0,0,0,0,0,0,0,0,0,0
Pasar Andir,Minyak Goreng Curah,11500,0,11500,11500,11500,0,0,11500,11500,0,11500,0,0,0,11500,11500,0,11500,11500,0,0,11500,11500,11500,11500,0,0,0,11500,0,11500
Pasar Andir,Daging Ayam Kampung,75000,0,75000,75000,75000,0,0,75000,75000,0,75000,0,0,0,75000,75000,0,75000,75000,0,0,75000,75000,75000,75000,0,0,0,75000,0,75000
Pasar Andir,Telur Ayam Kampung,45000,0,45000,45000,45000,0,0,45000,45000,0,45000,0,0,0,45000,45000,0,45000,45000,0,0,45000,45000,45000,45000,0,0,0,45000,0,45000
Pasar Andir,Susu Kental Manis Merk Bendera,9500,0,9500,9500,9500,0,0,9500,9500,0,9500,0,0,0,9500,9500,0,9500,9500,0,0,9500,9500,9500,9500,0,0,0,9500,0,9500
Pasar Andir,Susu Kental Manis Merk Indomilk,9000,0,9000,9000,9000,0,0,9000,9000,0,9000,0,0,0,9000,9000,0,9000,9000,0,0,9000,9000,9000,9000,0,0,0,9000,0,9000
Pasar Andir,Garam Beryodium Bata,2000,0,2000,2000,2000,0,0,2000,2000,0,2000,0,0,0,2000,2000,0,2000,2000,0,0,2000,2000,2000,2000,0,0,0,2000,0,2000
Pasar Andir,Garam Beryodium Halus,8000,0,8000,8000,8000,0,0,8000,8000,0,8000,0,0,0,8000,8000,0,8000,8000,0,0,8000,8000,8000,8000,0,0,0,8000,0,8000
Pasar Andir,Tepung Terigu Cakra Kembar,7500,0,7500,7500,7500,0,0,7500,7500,0,7500,0,0,0,7500,7500,0,7500,7500,0,0,7500,7500,7500,7500,0,0,0,7500,0,7500
Pasar Andir,Tepung Terigu Kunci,7000,0,7000,7000,7000,0,0,7000,7000,0,7000,0,0,0,7000,7000,0,7000,7000,0,0,7000,7000,7000,7000,0,0,0,7000,0,7000
Pasar Andir,Mie Instan,2000,0,2000,2000,2000,0,0,2000,2000,0,2000,0,0,0,2000,2000,0,2000,2000,0,0,2000,2000,2000,2000,0,0,0,2000,0,2000
Pasar Andir,Cabe Rawit Hijau,34000,0,34000,34000,34000,0,0,29000,29000,0,33000,0,0,0,33000,33000,0,33000,33000,0,0,35000,35000,35000,35000,0,0,0,25000,0,25000
Pasar Andir,Kacang Hijau,20000,0,20000,20000,20000,0,0,20000,20000,0,20000,0,0,0,20000,20000,0,20000,20000,0,0,20000,20000,20000,20000,0,0,0,20000,0,20000
Pasar Andir,Susu Bubuk Dancow,35000,0,35000,35000,35000,0,0,35000,35000,0,35000,0,0,0,35000,35000,0,35000,35000,0,0,35000,35000,35000,35000,0,0,0,35000,0,35000
Pasar Andir,Susu Bubuk Indomilk,32000,0,32000,32000,32000,0,0,32000,32000,0,32000,0,0,0,32000,32000,0,32000,32000,0,0,32000,32000,32000,32000,0,0,0,32000,0,32000
Pasar Andir,Ikan Kembung,35000,0,35000,35000,35000,0,0,35000,35000,0,35000,0,0,0,35000,35000,0,35000,35000,0,0,35000,35000,35000,35000,0,0,0,35000,0,35000