lokasi,nama_komoditas,2015-09-01,2015-09-02,2015-09-03,2015-09-04,2015-09-05,2015-09-06,2015-09-07,2015-09-08,2015-09-09,2015-09-10,2015-09-11,2015-09-12,2015-09-13,2015-09-14,2015-09-15,2015-09-16,2015-09-17,2015-09-18,2015-09-19,2015-09-20,2015-09-21,2015-09-22,2015-09-23,2015-09-24,2015-09-25,2015-09-26,2015-09-27,2015-09-28,2015-09-29,2015-09-30
"Pasar Kosambi","Beras Medium",9800,9800,9800,0,0,0,9800,9800,9800,9800,9800,0,0,0,9800,9800,9800,9800,0,0,9500,9500,9500,0,9500,0,0,9500,9500,0
"Pasar Kosambi","Cabe Merah",30000,30000,30000,30000,0,0,30000,30000,40000,40000,40000,0,0,40000,35000,40000,35000,35000,0,0,35000,35000,35000,0,35000,0,0,30000,30000,0
"Pasar Kosambi","Bawang Merah",18000,18000,18000,18000,0,0,18000,18000,18000,18000,18000,0,0,18000,18000,18000,22000,22000,0,0,22000,22000,20000,0,20000,0,0,20000,20000,0
"Pasar Kosambi","Daging Ayam Ras",35000,35000,35000,35000,0,0,35000,35000,30000,30000,30000,0,0,30000,30000,30000,30000,30000,0,0,30000,30000,32000,0,32000,0,0,30000,30000,0
"Pasar Kosambi","Telur Ayam Ras",22000,22000,22000,22000,0,0,22000,22000,21000,20000,20000,0,0,20000,20000,20000,20000,20000,0,0,20000,20000,19500,0,19500,0,0,21000,21000,0
"Pasar Kosambi","Daging Sapi",130000,130000,130000,130000,0,0,130000,130000,130000,130000,130000,0,0,130000,130000,130000,120000,120000,0,0,120000,120000,120000,0,120000,0,0,120000,120000,0
"Pasar Kosambi","Minyak Goreng",14000,14000,14000,14000,0,0,14000,14000,14000,14000,14000,0,0,14000,14000,14000,14000,14000,0,0,14000,14000,14000,0,14000,0,0,14000,14000,0
"Pasar Kosambi","Gula Pasir",13000,13000,13000,13000,0,0,13000,13000,13000,13000,13000,0,0,13000,13000,13000,13000,13000,0,0,13000,13000,12000,0,12000,0,0,12500,12500,0
"Pasar Kosambi",Kentang,12000,12000,12000,12000,0,0,12000,12000,12000,0,12000,0,0,12000,12000,12000,12000,12000,0,0,12000,12000,12000,0,12000,0,0,0,12000,0
"Pasar Kosambi",Kedelai,11000,11000,11000,11000,0,0,11000,11000,11000,11000,11000,0,0,11000,11000,11000,11000,11000,0,0,11000,11000,11000,0,11000,0,0,11000,11000,0
"Pasar Kosambi","Tepung Terigu",7500,7500,7500,0,0,0,7500,7500,7500,7500,7500,0,0,0,7500,7500,7500,7500,0,0,7500,7500,7500,0,7500,0,0,7500,7500,0
"Pasar Kosambi","Bawang Putih",25000,25000,25000,25000,0,0,25000,25000,25000,25000,25000,0,0,25000,25000,25000,25000,25000,0,0,25000,25000,25000,0,25000,0,0,25000,25000,0
"Pasar Kosambi","Cabe Keriting",40000,40000,40000,40000,0,0,40000,40000,40000,40000,40000,0,0,40000,40000,40000,0,40000,0,0,40000,40000,35000,0,0,0,0,30000,30000,0
"Pasar Kosambi","Cabe Rawit",80000,80000,80000,80000,0,0,80000,80000,80000,80000,80000,0,0,80000,60000,80000,50000,50000,0,0,50000,50000,60000,0,60000,0,0,60000,60000,0
"Pasar Kosambi","Kacang Tanah",28000,28000,28000,28000,0,0,28000,28000,28000,28000,28000,0,0,28000,28000,28000,28000,28000,0,0,28000,28000,28000,0,28000,0,0,28000,28000,0
"Pasar Kosambi","Ubi Kayu",4000,4000,4000,4000,0,0,4000,4000,4000,4000,4000,0,0,4000,4000,4000,4000,4000,0,0,4000,4000,4000,0,4000,0,0,4000,4000,0
"Pasar Kosambi","Ubi Jalar",0,0,0,0,0,0,0,0,0,0,0,0,0,0,0,0,0,0,0,0,0,0,0,0,0,0,0,0,0,0
"Pasar Kosambi",Jagung,7000,7000,7000,7000,0,0,7000,7000,7000,7000,7000,0,0,7000,7000,7000,7000,7000,0,0,7000,7000,7000,0,7000,0,0,7000,7000,0
"Pasar Kosambi","Ikan Olahan",50000,50000,50000,50000,0,0,50000,50000,50000,50000,50000,0,0,50000,50000,50000,50000,50000,0,0,50000,50000,50000,0,50000,0,0,50000,50000,0
"Pasar Kosambi","Beras Premium",0,0,0,0,0,0,0,0,0,0,0,0,0,0,0,0,0,0,0,0,0,0,0,0,0,0,0,0,0,0
"Pasar Kosambi","Minyak Goreng Curah",9500,9500,9500,9500,0,0,9500,9500,9500,9500,9500,0,0,9500,9500,9500,9500,9500,0,0,9500,9500,9500,0,9500,0,0,11000,11000,0
"Pasar Kosambi","Daging Ayam Kampung",65000,65000,65000,65000,0,0,65000,65000,65000,65000,65000,0,0,65000,65000,65000,65000,65000,0,0,65000,65000,65000,0,65000,0,0,65000,65000,0
"Pasar Kosambi","Telur Ayam Kampung",40000,40000,40000,40000,0,0,40000,40000,40000,40000,40000,0,0,40000,40000,40000,40000,40000,0,0,40000,40000,40000,0,40000,0,0,40000,40000,0
"Pasar Kosambi","Susu Kental Manis Merk Bendera",11000,11000,11000,11000,0,0,11000,11000,11000,11000,11000,0,0,11000,11000,11000,11000,11000,0,0,11000,11000,11000,0,11000,0,0,11000,11000,0
"Pasar Kosambi","Susu Kental Manis Merk Indomilk",9500,9500,9500,9500,0,0,9500,9500,9500,9500,9500,0,0,9500,0,9500,9500,9500,0,0,9500,9500,9500,0,9500,0,0,9500,9500,0
"Pasar Kosambi","Garam Beryodium Bata",1000,1000,1000,1000,0,0,1000,1000,1000,1000,1000,0,0,1000,1000,1000,1000,1000,0,0,1000,1000,1000,0,1000,0,0,1000,1000,0
"Pasar Kosambi","Garam Beryodium Halus",3000,3000,3000,3000,0,0,3000,3000,3000,3000,3000,0,0,3000,3000,3000,3000,3000,0,0,3000,3000,3000,0,3000,0,0,3000,3000,0
"Pasar Kosambi","Tepung Terigu Cakra Kembar",7500,7500,7500,7500,0,0,7500,7500,7500,7500,7500,0,0,7500,7500,7500,7500,7500,0,0,7500,7500,7500,0,7500,0,0,7500,7500,0
"Pasar Kosambi","Tepung Terigu Kunci",7000,7000,7000,7000,0,0,7000,7000,7000,7000,7000,0,0,7000,7000,7000,7000,7000,0,0,7000,7000,7000,0,7000,0,0,7000,7000,0
"Pasar Kosambi","Mie Instan",2100,2100,2100,0,0,0,2100,2100,2100,2100,2100,0,0,0,2100,2100,2100,2100,0,0,2100,2100,2100,0,2100,0,0,2100,2100,0
"Pasar Kosambi","Cabe Rawit Hijau",40000,40000,40000,40000,0,0,40000,40000,40000,40000,40000,0,0,40000,40000,40000,40000,40000,0,0,40000,40000,0,0,30000,0,0,25000,25000,0
"Pasar Kosambi","Kacang Hijau",22000,22000,22000,22000,0,0,22000,22000,22000,22000,22000,0,0,22000,22000,22000,22000,22000,0,0,22000,22000,22000,0,22000,0,0,22000,22000,0
"Pasar Kosambi","Susu Bubuk Dancow",34500,34500,34500,34500,0,0,34500,34500,34500,34500,34500,0,0,34500,34500,34500,34500,34500,0,0,34500,34500,34500,0,34500,0,0,34500,34500,0
"Pasar Kosambi","Susu Bubuk Indomilk",30000,30000,30000,30000,0,0,30000,30000,30000,30000,30000,0,0,30000,30000,30000,30000,30000,0,0,30000,30000,30000,0,30000,0,0,30000,30000,0
"Pasar Kosambi","Ikan Kembung",30000,30000,30000,30000,0,0,30000,30000,30000,30000,30000,0,0,30000,30000,30000,30000,30000,0,0,30000,30000,30000,0,30000,0,0,30000,30000,0
