lokasi,nama_komoditas,2018-08-01,2018-08-02,2018-08-03,2018-08-04,2018-08-05,2018-08-06,2018-08-07,2018-08-08,2018-08-09,2018-08-10,2018-08-11,2018-08-12,2018-08-13,2018-08-14,2018-08-15,2018-08-16,2018-08-17,2018-08-18,2018-08-19,2018-08-20,2018-08-21,2018-08-22,2018-08-23,2018-08-24,2018-08-25,2018-08-26,2018-08-27,2018-08-28,2018-08-29,2018-08-30,2018-08-31
"Pasar Kiaracondong","Beras Medium",11000,11000,11000,0,0,11000,11000,0,11000,11000,0,0,11000,0,11000,0,0,0,0,11000,11000,0,0,11000,0,0,0,0,0,0,0
"Pasar Kiaracondong","Cabe Merah",40000,40000,35000,0,0,35000,24000,0,24000,24000,0,0,24000,0,24000,0,0,0,0,24000,24000,0,0,24000,0,0,0,0,0,0,0
"Pasar Kiaracondong","Bawang Merah",24000,24000,24000,0,0,24000,24000,0,24000,24000,0,0,22000,0,22000,0,0,0,0,22000,22000,0,0,22000,0,0,0,0,0,0,0
"Pasar Kiaracondong","Daging Ayam Ras",39000,39000,38000,0,0,38000,38000,0,35000,35000,0,0,37000,0,36000,0,0,0,0,37000,38000,0,0,38000,0,0,0,0,0,0,0
"Pasar Kiaracondong","Telur Ayam Ras",25000,25000,24000,0,0,24000,24000,0,24000,23000,0,0,23000,0,23000,0,0,0,0,24000,24000,0,0,24000,0,0,0,0,0,0,0
"Pasar Kiaracondong","Daging Sapi",115000,115000,115000,0,0,115000,115000,0,115000,115000,0,0,115000,0,115000,0,0,0,0,115000,115000,0,0,115000,0,0,0,0,0,0,0
"Pasar Kiaracondong","Minyak Goreng",15000,15000,15000,0,0,15000,15000,0,15000,15000,0,0,15000,0,15000,0,0,0,0,15000,15000,0,0,15000,0,0,0,0,0,0,0
"Pasar Kiaracondong","Gula Pasir",12500,12500,12500,0,0,12500,12500,0,12500,12500,0,0,12500,0,12500,0,0,0,0,12500,12500,0,0,12500,0,0,0,0,0,0,0
"Pasar Kiaracondong",Kentang,14000,14000,15000,0,0,15000,15000,0,15000,15000,0,0,15000,0,15000,0,0,0,0,15000,15000,0,0,15000,0,0,0,0,0,0,0
"Pasar Kiaracondong",Kedelai,10000,10000,10000,0,0,10000,10000,0,10000,10000,0,0,10000,0,10000,0,0,0,0,11000,11000,0,0,11000,0,0,0,0,0,0,0
"Pasar Kiaracondong","Tepung Terigu",7000,7000,7000,0,0,7000,7000,0,7000,7000,0,0,7000,0,7000,0,0,0,0,7000,7000,0,0,7000,0,0,0,0,0,0,0
"Pasar Kiaracondong","Bawang Putih",24000,24000,24000,0,0,24000,24000,0,24000,24000,0,0,24000,0,24000,0,0,0,0,24000,24000,0,0,24000,0,0,0,0,0,0,0
"Pasar Kiaracondong","Cabe Keriting",30000,30000,30000,0,0,30000,24000,0,24000,24000,0,0,24000,0,24000,0,0,0,0,24000,24000,0,0,24000,0,0,0,0,0,0,0
"Pasar Kiaracondong","Cabe Rawit",50000,50000,50000,0,0,50000,40000,0,40000,50000,0,0,40000,0,40000,0,0,0,0,40000,40000,0,0,40000,0,0,0,0,0,0,0
"Pasar Kiaracondong","Kacang Tanah",24000,24000,24000,0,0,24000,24000,0,24000,24000,0,0,24000,0,24000,0,0,0,0,24000,24000,0,0,24000,0,0,0,0,0,0,0
"Pasar Kiaracondong","Ubi Kayu",5000,5000,5000,0,0,5000,5000,0,5000,5000,0,0,5000,0,5000,0,0,0,0,5000,5000,0,0,5000,0,0,0,0,0,0,0
"Pasar Kiaracondong","Ubi Jalar",0,0,0,0,0,0,0,0,0,0,0,0,0,0,0,0,0,0,0,0,0,0,0,0,0,0,0,0,0,0,0
"Pasar Kiaracondong",Jagung,12000,12000,12000,0,0,12000,12000,0,12000,12000,0,0,12000,0,12000,0,0,0,0,12000,12000,0,0,12000,0,0,0,0,0,0,0
"Pasar Kiaracondong","Ikan Olahan",70000,70000,70000,0,0,70000,70000,0,70000,70000,0,0,70000,0,70000,0,0,0,0,70000,70000,0,0,70000,0,0,0,0,0,0,0
"Pasar Kiaracondong","Beras Premium",0,0,0,0,0,0,0,0,0,0,0,0,0,0,0,0,0,0,0,0,0,0,0,0,0,0,0,0,0,0,0
"Pasar Kiaracondong","Minyak Goreng Curah",12000,12000,12000,0,0,12000,12000,0,12000,12000,0,0,12000,0,12000,0,0,0,0,12000,12000,0,0,12000,0,0,0,0,0,0,0
"Pasar Kiaracondong","Daging Ayam Kampung",70000,70000,70000,0,0,70000,70000,0,70000,70000,0,0,70000,0,70000,0,0,0,0,70000,70000,0,0,70000,0,0,0,0,0,0,0
"Pasar Kiaracondong","Telur Ayam Kampung",45000,45000,45000,0,0,45000,45000,0,45000,45000,0,0,45000,0,45000,0,0,0,0,45000,45000,0,0,45000,0,0,0,0,0,0,0
"Pasar Kiaracondong","Susu Kental Manis Merk Bendera",11000,11000,11000,0,0,11000,11000,0,11000,11000,0,0,11000,0,11000,0,0,0,0,11000,11000,0,0,11000,0,0,0,0,0,0,0
"Pasar Kiaracondong","Susu Kental Manis Merk Indomilk",10000,10000,10000,0,0,10000,10000,0,10000,10000,0,0,10000,0,10000,0,0,0,0,10000,10000,0,0,10000,0,0,0,0,0,0,0
"Pasar Kiaracondong","Garam Beryodium Bata",2500,2500,2500,0,0,2500,2500,0,2500,2500,0,0,2500,0,2500,0,0,0,0,2500,2500,0,0,2500,0,0,0,0,0,0,0
"Pasar Kiaracondong","Garam Beryodium Halus",12000,12000,12000,0,0,12000,12000,0,12000,12000,0,0,12000,0,12000,0,0,0,0,12000,12000,0,0,12000,0,0,0,0,0,0,0
"Pasar Kiaracondong","Tepung Terigu Cakra Kembar",8000,8000,8000,0,0,8000,8000,0,8000,8000,0,0,8000,0,8000,0,0,0,0,8000,8000,0,0,8000,0,0,0,0,0,0,0
"Pasar Kiaracondong","Tepung Terigu Kunci",7500,7500,7500,0,0,7500,7500,0,7500,7500,0,0,7500,0,7500,0,0,0,0,7500,7500,0,0,7500,0,0,0,0,0,0,0
"Pasar Kiaracondong","Mie Instan",2500,2500,2500,0,0,2500,2500,0,2500,2500,0,0,2500,0,2500,0,0,0,0,2500,2500,0,0,2500,0,0,0,0,0,0,0
"Pasar Kiaracondong","Cabe Rawit Hijau",40000,40000,40000,0,0,40000,35000,0,35000,40000,0,0,35000,0,35000,0,0,0,0,35000,35000,0,0,35000,0,0,0,0,0,0,0
"Pasar Kiaracondong","Kacang Hijau",22000,22000,22000,0,0,22000,22000,0,22000,22000,0,0,22000,0,22000,0,0,0,0,22000,22000,0,0,22000,0,0,0,0,0,0,0
"Pasar Kiaracondong","Susu Bubuk Dancow",38300,38300,38300,0,0,38300,38300,0,38300,38300,0,0,38300,0,38300,0,0,0,0,38300,38300,0,0,38300,0,0,0,0,0,0,0
"Pasar Kiaracondong","Susu Bubuk Indomilk",34950,34950,34950,0,0,34950,34950,0,34950,34950,0,0,34950,0,34950,0,0,0,0,34950,34950,0,0,34950,0,0,0,0,0,0,0
"Pasar Kiaracondong","Ikan Kembung",40000,40000,40000,0,0,40000,40000,0,40000,40000,0,0,40000,0,40000,0,0,0,0,40000,40000,0,0,40000,0,0,0,0,0,0,0
