lokasi,nama_komoditas,2015-10-01,2015-10-02,2015-10-03,2015-10-04,2015-10-05,2015-10-06,2015-10-07,2015-10-08,2015-10-09,2015-10-10,2015-10-11,2015-10-12,2015-10-13,2015-10-14,2015-10-15,2015-10-16,2015-10-17,2015-10-18,2015-10-19,2015-10-20,2015-10-21,2015-10-22,2015-10-23,2015-10-24,2015-10-25,2015-10-26,2015-10-27,2015-10-28,2015-10-29,2015-10-30,2015-10-31
"Pasar Baru","Beras Medium",9500,9500,0,0,10000,10000,10000,0,10000,0,0,10000,10000,0,10000,10000,0,0,0,10000,10000,10000,10000,0,0,10000,10000,10,10000,10000,0
"Pasar Baru","Cabe Merah",30000,26000,0,0,25000,25000,25000,25000,25000,0,0,25000,25000,0,25000,25000,0,0,0,25000,25000,25000,20000,0,0,15000,15000,15,15000,15000,0
"Pasar Baru","Bawang Merah",20000,20000,0,0,20000,0,20000,20000,20000,0,0,20000,20000,0,20000,20000,0,0,0,20000,20000,20000,20000,0,0,20000,20000,20,20000,20000,0
"Pasar Baru","Daging Ayam Ras",29000,29200,0,0,29000,29000,29000,29000,29000,0,0,32000,32000,0,32000,32000,0,0,0,32000,32000,32000,32000,0,0,33000,33000,33,33000,33000,0
"Pasar Baru","Telur Ayam Ras",20000,20200,0,0,18000,18000,18000,18000,18000,0,0,18000,18000,0,18000,18000,0,0,0,18000,18000,18000,19000,0,0,19000,19000,19,19000,19000,0
"Pasar Baru","Daging Sapi",120000,114200,0,0,120000,120000,120000,120000,120000,0,0,120000,120000,0,120000,120000,0,0,0,120000,120000,120000,120000,0,0,120000,120000,120,120000,120000,0
"Pasar Baru","Minyak Goreng",14000,14300,0,0,14000,14000,14000,14000,14000,0,0,14000,14000,0,14000,14000,0,0,0,14000,14000,14000,14000,0,0,14000,14000,14,14000,14000,0
"Pasar Baru","Gula Pasir",13000,12400,0,0,13000,13000,13000,13000,13000,0,0,13000,13000,0,13000,13000,0,0,0,13000,13000,13000,13000,0,0,13000,13000,13,13000,13000,0
"Pasar Baru",Kentang,11000,11200,0,0,11000,11000,11000,11000,11000,0,0,11000,11000,0,11000,11000,0,0,0,11000,11000,11000,11000,0,0,11000,11000,11,11000,11000,0
"Pasar Baru",Kedelai,11000,11200,0,0,11000,11000,11000,11000,11000,0,0,11000,11000,0,11000,11000,0,0,0,11000,11000,11000,11000,0,0,11000,11000,11,11000,11000,0
"Pasar Baru","Tepung Terigu",7500,7500,0,0,7500,7500,7500,0,7500,0,0,7500,7500,0,7500,7500,0,0,0,7500,7500,7500,7500,0,0,7500,7500,8,7500,7500,0
"Pasar Baru","Bawang Putih",25000,23400,0,0,25000,25000,25000,25000,25000,0,0,25000,25000,0,25000,25000,0,0,0,25000,25000,25000,25000,0,0,25000,25000,25,25000,25000,0
"Pasar Baru","Cabe Keriting",30000,28000,0,0,30000,30000,30000,30000,30000,0,0,20000,20000,0,20000,20000,0,0,0,20000,20000,20000,20000,0,0,18000,18000,18,18000,18000,0
"Pasar Baru","Cabe Rawit",50000,51000,0,0,35000,35000,35000,35000,35000,0,0,30000,30000,0,30000,30000,0,0,0,30000,30000,30000,30000,0,0,20000,20000,20,20000,20000,0
"Pasar Baru","Kacang Tanah",27000,27400,0,0,27000,27000,27000,27000,27000,0,0,27000,27000,0,27000,27000,0,0,0,27000,27000,27000,0,0,0,27000,27000,27,27000,27000,0
"Pasar Baru","Ubi Kayu",3000,3800,0,0,3000,3000,3000,3000,0,0,0,3000,3000,0,3000,3000,0,0,0,3000,3000,3000,3000,0,0,3000,3000,3,3000,3000,0
"Pasar Baru","Ubi Jalar",0,0,0,0,0,0,0,0,0,0,0,0,0,0,0,0,0,0,0,0,0,0,0,0,0,0,0,0,0,0,0
"Pasar Baru",Jagung,7000,7600,0,0,7000,7000,7000,7000,7000,0,0,7000,7000,0,7000,7000,0,0,0,7000,7000,7000,7000,0,0,7000,7000,7,7000,7000,0
"Pasar Baru","Ikan Olahan",50000,53000,0,0,50000,50000,50000,50000,50000,0,0,50000,50000,0,50000,50000,0,0,0,50000,50000,50000,50000,0,0,50000,50000,50,50000,50000,0
"Pasar Baru","Beras Premium",0,0,0,0,0,0,0,0,0,0,0,0,0,0,0,0,0,0,0,0,0,0,0,0,0,0,0,0,0,0,0
"Pasar Baru","Minyak Goreng Curah",12000,11200,0,0,12000,12000,12000,12000,12000,0,0,12000,12000,0,12000,12000,0,0,0,12000,12000,12000,12000,0,0,10000,10000,10,10000,10000,0
"Pasar Baru","Daging Ayam Kampung",65000,63000,0,0,65000,65000,65000,65000,65000,0,0,65000,65000,0,65000,65000,0,0,0,65000,65000,65000,65000,0,0,65000,65000,65,65000,65000,0
"Pasar Baru","Telur Ayam Kampung",45000,42800,0,0,45000,45000,45000,45000,45000,0,0,45000,45000,0,45000,45000,0,0,0,45000,45000,45000,45000,0,0,45000,45000,45,45000,45000,0
"Pasar Baru","Susu Kental Manis Merk Bendera",11000,10300,0,0,11000,11000,11000,11000,11000,0,0,11000,11000,0,11000,11000,0,0,0,11000,11000,11000,11000,0,0,11000,11000,11,11000,11000,0
"Pasar Baru","Susu Kental Manis Merk Indomilk",9500,9300,0,0,9500,9500,9500,9500,9500,0,0,9500,9500,0,9500,9500,0,0,0,9500,9500,9500,9500,0,0,9500,9500,10,9500,9500,0
"Pasar Baru","Garam Beryodium Bata",1000,1000,0,0,1000,1000,1000,1000,1000,0,0,1000,1000,0,1000,1000,0,0,0,1000,1000,1000,1000,0,0,1000,1000,1,1000,1000,0
"Pasar Baru","Garam Beryodium Halus",3000,3360,0,0,3500,3500,3500,3500,3500,0,0,3500,3500,0,3500,3500,0,0,0,3500,3500,3500,3500,0,0,3500,3500,4,35000,3500,0
"Pasar Baru","Tepung Terigu Cakra Kembar",8000,7900,0,0,8000,8000,0,8000,8000,0,0,8000,8000,0,8000,8000,0,0,0,8000,8000,8000,8000,0,0,8000,8000,8,8000,0,0
"Pasar Baru","Tepung Terigu Kunci",7500,7300,0,0,7500,7500,7500,7500,7500,0,0,7500,7500,0,7500,7500,0,0,0,7500,7500,7500,7500,0,0,7500,7500,8,7500,7500,0
"Pasar Baru","Mie Instan",2000,2000,0,0,2000,2000,2000,0,2000,0,0,2000,2000,0,2000,2000,0,0,0,2000,2000,2000,2000,0,0,0,0,2,2000,2000,0
"Pasar Baru","Cabe Rawit Hijau",0,23000,0,0,25000,25000,25000,25000,25000,0,0,0,25000,0,25000,25000,0,0,0,25000,25000,0,20000,0,0,20000,20000,20,20000,20000,0
"Pasar Baru","Kacang Hijau",22000,22200,0,0,22000,22000,22000,22000,22000,0,0,22000,22000,0,22000,22000,0,0,0,22000,0,22000,22000,0,0,22000,22000,22,22000,22000,0
"Pasar Baru","Susu Bubuk Dancow",36000,36420,0,0,36000,36000,36000,36000,36000,0,0,36000,36000,0,36000,36000,0,0,0,36000,36000,36000,36000,0,0,36000,36000,36,36000,36000,0
"Pasar Baru","Susu Bubuk Indomilk",33500,32890,0,0,33500,33500,33500,33500,33500,0,0,33500,33500,0,33500,33500,0,0,0,33500,33500,33500,33500,0,0,33500,33500,34,33500,33500,0
"Pasar Baru","Ikan Kembung",30000,30800,0,0,30000,30000,30000,30000,30000,0,0,30000,30000,0,30000,30000,0,0,0,0,30000,30000,30000,0,0,30000,30000,30,30000,30000,0
