lokasi,nama_komoditas,2017-02-01,2017-02-02,2017-02-03,2017-02-04,2017-02-05,2017-02-06,2017-02-07,2017-02-08,2017-02-09,2017-02-10,2017-02-11,2017-02-12,2017-02-13,2017-02-14,2017-02-15,2017-02-16,2017-02-17,2017-02-18,2017-02-19,2017-02-20,2017-02-21,2017-02-22,2017-02-23,2017-02-24,2017-02-25,2017-02-26,2017-02-27,2017-02-28
"Pasar Kiaracondong","Beras Medium",10000,10000,10000,0,0,10000,10000,10000,10000,10000,0,0,10000,10000,0,10000,10000,0,0,10000,10000,10000,10000,10000,0,0,10000,10000
"Pasar Kiaracondong","Cabe Merah",60000,60000,60000,0,0,60000,60000,50000,50000,50000,0,0,50000,50000,0,50000,50000,0,0,50000,50000,50000,50000,50000,0,0,50000,50000
"Pasar Kiaracondong","Bawang Merah",30000,30000,30000,0,0,30000,30000,28000,28000,28000,0,0,28000,28000,0,14000,28000,0,0,28000,28000,28000,44000,40000,0,0,42000,42000
"Pasar Kiaracondong","Daging Ayam Ras",30000,30000,30000,0,0,30000,30000,30000,30000,30000,0,0,30000,30000,0,15000,30000,0,0,30000,30000,30000,30000,32000,0,0,32000,32000
"Pasar Kiaracondong","Telur Ayam Ras",19000,19000,19000,0,0,19000,19000,20000,20000,20000,0,0,20000,20000,0,20000,20000,0,0,20000,20000,20000,19500,18000,0,0,18000,18000
"Pasar Kiaracondong","Daging Sapi",120000,120000,120000,0,0,120000,120000,120000,120000,120000,0,0,120000,120000,0,60000,120000,0,0,120000,120000,120000,120000,120000,0,0,120000,120000
"Pasar Kiaracondong","Minyak Goreng",14000,14000,14000,0,0,14000,14000,14000,14000,14000,0,0,14000,14000,0,14000,14000,0,0,14000,14000,14000,14000,14000,0,0,14000,14000
"Pasar Kiaracondong","Gula Pasir",13000,13000,13000,0,0,13000,13000,13000,13000,13000,0,0,13000,13000,0,13000,13000,0,0,13000,13000,13000,13000,13500,0,0,13500,13500
"Pasar Kiaracondong",Kentang,15000,15000,15000,0,0,15000,15000,15000,15000,15000,0,0,15000,15000,0,15000,15000,0,0,14500,14000,14000,14000,15000,0,0,15000,15000
"Pasar Kiaracondong",Kedelai,11000,11000,11000,0,0,11000,10000,10000,10000,10000,0,0,10000,10000,0,10000,10000,0,0,10000,10000,10000,10000,10000,0,0,10000,10000
"Pasar Kiaracondong","Tepung Terigu",7000,7000,7000,0,0,7000,7000,7000,7000,7000,0,0,7000,7000,0,7000,7000,0,0,7000,7000,7000,7000,7000,0,0,7000,7000
"Pasar Kiaracondong","Bawang Putih",40000,40000,40000,0,0,40000,40000,38000,38000,38000,0,0,38000,38000,0,19000,38000,0,0,38000,38000,38000,44000,40000,0,0,40000,40000
"Pasar Kiaracondong","Cabe Keriting",50000,50000,50000,0,0,50000,50000,55000,55000,55000,0,0,55000,55000,0,55000,55000,0,0,50000,50000,50000,50000,50000,0,0,50000,50000
"Pasar Kiaracondong","Cabe Rawit",140000,140000,140000,0,0,140000,140000,150000,150000,150000,0,0,140000,140000,0,140000,140000,0,0,140000,140000,140000,140000,150000,0,0,150000,150000
"Pasar Kiaracondong","Kacang Tanah",25000,25000,25000,0,0,25000,25000,24000,24000,24000,0,0,24000,24000,0,24000,24000,0,0,24000,24000,24000,24000,24000,0,0,23000,23000
"Pasar Kiaracondong","Ubi Kayu",5000,5000,5000,0,0,5000,5000,5000,5000,5000,0,0,5000,5000,0,5000,5000,0,0,5000,5000,5000,5000,5000,0,0,5000,5000
"Pasar Kiaracondong","Ubi Jalar",0,0,0,0,0,0,0,0,0,0,0,0,0,0,0,0,0,0,0,0,0,0,0,0,0,0,0,0
"Pasar Kiaracondong",Jagung,8000,8000,8000,0,0,8000,8000,9000,9000,9000,0,0,9000,9000,0,9000,9000,0,0,9000,9000,9000,9000,8000,0,0,8000,8000
"Pasar Kiaracondong","Ikan Olahan",60000,60000,60000,0,0,60000,60000,60000,60000,60000,0,0,60000,60000,0,60000,60000,0,0,60000,60000,60000,60000,60000,0,0,60000,60000
"Pasar Kiaracondong","Beras Premium",0,0,0,0,0,0,0,0,0,0,0,0,0,0,0,0,0,0,0,0,0,0,0,0,0,0,0,0
"Pasar Kiaracondong","Minyak Goreng Curah",12500,12500,12500,0,0,12500,12500,12500,12500,12500,0,0,12500,12500,0,12500,12500,0,0,12500,31250,12500,12500,12500,0,0,13000,13000
"Pasar Kiaracondong","Daging Ayam Kampung",75000,75000,75000,0,0,75000,75000,75000,75000,75000,0,0,75000,75000,0,75000,75000,0,0,75000,75000,75000,75000,75000,0,0,75000,75000
"Pasar Kiaracondong","Telur Ayam Kampung",7000,7000,7000,0,0,45000,45000,45000,45000,45000,0,0,45000,45000,0,45000,45000,0,0,45000,14000,14000,14000,45000,0,0,45000,45000
"Pasar Kiaracondong","Susu Kental Manis Merk Bendera",11000,11000,11000,0,0,11000,11000,11000,11000,11000,0,0,11000,11000,0,5500,11000,0,0,11000,11000,11000,11000,11000,0,0,11000,11000
"Pasar Kiaracondong","Susu Kental Manis Merk Indomilk",14000,14000,14000,0,0,10000,10000,10000,10000,10000,0,0,10000,10000,0,5000,10000,0,0,10000,10000,10000,10000,10000,0,0,10000,10000
"Pasar Kiaracondong","Garam Beryodium Bata",1000,1000,1000,0,0,1000,1000,1000,1000,1000,0,0,1000,1000,0,1000,1000,0,0,1000,1000,1000,1000,1000,0,0,1000,1000
"Pasar Kiaracondong","Garam Beryodium Halus",6000,6000,6000,0,0,6000,6000,6000,6000,6000,0,0,6000,6000,0,6000,6000,0,0,6000,6000,6000,6000,6000,0,0,6000,6000
"Pasar Kiaracondong","Tepung Terigu Cakra Kembar",8000,8000,8000,0,0,8000,8000,8000,8000,8000,0,0,8000,8000,0,8000,8000,0,0,8000,8000,8000,8000,8000,0,0,8000,8000
"Pasar Kiaracondong","Tepung Terigu Kunci",26000,26000,7500,0,0,7500,7500,7500,7500,7500,0,0,7500,7500,0,7500,7500,0,0,7500,7500,7500,7500,7500,0,0,7500,7500
"Pasar Kiaracondong","Mie Instan",2500,2500,2500,0,0,2500,2500,2500,2500,2500,0,0,2500,2500,0,2500,2500,0,0,2500,2500,2500,2500,2500,0,0,2500,2500
"Pasar Kiaracondong","Cabe Rawit Hijau",38000,38000,80000,0,0,80000,80000,90000,90000,90000,0,0,100000,100000,0,100000,100000,0,0,100000,100000,100000,90000,70000,0,0,70000,70000
"Pasar Kiaracondong","Kacang Hijau",21000,21000,21000,0,0,21000,21000,21000,21000,21000,0,0,21000,21000,0,21000,21000,0,0,21000,21000,21000,21000,21000,0,0,21000,21000
"Pasar Kiaracondong","Susu Bubuk Dancow",38300,38300,38300,0,0,38300,38300,38300,38300,38300,0,0,38300,38300,0,19150,38300,0,0,38300,38300,38300,38300,38300,0,0,38300,38300
"Pasar Kiaracondong","Susu Bubuk Indomilk",34950,34950,34950,0,0,34950,34950,34950,34950,34950,0,0,34950,34950,0,17475,34950,0,0,34950,34950,34950,34950,34950,0,0,34950,34950
"Pasar Kiaracondong","Ikan Kembung",35000,35000,35000,0,0,35000,35000,35000,35000,35000,0,0,35000,35000,0,35000,35000,0,0,35000,35000,35000,35000,35000,0,0,35000,35000
