nama_kecamatan,iud_sisa_bulan_lalu,kondom_sisa_bulan_lalu,implant_sisa_bulan_lalu,suntikan_sisa_bulan_lalu,pil_sisa_bulan_lalu,iud_diterima_bulan_ini,kondom_diterima_bulan_ini,implant_diterima_bulan_ini,suntikan_diterima_bulan_ini,pil_keluar_bulan_ini,iud_keluar_bulan_ini,kondom_keluar_bulan_ini,implant_keluar_bulan_ini,suntikan_keluar_bulan_ini,pil_diterima_bulan_ini,iud_sisa_akhir_bulan_ini,kondom_sisa_akhir_bulan_ini,implant_sisa_akhir_bulan_ini,suntikan_sisa_akhir_bulan_ini,pil_sisa_akhir_bulan_ini
Sukasari,19,164,26,473,912,100,0,0,140,0,6,9,1,210,81,113,155,25,403,831
Coblong,43,114,14,619,1837,50,0,10,0,0,19,9,0,126,19,74,105,24,493,1818
Babakan Ciparay,74,872,18,692,844,0,0,10,0,0,3,14,0,62,45,71,858,28,630,799
Bojongloa Kaler,51,108,94,376,1037,25,12,0,0,0,22,15,0,146,227,54,105,94,230,810
Andir,90,1,40,194,734,100,0,10,100,0,4,1,5,100,2,186,0,45,194,732
Cicendo,31,291,7,458,757,45,0,19,0,0,46,20,22,41,10,30,271,4,417,747
Sukajadi,7,45,0,20,254,250,0,0,545,200,136,26,0,560,340,121,19,0,5,114
Cidadap,48,106,22,660,1485,50,0,0,0,0,3,0,1,141,47,95,106,21,519,1438
Bandung Wetan,81,60,31,628,1312,0,0,0,112,0,9,6,0,18,12,72,54,31,722,1300
Astana Anyar,146,68,2,859,1652,75,24,30,300,300,93,8,1,249,215,128,84,31,910,1737
Regol,47,269,16,1117,1993,75,0,0,0,0,30,8,0,76,65,92,261,16,1041,1928
Batununggal,89,71,5,832,1945,25,0,0,100,100,18,3,0,108,82,96,68,5,824,1963
Lengkong,53,100,47,387,1249,0,0,0,80,0,2,12,0,150,26,51,88,47,317,1223
Cibeunying Kidul,9,31,14,106,1439,50,0,0,180,200,6,13,0,62,81,53,18,14,224,1558
Bandung Kulon,40,35,5,147,1210,0,24,0,100,100,4,27,0,88,48,36,32,5,159,1262
Kiaracondong,50,38,18,341,1001,0,0,0,100,0,6,3,3,132,72,44,35,15,309,929
Bojongloa Kidul,8,18,8,320,321,25,0,0,0,0,5,0,0,0,21,28,18,8,320,300
Cibeunying Kaler,0,24,0,230,332,25,12,10,100,0,0,12,0,30,40,25,24,10,300,292
Sumur Bandung,49,29,5,572,1591,20,0,0,0,0,25,14,1,66,2,44,15,4,506,1589
Antapani,52,126,0,639,1655,50,0,0,0,0,22,12,0,88,15,80,114,0,551,1640
Bandung Kidul,84,11,47,194,782,75,0,0,100,0,4,2,1,41,50,155,9,46,253,732
Buahbatu,1,48,40,72,890,50,0,0,109,0,4,13,0,102,36,47,35,40,79,854
Rancasari,50,85,17,0,458,0,0,0,200,0,7,11,0,200,71,43,74,17,0,387
Arcamanik,145,0,13,339,1075,0,144,0,100,100,6,0,0,72,1,139,144,13,367,1174
Cibiru,63,224,28,538,848,25,0,10,0,0,9,7,3,120,132,79,217,35,418,716
Ujung Berung,0,27,0,121,257,25,0,0,80,80,0,2,0,29,36,25,25,0,172,301
Gedebage,19,45,22,440,824,25,0,0,100,100,25,8,2,84,75,19,37,20,456,849
Panyileukan,34,7,7,337,553,25,0,0,0,0,4,7,0,69,110,55,0,7,268,443
Cinambo,117,102,56,277,711,100,0,10,0,0,60,0,2,20,10,157,102,64,257,701
Mandalajati,135,130,0,782,1283,0,24,0,100,100,3,1,0,135,54,132,153,0,747,1329