nama_kecamatan,iud_sisa_bulan_lalu,kondom_sisa_bulan_lalu,implant_sisa_bulan_lalu,suntikan_sisa_bulan_lalu,pil_sisa_bulan_lalu,iud_diterima_bulan_ini,kondom_diterima_bulan_ini,implant_diterima_bulan_ini,suntikan_diterima_bulan_ini,pil_keluar_bulan_ini,iud_keluar_bulan_ini,kondom_keluar_bulan_ini,implant_keluar_bulan_ini,suntikan_keluar_bulan_ini,pil_diterima_bulan_ini,iud_sisa_akhir_bulan_ini,kondom_sisa_akhir_bulan_ini,implant_sisa_akhir_bulan_ini,suntikan_sisa_akhir_bulan_ini,pil_sisa_akhir_bulan_ini
Sukasari,133,42,37,683,823,0,0,0,0,0,2,6,0,225,75,131,36,37,458,748
Coblong,96,29,39,457,1531,0,0,0,0,0,4,0,0,22,0,92,29,39,435,1531
Babakan Ciparay,45,1303,10,401,659,0,0,0,0,0,3,333,1,121,17,42,970,9,280,642
Bojongloa Kaler,45,110,105,164,550,50,0,0,0,0,26,10,0,0,29,69,100,105,164,521
Andir,88,389,10,364,1737,0,0,0,0,0,14,11,1,94,14,74,378,9,270,1723
Cicendo,71,12,11,590,751,0,4,0,0,0,5,14,1,51,31,66,2,10,539,720
Sukajadi,60,28,0,0,58,125,0,0,668,300,114,28,0,634,340,71,0,0,34,18
Cidadap,65,36,28,467,1394,0,0,0,0,0,2,4,0,139,5,63,32,28,328,1389
Bandung Wetan,82,20,29,481,1365,0,24,0,140,0,0,0,0,70,4,82,44,29,551,1361
Astana Anyar,140,124,12,805,1041,0,24,0,700,400,1,5,4,140,51,139,143,8,1365,1390
Regol,93,96,31,1143,1538,0,0,0,0,0,12,0,0,76,37,81,96,31,1067,1501
Batununggal,76,66,31,573,1121,0,0,0,200,0,10,2,0,133,143,66,64,31,640,978
Lengkong,153,23,15,453,1301,0,22,0,358,0,6,7,1,79,26,147,38,14,732,1275
Cibeunying Kidul,15,20,21,301,990,25,0,0,0,0,7,4,0,55,14,33,16,21,246,976
Bandung Kulon,103,102,16,523,1512,25,0,0,0,0,8,15,2,93,7,120,87,14,430,1505
Kiaracondong,51,13,11,151,761,25,12,20,200,0,10,2,6,88,36,66,23,25,263,725
Bojongloa Kidul,25,0,27,505,560,0,0,0,0,0,9,0,0,9,6,16,0,27,496,554
Cibeunying Kaler,67,0,20,411,384,0,0,0,0,0,41,0,0,73,18,26,0,20,338,366
Sumur Bandung,16,4,0,487,523,0,0,0,0,0,1,1,0,37,13,15,3,0,450,510
Antapani,121,68,13,198,1275,0,0,0,500,0,2,2,0,110,35,119,66,13,588,1240
Bandung Kidul,51,2,8,678,1001,25,12,20,0,0,11,3,2,65,50,65,11,26,613,951
Buahbatu,42,25,14,33,782,0,36,0,300,0,5,5,1,98,35,37,56,13,235,747
Rancasari,18,100,33,195,409,50,0,10,200,100,42,13,10,153,33,26,87,33,242,476
Arcamanik,124,109,7,170,300,0,0,0,200,0,10,5,0,97,8,114,104,7,273,292
Cibiru,78,122,26,677,627,50,200,40,200,300,11,13,2,240,239,117,309,64,637,688
Ujung Berung,0,0,7,204,309,0,0,0,0,0,0,0,0,36,29,0,0,7,168,280
Gedebage,74,20,15,250,771,0,12,0,200,100,4,5,0,55,22,70,27,15,395,849
Panyileukan,37,6,4,254,121,0,24,0,200,100,7,0,3,130,4,30,30,1,324,217
Cinambo,19,86,56,465,705,225,0,10,200,0,48,2,46,27,4,196,84,20,638,701
Mandalajati,178,122,35,566,1343,0,0,0,0,0,5,0,2,80,35,173,122,33,486,1308