Kecamatan,Kelurahan,Tidak Bekerja,Belum Bekerja,Aparatur Pejabat Negara,Tenaga Pengajar,Wiraswasta,Pertanian,Nelayan,Agama dan Kepercayaan,Pelajar dan Mahasiswa,Tenaga Kesehatan,Pensiunan,Lainnya
Andir,Campaka,11270,3383,505,159,5858,3,-,12,4014,40,246,3990
Andir,Ciroyom,14245,3865,159,101,6695,1,-,5,4260,14,103,4634
Andir,Dungus Cariang,11900,3450,284,130,6523,2,-,3,3911,29,178,4161
Andir,Garuda,5885,1953,321,90,3497,1,-,1,2266,24,196,2333
Andir,Kebon Jeruk,6955,1843,138,67,4390,-,-,20,2389,23,52,2723
Andir,Maleber,12577,3639,325,145,7142,4,-,6,4225,43,207,4375
Antapani,Antapani Kidul,6614,4329,1681,334,7502,4,1,23,5530,165,1115,4533
Antapani,Antapani Kulon,3894,1995,616,114,3334,3,-,3,2297,44,317,2150
Antapani,Antapani Tengah,7230,4371,1512,308,7178,9,-,7,4657,81,1034,4280
Antapani,Antapani Wetan,6501,3518,951,185,5659,7,1,3,4040,125,452,3579
Arcamanik,Cisaranten Bina Harapan,5694,2431,430,94,3678,7,1,4,2415,25,230,2608
Arcamanik,Cisaranten Kulon,9377,4572,1079,245,7189,15,-,7,4778,84,471,4503
Arcamanik,Sindanglaya/Cisantren Endah,10852,3797,887,186,5880,18,-,9,4355,75,332,3844
Arcamanik,Sukamiskin,7252,3724,1530,322,6129,10,1,15,4718,152,769,3990
Astana Anyar,Cibadak,7431,2154,124,97,4839,4,-,6,2783,19,94,3212
Astana Anyar,Karanganyar,3707,987,88,38,2614,1,-,1,1333,15,53,1656
Astana Anyar,Karasak,7148,2428,253,121,4641,2,-,3,2861,18,201,3113
Astana Anyar,Nyengseret,6895,2174,141,49,4316,2,-,3,2469,17,100,2988
Astana Anyar,Panjunan,4848,1348,69,28,2672,1,-,4,1609,5,32,1866
Astana Anyar,Pelindung Hewan,13131,3714,403,121,6620,1,-,5,4364,43,169,4899
Babakan Ciparay,Babakan,22780,6075,239,114,10091,8,-,15,5670,43,121,7596
Babakan Ciparay,Babakan Ciparay,24335,6211,367,124,10779,10,-,18,6490,46,149,8168
Babakan Ciparay,Cirangrang,8076,2090,120,49,3905,3,1,1,2076,31,106,2844
Babakan Ciparay,Margahayu Utara,14643,4201,506,139,7241,6,-,5,4375,44,375,5187
Babakan Ciparay,Margasuka,8901,2253,123,51,3947,3,-,3,2292,16,65,3017
Babakan Ciparay,Sukahaji,23187,5786,217,124,10317,10,-,9,5876,42,104,7795
Bandung Kidul,Batununggal,8692,3449,621,135,6065,6,-,6,4207,72,392,3954
Bandung Kidul,Kujangsari,13300,4280,774,150,6909,9,-,1,4600,74,349,4544
Bandung Kidul,Mengger,5728,2031,259,82,3363,24,1,3,2499,60,85,2311
Bandung Kidul,Wates,4398,1696,127,43,2809,13,2,1,1683,15,57,1718
Bandung Kulon,Caringin,5695,1814,170,87,3161,2,-,6,1901,25,157,2066
Bandung Kulon,Cibuntu,11072,3566,227,158,6331,7,-,9,3845,27,126,4102
Bandung Kulon,Cigondewah Kaler,13669,4058,71,58,6494,19,1,19,3940,14,26,4493
Bandung Kulon,Cigondewah Kidul,6149,1718,32,49,3025,9,1,8,1817,18,17,2264
Bandung Kulon,Cigondewah Rahayu,7017,1996,47,39,3397,3,1,3,1980,9,23,2626
Bandung Kulon,Cijerah,14620,4684,378,178,8525,11,-,6,4854,36,332,5051
Bandung Kulon,Gempolsari,11378,3952,913,272,7092,9,-,8,4631,60,407,4072
Bandung Kulon,Warung Muncang,13525,4170,169,101,7169,9,1,8,4240,23,84,4909
Bandung Wetan,Cihapit,1420,552,182,65,1332,-,-,35,843,77,179,802
Bandung Wetan,Citarum,731,249,93,45,809,-,-,13,464,51,71,441
Bandung Wetan,Tamansari,12037,3991,531,220,7655,6,-,8,4732,80,411,4922
Batununggal,Binong,12072,3468,396,102,6199,6,-,-,4006,23,229,4281
Batununggal,Cibangkong,10431,3267,467,117,6332,3,-,1,3854,35,288,4027
Batununggal,Gumuruh,9969,3346,654,133,6297,4,-,-,4165,54,458,4193
Batununggal,Kacapiring,4870,1503,325,50,3058,1,-,4,2031,31,234,1979
Batununggal,Kebongedang,5541,1749,256,56,3359,-,-,-,2053,10,197,2195
Batununggal,Kebonwaru,8638,2578,354,68,5120,2,-,2,3213,17,226,3255
Batununggal,Maleer,10236,3156,432,97,5747,2,-,4,3549,18,273,3855
Batununggal,Samoja,8124,2437,374,64,4412,2,-,1,2877,21,137,2901
Bojongloa Kaler,Babakan Asih,11728,3183,183,112,5571,7,-,4,3378,39,116,3900
Bojongloa Kaler,Babakan Tarogong,20964,5654,309,124,9812,6,-,8,5802,42,129,7041
Bojongloa Kaler,Jamika,19708,5302,198,140,9603,10,-,15,5727,25,126,6777
Bojongloa Kaler,Kopo,21394,6060,467,194,9934,14,1,5,6365,59,311,7233
Bojongloa Kaler,Suka Asih,13524,3686,220,152,6426,8,-,9,4103,42,134,4533
Bojongloa Kidul,Cibaduyut,10037,2352,92,24,4083,8,1,3,2862,17,33,2953
Bojongloa Kidul,Cibaduyut Kidul,7077,1883,135,67,2917,2,-,4,1930,18,75,2112
Bojongloa Kidul,Cibaduyut Wetan,5596,1611,67,57,2648,4,1,2,1746,23,26,1909
Bojongloa Kidul,Kebon Lega,16520,4583,456,153,7905,15,1,10,4878,61,290,5476
Bojongloa Kidul,Mekarwangi,7600,2110,68,36,3399,8,1,7,2185,24,34,2570
Bojongloa Kidul,Situsaeur,14929,4013,347,164,7260,11,-,4,4649,59,247,4736
Buahbatu,Cijaura,13659,4950,942,202,8791,17,-,-,6185,61,529,5773
Buahbatu,Jatisari,3694,1464,526,88,2784,3,-,11,2103,65,271,1636
Buahbatu,Margasari,20346,6948,1708,315,12169,34,1,2,8894,123,945,7979
Buahbatu,Sekejati,10742,4204,1675,325,7435,9,-,3,5669,100,781,4509
Cibeunying Kaler,Cigadung,14043,5277,1129,337,10078,9,2,3,7039,120,636,6635
Cibeunying Kaler,Cihaur Geulis,4230,1864,485,139,4300,2,-,4,3082,30,330,2453
Cibeunying Kaler,Neglasari,3896,1588,414,90,2981,1,-,3,2132,27,239,1997
Cibeunying Kaler,Sukaluyu,5124,2537,689,179,5221,8,-,3,3644,57,468,3130
Cibeunying Kidul,Cicadas,11496,3207,1112,129,4656,3,-,-,3474,59,231,3462
Cibeunying Kidul,Cikutra,16597,4408,595,150,7617,3,1,8,4474,40,520,4989
Cibeunying Kidul,Padasuka,12255,3319,425,130,5522,5,1,7,3545,26,262,3958
Cibeunying Kidul,Pasirlayung,14747,4546,762,215,7270,3,-,4,4347,65,489,4467
Cibeunying Kidul,Sukamaju,7925,1913,385,100,3845,1,-,1,2367,22,307,2373
Cibeunying Kidul,Sukapada,15893,4368,718,198,7293,4,-,5,4620,38,386,4750
Cibiru,Cipadung,9871,4180,779,263,6893,21,-,1,4789,41,255,4677
Cibiru,Cisurupan,12391,2531,323,117,4251,93,1,2,2797,11,160,2971
Cibiru,Palasari,8864,3989,829,253,6561,61,-,3,4780,54,335,4601
Cibiru,Pasir Biru,14493,3065,449,247,4845,22,-,-,3385,16,149,3472
Cicendo,Arjuna,6626,2168,262,120,4674,1,-,10,2508,43,219,3035
Cicendo,Husen Sastranegara,9992,3023,627,103,5167,1,-,7,3390,44,150,3790
Cicendo,Pajajaran,15198,4884,697,161,8425,-,-,20,5244,86,284,5935
Cicendo,Pamoyanan,3729,1331,164,85,2956,-,-,16,1475,42,174,1763
Cicendo,Pasir Kaliki,4621,1443,241,86,3333,-,-,14,1797,41,157,2088
Cicendo,Sukaraja,13515,4190,871,197,7575,5,-,12,5088,103,392,4927
Cidadap,Ciumbuleuit,15718,4331,454,178,7396,19,-,27,4393,69,283,5525
Cidadap,Hegarmanah,11905,3504,701,163,6558,5,-,2,4087,72,332,4703
Cidadap,Ledeng,7025,1885,370,166,3377,8,-,4,2240,25,167,2426
Cinambo,Babakan Penghulu,5527,1283,219,56,2492,11,-,1,1340,19,62,1634
Cinambo,Cisaranten Wetan,4476,1071,184,49,2072,5,-,1,1128,11,74,1309
Cinambo,Pakemitan,4336,1140,757,63,1710,7,-,2,1246,31,134,1293
Cinambo,Sukamulya,4331,991,106,63,1991,5,-,-,1094,7,82,1232
Coblong,Cipaganti,5585,1967,291,53,4062,-,-,2,2471,42,183,2506
Coblong,Dago,18701,6100,1069,342,11048,9,-,4,7496,99,648,7296
Coblong,Lebak Siliwangi,4646,705,90,30,1349,2,-,3,814,10,75,900
Coblong,Lebakgede,1815,1824,274,104,3932,-,-,3,2347,46,257,2220
Coblong,Sadangserang,13197,4642,891,204,8719,2,2,2,5640,52,622,5286
Coblong,Sekeloa,13201,4814,851,241,8836,4,-,3,5669,79,654,5539
Gedebage,Cimenerang,2430,905,181,32,1282,26,-,2,818,17,11,801
Gedebage,Cisantren Kidul,12287,4122,1061,219,6162,41,1,6,4039,64,585,4148
Gedebage,Rancabolang,6067,2302,555,113,3077,15,-,3,2231,33,103,1952
Gedebage,Rancanumpang,2250,879,344,82,1254,26,-,4,1387,16,72,848
Kiaracondong,Babakan Surabaya,22610,4055,403,102,6577,8,-,4,4034,40,216,4721
Kiaracondong,Babakansari,10882,7593,1059,232,12598,7,1,2,7809,82,636,8640
Kiaracondong,Cicaheum,9737,3327,448,123,5556,3,1,3,3677,40,174,3975
Kiaracondong,Kebon Jayanti,7415,2532,424,67,4094,3,-,2,2695,20,305,3110
Kiaracondong,Kebon Kangkung,6670,2334,367,79,3895,3,-,3,2650,21,248,3011
Kiaracondong,Sukapura,15714,5301,990,184,8661,11,-,-,5594,54,596,6222
Lengkong,Burangrang,2863,1640,240,61,3561,4,-,2,2143,26,172,2238
Lengkong,Cijagra,2754,1724,670,116,3525,1,-,8,2887,118,450,2213
Lengkong,Cikawao,2865,1485,187,59,3172,3,-,2,1859,16,104,2013
Lengkong,Lingkar Selatan,2229,1574,1655,98,2186,1,-,3,2493,99,295,1922
Lengkong,Malabar,2460,1339,185,61,3052,2,1,3,1759,45,152,1913
Lengkong,Paledang,1722,899,123,46,2360,6,-,3,1338,13,78,1463
Lengkong,Turangga,2650,2036,910,199,4408,3,-,6,3698,154,742,2694
Mandalajati,Jatihandap,18243,5073,729,198,8498,4,-,2,5154,39,288,5633
Mandalajati,Karang Pamulang,10822,3541,521,128,5789,3,-,2,3659,49,185,4032
Mandalajati,Pasir Impun,8078,2503,310,72,4020,7,-,-,2499,14,119,2923
Mandalajati,Sindang Jaya,8504,2839,531,126,4562,6,1,1,2888,30,311,2966
Panyileukan,Cipadung Kidul,3413,2452,1304,232,4164,7,1,3,3832,46,415,2652
Panyileukan,Cipadung Kulon,2523,2495,629,130,4103,21,-,2,2970,32,217,2740
Panyileukan,Cipadung Wetan,8342,709,43,9,1146,23,-,4,668,5,21,819
Panyileukan,Mekar Mulya,6749,1355,627,111,2070,3,-,4,1461,33,251,1226
Rancasari,Cipamokolan,11384,4382,1241,227,7616,31,-,9,5241,118,562,4567
Rancasari,Derwati,9754,3264,708,157,5753,60,1,3,4145,43,241,3913
Rancasari,Mekarmulya,8371,3615,896,195,5450,29,1,4,4086,69,440,3674
Rancasari,Munjahlega,9077,3600,1323,308,6520,6,-,3,4510,112,1361,4080
Regol,Ancol,5256,1781,338,89,3910,1,-,4,2639,71,254,2427
Regol,Balonggede,4041,1259,150,48,3048,-,-,2,1707,19,70,1873
Regol,Ciateul,3702,1094,348,55,2612,-,-,6,1776,23,149,1528
Regol,Cigereleng,4765,1883,379,101,4144,2,-,9,2620,41,269,2582
Regol,Ciseureuh,8789,2941,404,90,5285,4,1,2,3611,24,204,3670
Regol,Pasirluyu,10271,3127,307,89,5635,5,-,2,3572,26,184,3865
Regol,Pungkur,3323,1094,156,48,2688,2,-,5,1590,19,118,1700
Sukajadi,Cipedes,16243,5579,688,207,9533,11,-,7,6189,65,426,6548
Sukajadi,Pasteur,7610,3082,622,159,5936,5,-,12,3969,111,413,3886
Sukajadi,Sukabungah,11315,3954,665,176,6879,9,1,9,4474,72,428,4760
Sukajadi,Sukagalih,9160,3313,379,133,6033,4,-,11,3692,141,251,4244
Sukajadi,Sukawarna,7247,2646,397,163,4488,7,-,10,2851,86,321,3111
Sukasari,Gegerkalong,10975,3882,1105,304,7152,17,1,2,5052,128,596,4846
Sukasari,Isola,7209,2390,523,238,4117,34,-,2,2805,43,219,2873
Sukasari,Sarijadi,12361,4674,1386,408,8386,13,-,11,5862,152,1045,5220
Sukasari,Sukarasa,7828,2310,278,98,4303,4,-,5,2746,70,180,3084
Sumur Bandung,Babakan Ciamis,4131,1411,334,38,2746,-,-,61,1832,17,88,1674
Sumur Bandung,Braga,3303,994,72,23,2229,-,-,1,1246,18,46,1414
Sumur Bandung,Kebon Pisang,6287,2233,180,68,4254,3,-,7,2550,37,124,2649
Sumur Bandung,Merdeka,4508,1677,1594,85,2216,1,-,9,2475,97,279,1830
Ujung Berung,Cigending,9001,3275,651,168,4960,14,-,5,3519,40,320,3513
Ujung Berung,Pasanggrahan,11243,4085,635,208,5903,89,-,4,4089,64,261,4213
Ujung Berung,Pasir Endah,7552,3091,868,190,4866,15,1,8,3588,58,529,3218
Ujung Berung,Pasirjati,10468,3527,619,165,5128,22,-,9,3543,37,209,3630
Ujung Berung,Pasirwangi,10108,3435,534,146,4936,51,1,6,3202,34,176,3604