No,Tgl,Waktu,Simpang,Tidak Menggunakan Helm,Berhenti di Zebra Cross,Berhenti di RHK,Berhenti Melebihi Stopline,Merokok,Kelebihan Muatan,Lainnya,Total Pelanggaran,Roda 2,Roda 4/Lebih,Lainnya,Total Kendaraan
1,09/01/18,Pagi,Gedebage,0,2,0,1,0,0,0,3,2,1,0,3
2,09/01/18,Pagi,Taman Sari,0,3,0,4,0,0,0,7,5,2,0,7
3,09/01/18,Pagi,Aceh,0,0,0,0,0,0,0,0,0,0,0,0
4,09/01/18,Sore,Cibaduyut,0,1,6,16,0,0,0,23,14,9,0,23
5,09/01/18,Sore,Supratman,0,10,6,18,0,0,0,34,22,12,0,34
6,09/01/18,Sore,Simpang Lima,0,1,0,10,0,0,0,11,11,0,0,11
7,09/02/18,Pagi,Cipaganti 2,0,0,0,2,0,0,0,2,2,0,0,2
8,09/02/18,Pagi,Telkom,0,19,0,2,0,0,0,21,19,2,0,21
9,09/02/18,Pagi,Banda,0,0,0,0,0,0,0,0,0,0,0,0
10,09/02/18,Sore,Kopo,0,1,12,13,0,0,2,28,15,12,0,27
11,09/02/18,Sore,Gardujati,1,7,6,10,0,0,0,24,16,6,0,22
12,09/02/18,Sore,Cipaganti 1,0,0,0,1,0,0,0,1,1,0,0,1
13,09/03/18,Pagi,M Toha,0,5,0,18,0,0,0,23,23,0,0,23
14,09/03/18,Pagi,Tamblong,0,0,0,2,0,0,0,2,2,0,0,2
15,09/03/18,Pagi,Cimuncang,6,27,0,24,0,0,9,66,62,4,0,66
16,09/03/18,Sore,Pasteur,0,2,0,3,0,0,0,5,5,0,0,5
17,09/03/18,Sore,A Yani Laswi,0,0,0,0,0,0,0,0,0,0,0,0
18,09/03/18,Sore,Trunojoyo,1,0,0,3,0,0,0,4,3,0,0,3
19,09/04/18,Pagi,Buah Batu,0,2,0,13,0,0,0,15,15,0,0,15
20,09/04/18,Pagi,Gudang utara,0,7,0,14,0,0,0,21,21,0,0,21
21,09/04/18,Pagi,Merdeka Aceh,0,0,0,1,0,0,0,1,0,1,0,1
22,09/04/18,Sore,Batununggal,0,0,0,14,0,0,0,14,14,0,0,14
23,09/04/18,Sore,Merdeka juanda,0,0,0,3,0,0,0,3,2,1,0,3
24,09/04/18,Sore,Cikutra,2,32,0,3,0,0,0,37,35,0,0,35
25,09/05/18,Pagi,Pasir Koja,1,4,0,15,0,0,0,20,17,3,0,20
26,09/05/18,Pagi,Pahlawan,1,3,0,6,0,0,0,10,10,0,0,10
27,09/05/18,Pagi,Jamika,0,28,0,26,0,0,9,63,58,5,0,63
28,09/05/18,Sore,Ujung Berung,0,0,0,0,0,0,0,0,0,0,0,0
29,09/05/18,Sore,Anggrek,4,29,0,25,0,0,0,58,57,1,0,58
30,09/05/18,Sore,Otista,0,4,0,11,0,0,0,15,15,0,0,15
31,09/06/18,Pagi,Cibeureum,0,0,0,0,0,0,0,0,0,0,0,0
32,09/06/18,Pagi,Lombok,0,5,0,2,0,0,0,7,6,0,0,6
33,09/06/18,Pagi,Paskal Baru,0,0,0,0,0,0,0,0,0,0,0,0
34,09/06/18,Sore,Sulanjana,1,15,0,7,0,0,0,23,17,6,0,23
35,09/06/18,Sore,Paskal IP,0,0,0,3,0,0,0,3,3,0,0,3
36,09/06/18,Sore,Cihapit,13,26,0,36,0,0,1,76,69,5,0,74
37,09/07/18,Pagi,Samsat,0,0,0,0,0,0,0,0,0,0,0,0
38,09/07/18,Pagi,Cihampelas,0,2,0,2,0,0,0,4,2,2,0,4
39,09/07/18,Pagi,Padasuka,0,1,0,0,0,0,17,18,18,0,0,18
40,09/07/18,Sore,Cicaheum,0,0,0,0,0,0,0,0,0,0,0,0
41,09/07/18,Sore,Caringin,0,0,0,0,0,0,0,0,0,0,0,0
42,09/07/18,Sore,Cikapayang,0,0,0,0,0,0,0,0,0,0,0,0
43,09/08/18,Pagi,Gedebage,4,4,0,1,0,0,0,9,6,3,0,9
44,09/08/18,Pagi,Tamansari,0,5,0,6,0,0,0,11,9,2,0,11
45,09/08/18,Pagi,Aceh,0,0,0,0,0,0,0,0,0,0,0,0
46,09/08/18,Sore,Cibaduyut,7,10,1,19,0,5,5,47,36,3,0,39
47,09/08/18,Sore,Supratman,0,0,0,0,0,0,0,0,0,0,0,0
48,09/08/18,Sore,S Lima,0,5,6,3,0,1,0,15,5,8,0,13
49,09/09/18,Pagi,Cipaganti 2,1,0,0,3,0,0,0,4,4,0,0,4
50,09/09/18,Pagi,Telkom,6,33,0,13,0,0,0,52,33,18,0,51
51,09/09/18,Pagi,Banda,1,7,0,4,0,0,0,12,12,0,0,12
52,09/09/18,Sore,Cipaganti ,0,0,1,36,0,0,1,38,36,2,0,38
53,09/09/18,Sore,Gardujati,0,16,0,2,0,0,0,18,17,1,0,18
54,09/09/18,Sore,Kopo,0,0,0,0,0,0,0,0,0,0,0,0
55,09/10/18,Pagi,M Toha,0,11,0,12,0,0,0,23,20,3,0,23
56,09/10/18,Pagi,Tamblong,0,2,0,1,0,0,0,3,3,0,0,3
57,09/10/18,Pagi,Cimuncang,2,18,0,8,0,0,6,34,28,6,0,34
58,09/10/18,Sore,Pasteur,0,8,0,1,0,0,0,9,9,0,0,9
59,09/10/18,Sore,A Yani Laswi,0,0,0,0,0,0,0,0,0,0,0,0
60,09/10/18,Sore,Trunojoyo,0,5,0,2,0,0,0,7,6,1,0,7
61,09/11/18,Pagi,Buahbatu,1,1,1,3,0,1,0,7,4,2,0,6
62,09/11/18,Pagi,Gudang Utara,0,2,6,1,0,0,0,9,2,7,0,9
63,09/11/18,Pagi,Merdeka Aceh,1,1,7,5,0,1,0,15,5,8,0,13
64,09/11/18,Sore,Batununggal,27,0,0,0,0,1,0,28,27,0,0,27
65,09/11/18,Sore,Merdeka Juanda,0,1,0,6,0,0,0,7,7,0,0,7
66,09/11/18,Sore,Cikutra,55,21,0,5,0,6,0,87,76,0,0,76
67,09/12/18,Pagi,Pasir Koja,1,15,0,36,0,2,2,56,50,4,0,54
68,09/12/18,Pagi,Pahlawan,0,12,1,3,0,0,0,16,12,4,0,16
69,09/12/18,Pagi,Jamika,2,7,1,26,0,1,0,37,35,1,0,36
70,09/12/18,Sore,Ujung Berung,17,2,0,1,0,0,0,20,20,0,0,20
71,09/12/18,Sore,Anggrek,11,21,0,25,0,0,0,57,54,2,0,56
72,09/12/18,Sore,Otista,0,25,0,6,0,0,0,31,15,16,0,31
73,13/9/2018,Pagi,Cibeureum,0,0,0,9,0,0,0,9,9,0,0,9
74,13/9/2018,Pagi,Lombok,0,12,0,3,0,0,0,15,14,1,0,15
75,13/9/2018,Pagi,Paskal Baru,0,0,0,0,0,0,0,0,0,0,0,0
76,13/9/2018,Sore,Sulanjana,0,4,0,9,0,0,0,13,11,1,0,12
77,13/9/2018,Sore,Paskal IP Cam,0,0,3,9,0,0,0,12,7,4,0,11
78,13/9/2018,Sore,Cihapit,0,0,0,0,0,0,0,0,0,0,0,0
79,14/9/2018,Pagi,Samsat ,0,0,0,0,0,0,0,0,0,0,0,0
80,14/9/2018,Pagi,Cihampelas,0,0,0,0,0,0,0,0,0,0,0,0
81,14/9/2018,Pagi,Padasuka,0,0,0,0,0,0,0,0,0,0,0,0
82,14/9/2018,Sore,Cicaheum,0,24,1,24,0,0,0,49,27,22,0,49
83,14/9/2018,Sore,Caringin,2,39,0,34,0,0,0,75,66,7,0,73
84,14/9/2018,Sore,Cikapayang PTZ,1,1,1,0,0,0,0,3,2,1,0,3
85,15/9/2018,Pagi,Gedebage,12,0,0,2,0,2,0,16,15,0,0,15
86,15/9/2018,Pagi,Tamansari,0,0,0,12,0,0,0,12,12,0,0,12
87,15/9/2018,Pagi,Aceh,0,1,0,5,0,0,0,6,5,1,0,6
88,15/9/2018,Sore,Cibaduyut,11,9,0,4,0,2,1,27,21,5,0,26
89,15/9/2018,Sore,Supratman ,0,0,0,4,0,0,0,4,4,0,0,4
90,15/9/2018,Sore,Simpang Lima,0,0,0,0,0,0,0,0,0,0,0,0
91,16/9/2018,Pagi,Cipaganti,0,2,2,2,0,0,0,6,4,2,0,6
92,16/9/2018,Pagi,Telkom,0,0,3,2,0,0,0,5,2,3,0,5
93,16/9/2018,Pagi,Banda,0,5,8,5,0,0,0,18,6,10,0,16
94,16/9/2018,Sore,Kopo,0,18,0,24,0,0,0,42,40,2,0,42
95,16/9/2018,Sore,Gardujati,0,7,0,16,0,0,0,23,18,5,0,23
96,16/9/2018,Sore,Cipaganti,0,0,0,0,0,0,0,0,0,0,0,0
97,17/9/2018,Pagi,M Toha,0,0,0,0,0,0,0,0,0,0,0,0
98,17/9/2018,Pagi,Tamblong,0,0,0,0,0,0,0,0,0,0,0,0
99,17/9/2018,Pagi,Cimuncang,0,0,0,0,0,0,0,0,0,0,0,0
100,17/9/2018,Sore,Pasteur,0,0,0,0,0,0,0,0,0,0,0,0
101,17/9/2018,Sore,A Yani Laswi,0,0,0,0,0,0,0,0,0,0,0,0
102,17/9/2018,Sore,Trunojoyo,0,0,0,0,0,0,0,0,0,0,0,0
103,18/9/2018,Pagi,Buah Batu,0,7,0,17,0,0,28,52,22,1,0,23
104,18/9/2018,Pagi,Gudang Utara,0,0,3,2,0,0,0,5,2,3,0,5
105,18/9/2018,Pagi,Merdeka Aceh,0,12,0,12,0,0,13,37,32,1,0,33
106,18/9/2018,Sore,Batununggal,0,1,0,17,0,0,0,18,15,3,0,18
107,18/9/2018,Sore,Merdeka Juanda,0,0,0,0,0,0,0,0,0,0,0,0
108,18/9/2018,Sore,Cikutra,2,3,0,11,0,0,0,16,14,2,0,16
109,19/9/2018,Pagi,Pasir Koja,0,0,0,15,0,0,0,15,15,0,0,15
110,19/9/2018,Pagi,Pahlawan ,0,0,0,4,0,0,0,4,4,0,0,4
111,19/9/2018,Pagi,Jamika,0,0,0,1,0,0,0,1,1,0,0,1
112,19/9/2018,Sore,Ujung Berung ,0,0,0,0,0,0,0,0,0,0,0,0
113,19/9/2018,Sore,Anggrek,0,0,4,1,0,0,0,5,1,4,0,5
114,19/9/2018,Sore,Otista Pasar Baru ,6,23,4,13,0,0,0,46,36,5,0,41
115,20/9/2018,Pagi,Cibeureum,0,0,0,0,0,0,0,0,0,0,0,0
116,20/9/2018,Pagi,Lombok,0,0,0,0,0,0,0,0,0,0,0,0
117,20/9/2018,Pagi,Paskal Baru,0,0,0,0,0,0,0,0,0,0,0,0
118,20/9/2018,Sore,Sulanjana,1,4,0,1,0,1,0,7,6,0,0,6
119,20/9/2018,Sore,Paskal IP Cam,1,12,11,10,0,0,0,34,23,11,0,34
120,20/9/2018,Sore,Cihapit,0,0,9,2,0,0,0,11,2,9,0,11
121,21/9/2018,Pagi,Samsat,0,0,0,19,0,0,0,19,18,1,0,19
122,21/9/2018,Pagi,Cihampelas,1,16,0,15,0,0,0,32,25,7,0,32
123,21/9/2018,Pagi,Padasuka,0,0,0,0,0,0,0,0,0,0,0,0
124,21/9/2018,Sore,Cicaheum,8,48,0,94,0,0,0,150,138,5,0,143
125,21/9/2018,Sore,Caringin,0,1,0,7,0,0,0,8,7,1,0,8
126,21/9/2018,Sore,Cikapayang,9,22,0,12,0,1,0,44,39,3,0,42
127,22/9/2018,Pagi,Gedebage,0,0,0,0,0,0,0,0,0,0,0,0
128,22/9/2018,Pagi,Tamansari,0,0,0,0,0,0,0,0,0,0,0,0
129,22/9/2018,Pagi,Aceh,0,0,0,0,0,0,0,0,0,0,0,0
130,22/9/2018,Sore,Cibaduyut,6,1,0,4,0,0,4,15,14,1,0,15
131,22/9/2018,Sore,Simpang Lima,0,4,0,8,0,0,0,12,12,0,0,12
132,22/9/2018,Sore,Supratman,0,0,0,0,0,0,0,0,0,0,0,0
133,23/9/2018,Pagi,Cipaganti 2,0,0,5,5,0,0,0,10,4,5,0,9
134,23/9/2018,Pagi,Telkom,0,3,24,7,0,0,0,34,3,26,0,29
135,23/9/2018,Pagi,Banda,0,1,0,5,0,0,0,6,4,1,0,5
136,23/9/2018,Sore,Kopo,6,12,0,17,0,1,0,36,28,5,0,33
137,23/9/2018,Sore,Gardujati,0,14,0,20,0,0,0,34,32,2,0,34
138,23/9/2018,Sore,Cipaganti 1,0,0,0,4,0,0,0,4,4,0,0,4
139,24/9/2018,Pagi,M Toha,0,2,0,69,0,0,0,71,70,1,0,71
140,24/9/2018,Pagi,Tamblong,0,2,1,0,0,0,0,3,2,1,0,3
141,24/9/2018,Pagi,Cimuncang,3,7,0,7,0,5,0,22,20,1,0,21
142,24/9/2018,Sore,Pasteur,0,4,0,8,0,0,0,12,10,2,0,12
143,24/9/2018,Sore,A Yani Laswi,0,3,0,9,0,0,0,12,12,0,0,12
144,24/9/2018,Sore,Trunojoyo,0,3,0,3,0,0,0,6,5,1,0,6
145,25/9/2018,Pagi,Buah Batu,0,0,0,0,0,0,1,1,0,1,0,1
146,25/9/2018,Pagi,Gudang Utara,0,1,0,1,0,0,0,2,2,0,0,2
147,25/9/2018,Pagi,Merdeka Aceh,0,0,0,7,0,0,2,9,6,1,0,7
148,25/9/2018,Sore,Batununggal,0,0,0,0,0,0,0,0,0,0,0,0
149,25/9/2018,Sore,Merdeka Juanda,0,0,2,1,0,0,0,3,1,2,0,3
150,25/9/2018,Sore,Cikutra,12,14,12,24,0,6,0,68,45,14,0,59
151,26/9/2018,Pagi,Jamika ,1,22,0,24,0,0,0,47,45,1,0,46
152,26/9/2018,Pagi,Pahlawan,0,0,0,2,0,0,0,2,2,0,0,2
153,26/9/2018,Pagi,Pasir Koja,0,3,0,2,0,0,0,5,5,0,0,5
154,26/9/2018,Sore,Ujung Berung,2,18,0,8,0,0,0,28,26,1,0,27
155,26/9/2018,Sore,Anggrek,1,11,3,8,0,0,0,23,19,3,0,22
156,26/9/2018,Sore,Otista,0,3,13,3,0,0,0,19,3,15,0,18
157,27/9/2018,Pagi,Cibeureum,0,5,0,12,0,0,0,17,16,1,0,17
158,27/9/2018,Pagi,Lombok,1,15,0,27,0,0,0,43,38,5,0,43
159,27/9/2018,Pagi,Paskal,0,0,0,0,0,0,0,0,0,0,0,0
160,27/9/2018,Sore,Sulanjana,0,10,0,11,0,0,0,21,16,5,0,21
161,27/9/2018,Sore,Paskal IP,0,0,0,6,0,0,0,6,6,0,0,6
162,27/9/2018,Sore,Cihapit,0,7,0,2,0,0,0,9,9,0,0,9
163,28/9/2018,Pagi,Samsat,0,2,0,4,0,0,4,10,10,0,0,10
164,28/9/2018,Pagi,Cihampelas,0,1,0,7,0,0,1,9,9,0,0,9
165,28/9/2018,Pagi,Padasuka,12,14,0,11,0,0,0,37,32,4,0,36
166,28/9/2018,Sore,Cicaheum,0,0,0,0,0,0,0,0,0,0,0,0
167,28/9/2018,Sore,Caringin,15,0,0,132,0,0,0,147,131,1,0,132
168,28/9/2018,Sore,Cikapayang,0,0,0,9,0,0,0,9,6,3,0,9