lokasi,nama_komoditas,2016-10-01,2016-10-02,2016-10-03,2016-10-04,2016-10-05,2016-10-06,2016-10-07,2016-10-08,2016-10-09,2016-10-10,2016-10-11,2016-10-12,2016-10-13,2016-10-14,2016-10-15,2016-10-16,2016-10-17,2016-10-18,2016-10-19,2016-10-20,2016-10-21,2016-10-22,2016-10-23,2016-10-24,2016-10-25,2016-10-26,2016-10-27,2016-10-28,2016-10-29,2016-10-30,2016-10-31
"Pasar Andir","Beras Medium",0,0,10000,10000,10000,10000,10000,0,0,10000,10000,10000,10000,10000,0,0,10000,10000,10000,10000,0,0,0,10000,10000,0,10000,0,0,0,0
"Pasar Andir","Cabe Merah",0,0,40000,40000,40000,40000,40000,0,0,60000,6000,6000,6000,6000,0,0,70000,70000,70000,70000,0,0,0,75000,75000,0,0,0,0,0,0
"Pasar Andir","Bawang Merah",0,0,30000,30000,30000,30000,30000,0,0,30000,30000,30000,30000,30000,0,0,30000,30000,30000,0,0,0,0,35000,30000,0,30000,0,0,0,0
"Pasar Andir","Daging Ayam Ras",0,0,32000,32000,32000,32000,32000,0,0,32000,32000,32000,32000,32000,0,0,32000,32000,32000,32000,0,0,0,32000,32000,0,32000,0,0,0,0
"Pasar Andir","Telur Ayam Ras",0,0,19000,19000,19000,19000,19000,0,0,19000,32000,32000,32000,32000,0,0,19000,19000,19000,19000,0,0,0,19000,0,0,19000,0,0,0,0
"Pasar Andir","Daging Sapi",0,0,120000,120000,120000,120000,120000,0,0,120000,120000,120000,120000,120000,0,0,120000,120000,120000,120000,0,0,0,120000,120000,0,120000,0,0,0,0
"Pasar Andir","Minyak Goreng",0,0,14000,14000,14000,14000,14000,0,0,14000,14000,14000,14000,14000,0,0,14500,0,14500,14500,0,0,0,14500,14500,0,14500,0,0,0,0
"Pasar Andir","Gula Pasir",0,0,16000,16000,16000,16000,16000,0,0,15000,10000,10000,10000,10000,0,0,15000,15000,15000,15000,0,0,0,15000,15000,0,15000,0,0,0,0
"Pasar Andir",Kentang,0,0,15000,15000,15000,15000,15000,0,0,0,12000,12000,12000,12000,0,0,10000,10000,10000,10000,0,0,0,10000,10000,0,10000,0,0,0,0
"Pasar Andir",Kedelai,0,0,11000,11000,11000,11000,11000,0,0,11000,0,11000,11000,11000,0,0,0,11000,11000,11000,0,0,0,11000,11000,0,11000,0,0,0,0
"Pasar Andir","Tepung Terigu",0,0,7500,7500,7500,7500,7500,0,0,7500,7500,7500,7500,7500,0,0,7500,7500,7500,7500,0,0,0,7500,7500,0,7500,0,0,0,0
"Pasar Andir","Bawang Putih",0,0,32000,32000,0,32000,32000,0,0,32000,32000,32000,32000,32000,0,0,35000,35000,35000,35000,0,0,0,35000,35000,0,35000,0,0,0,0
"Pasar Andir","Cabe Keriting",0,0,35000,35000,35000,35000,35000,0,0,60000,60000,60000,60000,60000,0,0,55000,55000,55000,55000,0,0,0,55000,55000,0,55000,0,0,0,0
"Pasar Andir","Cabe Rawit",0,0,40000,40000,40000,40000,40000,0,0,30000,30000,30000,30000,30000,0,0,30000,30000,0,30000,0,0,0,30000,30000,0,30000,0,0,0,0
"Pasar Andir","Kacang Tanah",0,0,28000,28000,28000,0,28000,0,0,28000,28000,28000,0,28000,0,0,28000,28000,28000,28000,0,0,0,28000,28000,0,28000,0,0,0,0
"Pasar Andir","Ubi Kayu",0,0,3000,3000,3000,3000,3000,0,0,3000,3000,3000,3000,3000,0,0,3000,3000,3000,3000,0,0,0,3000,3000,0,3000,0,0,0,0
"Pasar Andir","Ubi Jalar",0,0,0,0,0,0,0,0,0,0,0,0,0,0,0,0,0,0,0,0,0,0,0,0,0,0,0,0,0,0,0
"Pasar Andir",Jagung,0,0,8000,8000,8000,8000,8000,0,0,8000,8000,8000,8000,8000,0,0,8000,8000,8000,8000,0,0,0,8000,8000,0,8000,0,0,0,0
"Pasar Andir","Ikan Olahan",0,0,60000,60000,60000,60000,60000,0,0,60000,60000,60000,60000,60000,0,0,60000,60000,60000,60000,0,0,0,60000,60000,0,60000,0,0,0,0
"Pasar Andir","Beras Premium",0,0,0,0,0,0,0,0,0,0,0,0,0,0,0,0,0,0,0,0,0,0,0,0,0,0,0,0,0,0,0
"Pasar Andir","Minyak Goreng Curah",0,0,11000,11000,11000,11000,11000,0,0,11000,11000,11000,11000,11000,0,0,11000,11000,11000,11000,0,0,0,11000,11000,0,11000,0,0,0,0
"Pasar Andir","Daging Ayam Kampung",0,0,70000,70000,70000,70000,70000,0,0,70000,70000,70000,70000,70000,0,0,70000,70000,70000,70000,0,0,0,70000,70000,0,70000,0,0,0,0
"Pasar Andir","Telur Ayam Kampung",0,0,40000,40000,40000,40000,40000,0,0,40000,40000,40000,40000,40000,0,0,40000,40000,40000,40000,0,0,0,40000,40000,0,40000,0,0,0,0
"Pasar Andir","Susu Kental Manis Merk Bendera",0,0,9500,9500,9500,9500,9500,0,0,9500,9500,9500,9500,9500,0,0,9500,9500,9500,9500,0,0,0,9500,9500,0,9500,0,0,0,0
"Pasar Andir","Susu Kental Manis Merk Indomilk",0,0,9000,9000,9000,9000,9000,0,0,9000,9000,9000,9000,9000,0,0,9000,9000,9000,9000,0,0,0,9000,9000,0,9000,0,0,0,0
"Pasar Andir","Garam Beryodium Bata",0,0,1000,1000,1000,1000,1000,0,0,1000,1000,1000,1000,1000,0,0,1000,1000,1000,1000,0,0,0,1000,1000,0,1000,0,0,0,0
"Pasar Andir","Garam Beryodium Halus",0,0,5000,5000,5000,5000,5000,0,0,5000,5000,5000,5000,5000,0,0,5000,5000,5000,5000,0,0,0,5000,5000,0,5000,0,0,0,0
"Pasar Andir","Tepung Terigu Cakra Kembar",0,0,7500,7500,7500,7500,7500,0,0,7500,7500,7500,7500,7500,0,0,7500,7500,7500,7500,0,0,0,0,7500,0,7500,0,0,0,0
"Pasar Andir","Tepung Terigu Kunci",0,0,7000,7000,7000,7000,7000,0,0,7000,7000,7000,7000,7000,0,0,7000,7000,7000,7000,0,0,0,7000,7000,0,7000,0,0,0,0
"Pasar Andir","Mie Instan",0,0,2000,2000,2000,2000,0,0,0,2000,2000,0,2000,2000,0,0,2000,2000,2000,2000,0,0,0,2000,2000,0,2000,0,0,0,0
"Pasar Andir","Cabe Rawit Hijau",0,0,25000,25000,25000,25000,25000,0,0,25000,25000,25000,25000,25000,0,0,30000,30000,30000,30000,0,0,0,30000,30000,0,30000,0,0,0,0
"Pasar Andir","Kacang Hijau",0,0,0,21000,21000,21000,21000,0,0,21000,21000,21000,21000,21000,0,0,21000,21000,21000,21000,0,0,0,21000,21000,0,21000,0,0,0,0
"Pasar Andir","Susu Bubuk Dancow",0,0,35000,35000,35000,35000,35000,0,0,35000,35000,35000,35000,35000,0,0,35000,35000,35000,35000,0,0,0,35000,35000,0,35000,0,0,0,0
"Pasar Andir","Susu Bubuk Indomilk",0,0,32000,0,32000,32000,32000,0,0,32000,32000,32000,32000,32000,0,0,32000,32000,32000,32000,0,0,0,32000,32000,0,32000,0,0,0,0
"Pasar Andir","Ikan Kembung",0,0,32000,32000,32000,32000,32000,0,0,32000,32000,32000,32000,0,0,0,32000,32000,32000,32000,0,0,0,21000,32000,0,32000,0,0,0,0
