lokasi,nama_komoditas,2017-10-01,2017-10-02,2017-10-03,2017-10-04,2017-10-05,2017-10-06,2017-10-07,2017-10-08,2017-10-09,2017-10-10,2017-10-11,2017-10-12,2017-10-13,2017-10-14,2017-10-15,2017-10-16,2017-10-17,2017-10-18,2017-10-19,2017-10-20,2017-10-21,2017-10-22,2017-10-23,2017-10-24,2017-10-25,2017-10-26,2017-10-27,2017-10-28,2017-10-29,2017-10-30,2017-10-31
"Pasar Kosambi","Beras Medium",0,10000,10000,10000,10000,10000,0,0,10000,10000,10000,10000,10000,0,0,10000,0,0,0,0,0,0,10000,10000,10000,10000,0,0,0,10000,10000
"Pasar Kosambi","Cabe Merah",0,40000,40000,40000,35000,35000,0,0,45000,40000,40000,40000,40000,0,0,40000,0,0,0,0,0,0,50000,50000,50000,50000,0,0,0,45000,40000
"Pasar Kosambi","Bawang Merah",0,28000,28000,28000,28000,28000,0,0,28000,30000,30000,30000,30000,0,0,30000,0,0,0,0,0,0,30000,30000,30000,30000,0,0,0,28000,28000
"Pasar Kosambi","Daging Ayam Ras",0,32000,32000,32000,32000,32000,0,0,31000,31000,31000,31000,31000,0,0,31000,0,0,0,0,0,0,30000,30000,30000,30000,0,0,0,30000,30000
"Pasar Kosambi","Telur Ayam Ras",0,22000,22000,22000,21000,21000,0,0,21000,20000,20000,20000,20000,0,0,21000,0,0,0,0,0,0,21000,21000,21000,21000,0,0,0,20500,20500
"Pasar Kosambi","Daging Sapi",0,120000,120000,120000,120000,120000,0,0,120000,120000,120000,120000,120000,0,0,120000,0,0,0,0,0,0,120000,120000,120000,12000,0,0,0,120000,120000
"Pasar Kosambi","Minyak Goreng",0,15000,15000,15000,15000,15000,0,0,15000,15000,15000,15000,15000,0,0,15000,0,0,0,0,0,0,15000,15000,15000,15000,0,0,0,15000,15000
"Pasar Kosambi","Gula Pasir",0,14000,14000,14000,14000,14000,0,0,14000,14000,14000,14000,14000,0,0,14000,0,0,0,0,0,0,12500,12500,12500,12500,0,0,0,12500,12500
"Pasar Kosambi",Kentang,0,18000,18000,18000,28000,28000,0,0,17000,17000,17000,17000,17000,0,0,17000,0,0,0,0,0,0,15000,15000,15000,15000,0,0,0,15000,15000
"Pasar Kosambi",Kedelai,0,11000,11000,11000,11000,11000,0,0,11000,11000,11000,11000,11000,0,0,11000,0,0,0,0,0,0,11000,11000,11000,11000,0,0,0,11000,11000
"Pasar Kosambi","Tepung Terigu",0,7500,7500,7500,7500,7500,0,0,7500,7500,7500,7500,7500,0,0,7500,0,0,0,0,0,0,7500,7500,7500,7500,0,0,0,7500,7500
"Pasar Kosambi","Bawang Putih",0,28000,28000,28000,20000,20000,0,0,28000,25000,25000,25000,25000,0,0,25000,0,0,0,0,0,0,30000,30000,30000,30000,0,0,0,30000,30000
"Pasar Kosambi","Cabe Keriting",0,35000,35000,35000,25000,25000,0,0,40000,40000,40000,40000,40000,0,0,40000,0,0,0,0,0,0,40000,40000,40000,40000,0,0,0,35000,35000
"Pasar Kosambi","Cabe Rawit",0,30000,30000,30000,22000,22000,0,0,30000,30000,30000,30000,30000,0,0,30000,0,0,0,0,0,0,30000,30000,30000,30000,0,0,0,30000,28000
"Pasar Kosambi","Kacang Tanah",0,28000,28000,28000,28000,28000,0,0,28000,28000,28000,28000,28000,0,0,28000,0,0,0,0,0,0,28000,28000,28000,28000,0,0,0,28000,28000
"Pasar Kosambi","Ubi Kayu",0,4000,4000,4000,4000,4000,0,0,4000,4000,4000,4000,4000,0,0,4000,0,0,0,0,0,0,4000,4000,4000,4000,0,0,0,4000,4000
"Pasar Kosambi","Ubi Jalar",0,0,0,0,0,0,0,0,0,0,0,0,0,0,0,0,0,0,0,0,0,0,0,0,0,0,0,0,0,0,0
"Pasar Kosambi",Jagung,0,10000,10000,10000,10000,10000,0,0,10000,10000,10000,10000,10000,0,0,10000,0,0,0,0,0,0,10000,10000,10000,10000,0,0,0,10000,10000
"Pasar Kosambi","Ikan Olahan",0,80000,80000,0,0,0,0,0,0,80000,0,0,80000,0,0,0,0,0,0,0,0,0,80000,0,0,80000,0,0,0,80000,80000
"Pasar Kosambi","Beras Premium",0,0,0,0,0,0,0,0,0,0,0,0,0,0,0,0,0,0,0,0,0,0,0,0,0,0,0,0,0,0,0
"Pasar Kosambi","Minyak Goreng Curah",0,11500,11500,11500,11500,11500,0,0,11500,11500,11500,11500,11500,0,0,11500,0,0,0,0,0,0,12000,12000,12000,12000,0,0,0,12000,12000
"Pasar Kosambi","Daging Ayam Kampung",0,75000,75000,75000,75000,75000,0,0,75000,75000,75000,75000,75000,0,0,75000,0,0,0,0,0,0,75000,75000,75000,75000,0,0,0,75000,75000
"Pasar Kosambi","Telur Ayam Kampung",0,40000,40000,40000,40000,40000,0,0,40000,40000,40000,40000,40000,0,0,40000,0,0,0,0,0,0,40000,40000,40000,40000,0,0,0,40000,40000
"Pasar Kosambi","Susu Kental Manis Merk Bendera",0,10000,10000,10000,10000,10000,0,0,10000,10000,10000,10000,10000,0,0,10000,0,0,0,0,0,0,10000,10000,10000,10000,0,0,0,10000,10000
"Pasar Kosambi","Susu Kental Manis Merk Indomilk",0,9500,9500,9500,9500,9500,0,0,9500,9500,9500,9500,9500,0,0,9500,0,0,0,0,0,0,9500,9500,9500,9500,0,0,0,9500,9500
"Pasar Kosambi","Garam Beryodium Bata",0,2500,2500,2500,2500,2500,0,0,2500,2500,2500,2500,2500,0,0,2500,0,0,0,0,0,0,2500,2500,2500,2500,0,0,0,2500,2500
"Pasar Kosambi","Garam Beryodium Halus",0,12000,12000,12000,12000,12000,0,0,12000,12000,12000,12000,12000,0,0,12000,0,0,0,0,0,0,12000,12000,12000,12000,0,0,0,12000,12000
"Pasar Kosambi","Tepung Terigu Cakra Kembar",0,7500,7500,7500,7500,7500,0,0,7500,7500,7500,7500,7500,0,0,7500,0,0,0,0,0,0,7500,7500,7500,7500,0,0,0,7500,7500
"Pasar Kosambi","Tepung Terigu Kunci",0,7000,7000,7000,7000,7000,0,0,7000,7000,7000,7000,7000,0,0,7000,0,0,0,0,0,0,7000,7000,7000,7000,0,0,0,7000,7000
"Pasar Kosambi","Mie Instan",0,2300,2300,2300,2000,2000,0,0,2300,2300,2300,2300,2300,0,0,2300,0,0,0,0,0,0,2300,2300,2300,2300,0,0,0,2300,2300
"Pasar Kosambi","Cabe Rawit Hijau",0,25000,25000,25000,22000,22000,0,0,30000,30000,30000,30000,30000,0,0,30000,0,0,0,0,0,0,30000,30000,30000,30000,0,0,0,30000,30000
"Pasar Kosambi","Kacang Hijau",0,19000,19000,19000,19000,19000,0,0,19000,19000,19000,19000,19000,0,0,19000,0,0,0,0,0,0,20000,20000,20000,20000,0,0,0,20000,20000
"Pasar Kosambi","Susu Bubuk Dancow",0,0,0,34500,34500,34500,0,0,34500,0,34500,34500,0,0,0,34500,0,0,0,0,0,0,0,34500,34500,0,0,0,0,0,0
"Pasar Kosambi","Susu Bubuk Indomilk",0,30000,30000,30000,30000,30000,0,0,30000,30000,30000,30000,30000,0,0,30000,0,0,0,0,0,0,9500,9500,9500,30000,0,0,0,30000,30000
"Pasar Kosambi","Ikan Kembung",0,35000,35000,35000,35000,35000,0,0,35000,35000,35000,35000,35000,0,0,35000,0,0,0,0,0,0,35000,35000,35000,35000,0,0,0,35000,35000
