lokasi,nama_komoditas,2014-02-01,2014-02-02,2014-02-03,2014-02-04,2014-02-05,2014-02-06,2014-02-07,2014-02-08,2014-02-09,2014-02-10,2014-02-11,2014-02-12,2014-02-13,2014-02-14,2014-02-15,2014-02-16,2014-02-17,2014-02-18,2014-02-19,2014-02-20,2014-02-21,2014-02-22,2014-02-23,2014-02-24,2014-02-25,2014-02-26,2014-02-27,2014-02-28
"Pasar Sederhana","Beras Medium",0,0,0,9000,9000,9000,9000,9000,9000,0,0,9000,9000,9000,9000,9000,0,0,9000,9000,9000,9000,9000,0,0,9000,9000,9000
"Pasar Sederhana","Cabe Merah",0,0,0,40000,40000,40000,40000,40000,40000,0,0,40000,35000,35000,35000,35000,0,0,35000,35000,35000,30000,30000,0,0,30000,30000,30000
"Pasar Sederhana","Bawang Merah",0,0,0,25000,20000,20000,20000,20000,20000,0,0,20000,20000,20000,20000,20000,0,0,20000,20000,20000,20000,20000,0,0,20000,20000,20000
"Pasar Sederhana","Daging Ayam Ras",0,0,0,28000,28000,28000,28000,28000,28000,0,0,28000,28000,28000,28000,28000,0,0,28000,28000,28000,28000,28000,0,0,28000,28000,28000
"Pasar Sederhana","Telur Ayam Ras",0,0,0,20000,20000,20000,20000,20000,20000,0,0,20000,20000,20000,20000,20000,0,0,20000,20000,20000,20000,20000,0,0,20000,20000,18000
"Pasar Sederhana","Daging Sapi",0,0,0,95000,95000,95000,95000,95000,95000,0,0,95000,95000,95000,95000,95000,0,0,95000,95000,95000,95000,95000,0,0,95000,95000,100000
"Pasar Sederhana","Minyak Goreng",0,0,0,12500,12500,12500,12500,12500,12500,0,0,12500,12500,12500,12500,12500,0,0,12500,12500,12500,12500,12500,0,0,12500,12500,13000
"Pasar Sederhana","Gula Pasir",0,0,0,12000,12000,12000,12000,12000,12000,0,0,12000,12000,12000,12000,12000,0,0,12000,12000,12000,12000,12000,0,0,12000,12000,12000
"Pasar Sederhana",Kentang,0,0,0,14000,14000,14000,14000,14000,14000,0,0,14000,14000,14000,14000,14000,0,0,14000,14000,14000,14000,14000,0,0,14000,14000,14000
"Pasar Sederhana",Kedelai,0,0,0,12000,12000,12000,12000,12000,12000,0,0,12000,12000,12000,12000,12000,0,0,12000,12000,12000,12000,12000,0,0,12000,12000,12000
"Pasar Sederhana","Tepung Terigu",0,0,0,8000,8000,8000,8000,8000,8000,0,0,8000,8000,8000,8000,8000,0,0,8000,8000,8000,8000,8000,0,0,8000,8000,7500
"Pasar Sederhana","Bawang Putih",0,0,0,16000,15000,15000,15000,15000,15000,0,0,15000,15000,15000,15000,15000,0,0,15000,15000,15000,15000,15000,0,0,15000,15000,15000
"Pasar Sederhana","Cabe Keriting",0,0,0,40000,40000,40000,40000,40000,40000,0,0,40000,35000,35000,35000,35000,0,0,35000,35000,35000,30000,30000,0,0,30000,30000,30000
"Pasar Sederhana","Cabe Rawit",0,0,0,38000,55000,55000,55000,55000,55000,0,0,55000,50000,50000,50000,50000,0,0,50000,50000,50000,50000,50000,0,0,50000,50000,60000
"Pasar Sederhana","Kacang Tanah",0,0,0,20000,20000,20000,20000,20000,20000,0,0,20000,20000,20000,20000,20000,0,0,20000,20000,20000,20000,20000,0,0,20000,20000,22000
"Pasar Sederhana","Ubi Kayu",0,0,0,4000,4000,4000,4000,4000,4000,0,0,4000,4000,4000,4000,4000,0,0,4000,4000,4000,4000,4000,0,0,4000,4000,4000
"Pasar Sederhana","Ubi Jalar",0,0,0,0,0,0,0,0,0,0,0,0,0,0,0,0,0,0,0,0,0,0,0,0,0,0,0,0
"Pasar Sederhana",Jagung,0,0,0,7000,7000,7000,7000,7000,7000,0,0,7000,7000,7000,7000,7000,0,0,7000,7000,7000,7000,7000,0,0,7000,7000,7000
"Pasar Sederhana","Ikan Olahan",0,0,0,60000,60000,60000,60000,60000,60000,0,0,60000,60000,60000,60000,60000,0,0,60000,60000,60000,60000,60000,0,0,60000,60000,70000
"Pasar Sederhana","Beras Premium",0,0,0,0,0,0,0,0,0,0,0,0,0,0,0,0,0,0,0,0,0,0,0,0,0,0,0,0
"Pasar Sederhana","Minyak Goreng Curah",0,0,0,10250,10250,10250,10250,10250,10250,0,0,10250,10250,10250,10250,10250,0,0,10250,10250,10250,10250,10250,0,0,10250,10250,13000
"Pasar Sederhana","Daging Ayam Kampung",0,0,0,0,0,0,0,0,0,0,0,0,0,0,0,0,0,0,0,0,0,0,0,0,0,0,0,0
"Pasar Sederhana","Telur Ayam Kampung",0,0,0,32000,32000,32000,32000,32000,32000,0,0,32000,32000,32000,32000,32000,0,0,32000,32000,32000,32000,32000,0,0,32000,32000,46000
"Pasar Sederhana","Susu Kental Manis Merk Bendera",0,0,0,9000,9000,9000,9000,9000,9000,0,0,9000,9000,9000,9000,9000,0,0,9000,9000,9000,9000,9000,0,0,9000,9000,9500
"Pasar Sederhana","Susu Kental Manis Merk Indomilk",0,0,0,0,0,0,0,0,0,0,0,0,0,0,0,0,0,0,0,0,0,0,0,0,0,0,0,0
"Pasar Sederhana","Garam Beryodium Bata",0,0,0,900,900,900,900,900,900,0,0,900,900,900,900,900,0,0,900,900,900,900,900,0,0,900,900,900
"Pasar Sederhana","Garam Beryodium Halus",0,0,0,4000,4000,4000,4000,4000,4000,0,0,4000,4000,4000,4000,4000,0,0,4000,4000,4000,4000,4000,0,0,4000,4000,4000
"Pasar Sederhana","Tepung Terigu Cakra Kembar",0,0,0,8000,8000,8000,8000,8000,8000,0,0,8000,8000,8000,8000,8000,0,0,8000,8000,8000,8000,8000,0,0,8000,8000,8000
"Pasar Sederhana","Tepung Terigu Kunci",0,0,0,7000,7000,7000,7000,7000,7000,0,0,7000,7000,7000,7000,7000,0,0,7000,7000,7000,7000,7000,0,0,7000,7000,7000
"Pasar Sederhana","Mie Instan",0,0,0,0,0,0,0,0,0,0,0,0,0,0,0,0,0,0,0,0,0,0,0,0,0,0,0,0
"Pasar Sederhana","Cabe Rawit Hijau",0,0,0,20000,40000,40000,40000,40000,40000,0,0,40000,40000,40000,40000,40000,0,0,40000,40000,40000,40000,40000,0,0,40000,40000,40000
"Pasar Sederhana","Kacang Hijau",0,0,0,0,0,0,0,0,0,0,0,0,0,0,0,0,0,0,0,0,0,0,0,0,0,0,0,0
"Pasar Sederhana","Susu Bubuk Dancow",0,0,0,0,0,0,0,0,0,0,0,0,0,0,0,0,0,0,0,0,0,0,0,0,0,0,0,0
"Pasar Sederhana","Susu Bubuk Indomilk",0,0,0,0,0,0,0,0,0,0,0,0,0,0,0,0,0,0,0,0,0,0,0,0,0,0,0,0
"Pasar Sederhana","Ikan Kembung",0,0,0,0,0,0,0,0,0,0,0,0,0,0,0,0,0,0,0,0,0,0,0,0,0,0,0,0
