nama_kecamatan,iud_sisa_bulan_lalu,kondom_sisa_bulan_lalu,implant_sisa_bulan_lalu,suntikan_sisa_bulan_lalu,pil_sisa_bulan_lalu,iud_diterima_bulan_ini,kondom_diterima_bulan_ini,implant_diterima_bulan_ini,suntikan_diterima_bulan_ini,pil_keluar_bulan_ini,iud_keluar_bulan_ini,kondom_keluar_bulan_ini,implant_keluar_bulan_ini,suntikan_keluar_bulan_ini,pil_diterima_bulan_ini,iud_sisa_akhir_bulan_ini,kondom_sisa_akhir_bulan_ini,implant_sisa_akhir_bulan_ini,suntikan_sisa_akhir_bulan_ini,pil_sisa_akhir_bulan_ini
Sukasari,105,220,47,187,249,0,0,0,99,9,4,31,5,192,76,101,189,42,94,182
Coblong,52,138,22,114,749,25,12,0,60,100,39,18,2,165,18,38,132,20,9,831
Babakan Ciparay,72,829,6,88,257,6,12,0,64,252,9,25,1,51,117,69,816,5,101,392
Bojongloa Kaler,452,77,30,102,350,0,0,0,100,200,40,16,7,202,99,412,61,23,0,451
Andir,123,94,21,69,182,0,48,0,0,0,5,6,1,16,2,118,136,20,53,180
Cicendo,18,245,10,36,201,30,0,0,80,0,21,16,2,62,11,27,229,8,54,190
Sukajadi,96,62,19,92,124,115,0,0,496,400,143,24,0,504,303,68,38,19,84,221
Cidadap,134,149,28,125,528,18,22,24,80,100,24,16,24,53,12,128,155,28,152,616
Bandung Wetan,51,75,51,142,809,0,12,0,40,300,0,8,1,96,13,51,79,50,86,1096
Astana Anyar,68,129,14,613,969,76,5,0,505,400,75,9,0,406,213,69,125,14,712,1156
Regol,103,132,17,392,577,0,0,0,0,0,21,11,0,131,48,82,121,17,261,529
Batununggal,43,74,14,105,664,0,0,0,160,200,5,18,0,202,50,38,56,14,63,814
Lengkong,82,252,47,287,627,0,0,0,175,100,5,41,0,254,35,77,211,47,208,692
Cibeunying Kidul,65,23,17,30,668,0,12,0,60,100,19,4,1,66,62,46,31,16,24,706
Bandung Kulon,88,97,12,60,680,0,24,0,180,200,4,50,1,209,55,84,71,11,31,825
Kiaracondong,38,30,19,146,495,0,0,0,20,100,11,12,3,105,96,27,18,16,61,499
Bojongloa Kidul,26,28,10,89,147,0,0,0,0,0,4,4,0,7,11,22,24,10,82,136
Cibeunying Kaler,29,10,20,40,223,0,0,0,0,0,7,10,0,22,30,22,0,20,18,193
Sumur Bandung,26,20,9,105,397,0,0,0,0,0,3,18,5,16,23,23,2,4,89,374
Antapani,68,135,2,28,801,0,0,0,140,0,2,2,0,124,38,66,133,2,44,763
Bandung Kidul,118,257,49,128,645,0,12,0,161,200,7,20,0,197,114,111,249,49,92,731
Buahbatu,37,34,15,39,528,0,0,0,220,200,10,13,2,188,300,27,21,13,71,428
Rancasari,23,85,19,20,234,0,0,0,100,200,5,2,0,120,79,18,83,19,0,355
Arcamanik,153,126,7,94,278,0,0,0,20,0,2,0,0,102,0,151,126,7,12,278
Cibiru,107,185,51,153,318,8,36,0,359,302,16,59,3,349,142,99,162,48,163,478
Ujung Berung,31,20,15,6,48,20,0,0,100,200,51,3,9,33,94,0,17,6,73,154
Gedebage,44,36,7,95,412,0,0,0,100,100,13,10,5,64,109,31,26,2,131,403
Panyileukan,46,1,11,120,156,0,12,0,40,100,3,2,1,56,50,43,11,10,104,206
Cinambo,130,172,72,147,281,9,0,0,66,200,106,15,0,68,20,33,157,72,145,461
Mandalajati,82,97,8,13,249,0,0,0,60,0,0,0,0,40,5,82,97,8,33,244