lokasi,nama_komoditas,2015-04-01,2015-04-02,2015-04-03,2015-04-04,2015-04-05,2015-04-06,2015-04-07,2015-04-08,2015-04-09,2015-04-10,2015-04-11,2015-04-12,2015-04-13,2015-04-14,2015-04-15,2015-04-16,2015-04-17,2015-04-18,2015-04-19,2015-04-20,2015-04-21,2015-04-22,2015-04-23,2015-04-24,2015-04-25,2015-04-26,2015-04-27,2015-04-28,2015-04-29,2015-04-30
"Pasar Sederhana","Beras Medium",10500,10500,0,0,0,10500,10500,10500,10500,10500,0,0,10500,10500,10500,10500,10500,0,0,10500,10000,10000,10000,10000,0,0,10000,10000,10000,0
"Pasar Sederhana","Cabe Merah",37000,40000,0,0,0,30000,30000,30000,30000,30000,0,0,30000,30000,30000,30000,30000,0,0,30000,30000,30000,30000,30000,0,0,24000,30000,24000,0
"Pasar Sederhana","Bawang Merah",32000,32000,0,0,0,32000,32000,32000,32000,32000,0,0,32000,32000,32000,32000,32000,0,0,32000,32000,32000,32000,32000,0,0,30000,32000,30000,0
"Pasar Sederhana","Daging Ayam Ras",28000,27000,0,0,0,30000,30000,30000,30000,30000,0,0,30000,30000,30000,30000,30000,0,0,30000,30000,30000,30000,30000,0,0,28000,30000,28000,0
"Pasar Sederhana","Telur Ayam Ras",17000,18000,0,0,0,17000,17000,17000,17000,17000,0,0,17000,17000,17000,18000,19000,0,0,18000,19000,19000,19000,19000,0,0,19000,19000,19000,0
"Pasar Sederhana","Daging Sapi",98000,100000,0,0,0,98000,98000,98000,98000,98000,0,0,98000,98000,98000,98000,98000,0,0,98000,98000,98000,98000,98000,0,0,100000,98000,100000,0
"Pasar Sederhana","Minyak Goreng",14500,14500,0,0,0,14500,14500,14500,14500,14500,0,0,14500,14500,14500,14500,14500,0,0,14500,14500,14500,14500,14500,0,0,14500,14500,14500,0
"Pasar Sederhana","Gula Pasir",11000,11000,0,0,0,11000,11000,11000,11000,11000,0,0,11000,11000,11000,11500,11500,0,0,11500,12500,12500,12500,12500,0,0,12500,12500,12500,0
"Pasar Sederhana",Kentang,11000,11000,0,0,0,11000,11000,11000,11000,11000,0,0,11000,11000,11000,11000,11000,0,0,11000,11000,11000,11000,11000,0,0,11000,11000,11000,0
"Pasar Sederhana",Kedelai,12000,12000,0,0,0,12000,12000,12000,12000,12000,0,0,12000,12000,12000,12000,12000,0,0,12000,12000,12000,12000,12000,0,0,12000,12000,12000,0
"Pasar Sederhana","Tepung Terigu",8000,8000,0,0,0,8000,8000,8000,8000,8000,0,0,8000,8000,8000,8000,8000,0,0,8000,8500,8500,8000,8000,0,0,8000,8000,8000,0
"Pasar Sederhana","Bawang Putih",18000,18000,0,0,0,18000,18000,18000,18000,18000,0,0,18000,18000,18000,18000,18000,0,0,18000,18000,18000,18000,18000,0,0,18000,18000,18000,0
"Pasar Sederhana","Cabe Keriting",22000,24000,0,0,0,22000,22000,22000,22000,22000,0,0,22000,22000,22000,20000,20000,0,0,20000,20000,20000,20000,20000,0,0,20000,20000,20000,0
"Pasar Sederhana","Cabe Rawit",38000,40000,0,0,0,35000,35000,35000,35000,35000,0,0,35000,35000,35000,35000,35000,0,0,35000,30000,30000,30000,30000,0,0,30000,30000,30000,0
"Pasar Sederhana","Kacang Tanah",22000,22000,0,0,0,22000,22000,22000,22000,22000,0,0,22000,22000,22000,22000,22000,0,0,22000,22000,22000,22000,22000,0,0,24000,22000,24000,0
"Pasar Sederhana","Ubi Kayu",4000,4000,0,0,0,4000,4000,4000,4000,4000,0,0,4000,4000,4000,4000,4000,0,0,4000,4000,4000,4000,4000,0,0,4000,4000,4000,0
"Pasar Sederhana","Ubi Jalar",0,0,0,0,0,0,0,0,0,0,0,0,0,0,0,0,0,0,0,0,0,0,0,0,0,0,0,0,0,0
"Pasar Sederhana",Jagung,7000,7000,0,0,0,7000,7000,7000,7000,7000,0,0,7000,7000,7000,7000,7000,0,0,7000,7000,7000,7000,7000,0,0,7000,7000,7000,0
"Pasar Sederhana","Ikan Olahan",70000,70000,0,0,0,70000,70000,70000,70000,70000,0,0,70000,70000,70000,70000,70000,0,0,70000,70000,70000,70000,70000,0,0,70000,70000,70000,0
"Pasar Sederhana","Beras Premium",0,0,0,0,0,0,0,0,0,0,0,0,0,0,0,0,0,0,0,0,0,0,0,0,0,0,0,0,0,0
"Pasar Sederhana","Minyak Goreng Curah",11000,11000,0,0,0,11000,11000,11000,11000,11000,0,0,11000,11000,11000,11000,11000,0,0,11000,11000,11000,11000,11000,0,0,11000,11000,11000,0
"Pasar Sederhana","Daging Ayam Kampung",55000,55000,0,0,0,55000,55000,55000,55000,55000,0,0,55000,55000,55000,55000,55000,0,0,55000,55000,55000,55000,55000,0,0,55000,55000,55000,0
"Pasar Sederhana","Telur Ayam Kampung",45000,45000,0,0,0,45000,45000,45000,45000,45000,0,0,45000,45000,45000,45000,45000,0,0,45000,45000,45000,45000,45000,0,0,45000,45000,45000,0
"Pasar Sederhana","Susu Kental Manis Merk Bendera",9500,9500,0,0,0,9500,9500,9500,9500,9500,0,0,9500,9500,9500,9500,9500,0,0,9500,9500,9500,9500,9500,0,0,9500,9500,9500,0
"Pasar Sederhana","Susu Kental Manis Merk Indomilk",10000,10000,0,0,0,10000,10000,10000,10000,10000,0,0,10000,10000,10000,10000,10000,0,0,10000,10000,10000,10000,10000,0,0,10000,10000,10000,0
"Pasar Sederhana","Garam Beryodium Bata",1000,1000,0,0,0,1000,1000,1000,1000,1000,0,0,1000,1000,1000,1000,1000,0,0,1000,1000,1000,1000,1000,0,0,1000,1000,1000,0
"Pasar Sederhana","Garam Beryodium Halus",4000,4000,0,0,0,4000,4000,4000,4000,4000,0,0,4000,4000,4000,4000,4000,0,0,4000,4000,4000,4000,4000,0,0,4000,4000,4000,0
"Pasar Sederhana","Tepung Terigu Cakra Kembar",8500,8500,0,0,0,8500,8500,8500,8500,8500,0,0,8500,8500,8500,8500,8500,0,0,8500,8000,8000,8500,8500,0,0,8500,8500,8500,0
"Pasar Sederhana","Tepung Terigu Kunci",7500,7500,0,0,0,7500,7500,7500,7500,7500,0,0,7500,7500,7500,7500,7500,0,0,7500,7500,7500,7500,7500,0,0,7500,7500,7500,0
"Pasar Sederhana","Mie Instan",2000,2000,0,0,0,2000,2000,2000,2000,2000,0,0,2000,2000,2000,2000,2000,0,0,2000,2000,2000,2000,2000,0,0,2000,2000,2000,0
"Pasar Sederhana","Cabe Rawit Hijau",20000,0,0,0,0,18000,18000,18000,18000,18000,0,0,18000,18000,18000,18000,18000,0,0,18000,18000,18000,18000,18000,0,0,20000,20000,20000,0
"Pasar Sederhana","Kacang Hijau",21000,21000,0,0,0,21000,21000,21000,21000,21000,0,0,21000,21000,21000,21000,21000,0,0,21000,21000,21000,21000,21000,0,0,22000,21000,22000,0
"Pasar Sederhana","Susu Bubuk Dancow",34750,34750,0,0,0,34750,34750,34750,34750,34750,0,0,34750,34750,34750,34750,34750,0,0,34750,34750,34750,34750,34750,0,0,34750,34750,34750,0
"Pasar Sederhana","Susu Bubuk Indomilk",31250,31250,0,0,0,31250,31250,31250,31250,31250,0,0,31250,31250,31250,31250,31250,0,0,31250,31250,31250,31250,31250,0,0,31250,31250,31250,0
"Pasar Sederhana","Ikan Kembung",30000,30000,0,0,0,30000,30000,30000,30000,30000,0,0,30000,30000,30000,30000,30000,0,0,30000,30000,30000,30000,30000,0,0,30000,30000,30000,0
