lokasi,nama_komoditas,2015-05-01,2015-05-02,2015-05-03,2015-05-04,2015-05-05,2015-05-06,2015-05-07,2015-05-08,2015-05-09,2015-05-10,2015-05-11,2015-05-12,2015-05-13,2015-05-14,2015-05-15,2015-05-16,2015-05-17,2015-05-18,2015-05-19,2015-05-20,2015-05-21,2015-05-22,2015-05-23,2015-05-24,2015-05-25,2015-05-26,2015-05-27,2015-05-28,2015-05-29,2015-05-30,2015-05-31
"Pasar Kosambi","Beras Medium",0,0,0,9500,9500,9500,9500,9500,0,0,9500,9500,9500,0,9500,0,0,9500,9500,9500,9500,9500,0,0,9500,9500,9500,9500,9500,0,0
"Pasar Kosambi","Cabe Merah",0,0,0,30000,25000,25000,25000,25000,0,0,35000,30000,35000,0,35000,0,0,35000,35000,35000,35000,35000,0,0,40000,40000,40000,40000,40000,0,0
"Pasar Kosambi","Bawang Merah",0,0,0,30000,30000,30000,30000,30000,0,0,32000,32000,33000,0,33000,0,0,35000,35000,35000,35000,35000,0,0,35000,35000,35000,35000,36000,0,0
"Pasar Kosambi","Daging Ayam Ras",0,0,0,30000,30000,30000,30000,30000,0,0,32000,30000,32000,0,32000,0,0,34000,34000,34000,34000,34000,0,0,33000,33000,31000,31000,31000,0,0
"Pasar Kosambi","Telur Ayam Ras",0,0,0,19500,19500,19500,19500,21000,0,0,21000,19500,21000,0,21000,0,0,21000,21000,21000,21000,21000,0,0,21000,21000,21000,21000,21000,0,0
"Pasar Kosambi","Daging Sapi",0,0,0,100000,100000,100000,100000,100000,0,0,100000,100000,100000,0,100000,0,0,100000,100000,100000,100000,100000,0,0,100000,100000,100000,100000,100000,0,0
"Pasar Kosambi","Minyak Goreng",0,0,0,14000,14000,14000,14000,14000,0,0,14000,14000,14000,0,14000,0,0,14000,14000,14000,14000,14000,0,0,14000,14000,14000,14000,14000,0,0
"Pasar Kosambi","Gula Pasir",0,0,0,12000,12000,12000,12000,12000,0,0,12000,12000,12000,0,12000,0,0,12000,12000,12000,12000,12000,0,0,12000,12000,12000,12000,12500,0,0
"Pasar Kosambi",Kentang,0,0,0,11000,11000,11000,11000,11000,0,0,11000,11000,11000,0,11000,0,0,11000,11000,11000,11000,11000,0,0,11000,11000,11000,11000,11000,0,0
"Pasar Kosambi",Kedelai,0,0,0,11000,11000,11000,11000,11000,0,0,11000,11000,11000,0,11000,0,0,11000,11000,11000,11000,11000,0,0,11000,11000,11000,11000,11000,0,0
"Pasar Kosambi","Tepung Terigu",0,0,0,7500,7500,7500,7500,7500,0,0,7500,7500,7000,0,7000,0,0,7500,7500,7500,7500,7500,0,0,7500,7500,7500,7500,7500,0,0
"Pasar Kosambi","Bawang Putih",0,0,0,20000,20000,20000,20000,20000,0,0,20000,20000,20000,0,20000,0,0,20000,20000,20000,20000,20000,0,0,20000,20000,20000,20000,20000,0,0
"Pasar Kosambi","Cabe Keriting",0,0,0,30000,25000,25000,25000,25000,0,0,30000,30000,30000,0,30000,0,0,30000,30000,30000,30000,30000,0,0,25000,25000,20000,20000,20000,0,0
"Pasar Kosambi","Cabe Rawit",0,0,0,30000,25000,25000,25000,25000,0,0,40000,30000,40000,0,40000,0,0,30000,30000,30000,30000,30000,0,0,30000,30000,25000,25000,25000,0,0
"Pasar Kosambi","Kacang Tanah",0,0,0,22000,22000,22000,22000,22000,0,0,23000,22000,23000,0,23000,0,0,23000,23000,23000,23000,23000,0,0,23000,23000,23000,23000,23000,0,0
"Pasar Kosambi","Ubi Kayu",0,0,0,4000,4000,4000,4000,4000,0,0,4000,4000,4000,0,4000,0,0,4000,4000,4000,4000,4000,0,0,4000,4000,4000,4000,4000,0,0
"Pasar Kosambi","Ubi Jalar",0,0,0,0,0,0,0,0,0,0,0,0,0,0,0,0,0,0,0,0,0,0,0,0,0,0,0,0,0,0,0
"Pasar Kosambi",Jagung,0,0,0,7000,7000,7000,7000,7000,0,0,7000,7000,7000,0,7000,0,0,7000,7000,7000,7000,7000,0,0,7000,7000,7000,7000,7000,0,0
"Pasar Kosambi","Ikan Olahan",0,0,0,50000,50000,50000,50000,50000,0,0,50000,50000,50000,0,50000,0,0,50000,50000,50000,50000,50000,0,0,50000,50000,50000,50000,50000,0,0
"Pasar Kosambi","Beras Premium",0,0,0,0,0,0,0,0,0,0,0,0,0,0,0,0,0,0,0,0,0,0,0,0,0,0,0,0,0,0,0
"Pasar Kosambi","Minyak Goreng Curah",0,0,0,10500,15000,15000,15000,15000,0,0,10500,10500,10500,0,10500,0,0,10500,10500,10500,10500,10500,0,0,10500,10500,10500,10500,10500,0,0
"Pasar Kosambi","Daging Ayam Kampung",0,0,0,50000,50000,50000,50000,50000,0,0,50000,50000,50000,0,50000,0,0,50000,50000,50000,50000,50000,0,0,50000,50000,50000,50000,50000,0,0
"Pasar Kosambi","Telur Ayam Kampung",0,0,0,40000,40000,40000,40000,40000,0,0,40000,40000,40000,0,40000,0,0,40000,40000,40000,40000,40000,0,0,40000,40000,40000,40000,40000,0,0
"Pasar Kosambi","Susu Kental Manis Merk Bendera",0,0,0,10000,10000,10000,10000,10000,0,0,10000,10000,10000,0,10000,0,0,10000,10000,10000,10000,10000,0,0,10000,10000,10000,10000,10000,0,0
"Pasar Kosambi","Susu Kental Manis Merk Indomilk",0,0,0,9500,9500,9500,9500,9500,0,0,9500,9500,9500,0,9500,0,0,9500,9500,9500,9500,9500,0,0,9500,9500,9500,9500,9500,0,0
"Pasar Kosambi","Garam Beryodium Bata",0,0,0,1000,1000,1000,1000,1000,0,0,1000,1000,1000,0,1000,0,0,1000,1000,1000,1000,1000,0,0,1000,1000,1000,1000,1000,0,0
"Pasar Kosambi","Garam Beryodium Halus",0,0,0,3000,3000,3000,3000,3000,0,0,3000,3000,3000,0,3000,0,0,3000,3000,3000,3000,3000,0,0,3000,3000,3000,3000,3000,0,0
"Pasar Kosambi","Tepung Terigu Cakra Kembar",0,0,0,7500,7500,7500,7500,7500,0,0,7500,7500,7500,0,7500,0,0,7500,7500,7500,7500,7500,0,0,7500,7500,7500,7500,7500,0,0
"Pasar Kosambi","Tepung Terigu Kunci",0,0,0,7000,7000,7000,7000,7000,0,0,7000,7000,7500,0,7500,0,0,7000,7000,7000,7000,7000,0,0,7000,7000,7000,7000,7000,0,0
"Pasar Kosambi","Mie Instan",0,0,0,1900,1900,1900,1900,1900,0,0,1900,1900,1900,0,1900,0,0,1900,1900,1900,1900,1900,0,0,1900,1900,1900,1900,1900,0,0
"Pasar Kosambi","Cabe Rawit Hijau",0,0,0,20000,20000,20000,20000,20000,0,0,25000,25000,25000,0,25000,0,0,25000,25000,25000,25000,25000,0,0,25000,25000,25000,25000,25000,0,0
"Pasar Kosambi","Kacang Hijau",0,0,0,22000,22000,22000,22000,22000,0,0,22000,22000,22000,0,22000,0,0,22000,22000,22000,22000,22000,0,0,22000,22000,22000,22000,22000,0,0
"Pasar Kosambi","Susu Bubuk Dancow",0,0,0,34500,34500,34500,34500,34500,0,0,34500,34500,34500,0,34500,0,0,34500,34500,34500,34500,34500,0,0,34500,34500,34500,34500,34500,0,0
"Pasar Kosambi","Susu Bubuk Indomilk",0,0,0,30000,30000,30000,30000,30000,0,0,30000,30000,30000,0,30000,0,0,30000,30000,30000,30000,30000,0,0,30000,30000,30000,30000,30000,0,0
"Pasar Kosambi","Ikan Kembung",0,0,0,30000,30000,30000,30000,30000,0,0,30000,30000,30000,0,30000,0,0,30000,30000,30000,30000,30000,0,0,30000,30000,30000,30000,30000,0,0
