lokasi,nama_komoditas,2018-02-01,2018-02-02,2018-02-03,2018-02-04,2018-02-05,2018-02-06,2018-02-07,2018-02-08,2018-02-09,2018-02-10,2018-02-11,2018-02-12,2018-02-13,2018-02-14,2018-02-15,2018-02-16,2018-02-17,2018-02-18,2018-02-19,2018-02-20,2018-02-21,2018-02-22,2018-02-23,2018-02-24,2018-02-25,2018-02-26,2018-02-27,2018-02-28
"Pasar Baru","Beras Medium",12500,12500,0,0,12500,12500,12500,12500,12500,0,0,12500,12500,12500,12500,0,0,0,12500,12500,0,12500,12500,0,0,12500,12500,12500
"Pasar Baru","Cabe Merah",40000,40000,0,0,55000,60000,60000,60000,60000,0,0,50000,50000,50000,60000,0,0,0,60000,60000,0,60000,60000,0,0,60000,60000,60000
"Pasar Baru","Bawang Merah",30000,30000,0,0,30000,25000,25000,25000,25000,0,0,25000,25000,25000,25000,0,0,0,25000,25000,0,25000,25000,0,0,25000,25000,25000
"Pasar Baru","Daging Ayam Ras",36000,36000,0,0,35000,35000,35000,35000,37000,0,0,35000,35000,35000,33000,0,0,0,33000,33000,0,33000,33000,0,0,33000,33000,33000
"Pasar Baru","Telur Ayam Ras",24000,24000,0,0,22000,22000,22000,22000,24000,0,0,22000,22000,22000,22000,0,0,0,23000,23000,0,23000,22000,0,0,22000,22000,22000
"Pasar Baru","Daging Sapi",120000,120000,0,0,120000,120000,120000,0,0,0,0,120000,0,120000,120000,0,0,0,120000,120000,0,120000,120000,0,0,120000,120000,120000
"Pasar Baru","Minyak Goreng",15000,15000,0,0,15000,15000,15000,15000,15000,0,0,15000,15000,15000,15000,0,0,0,15000,15000,0,15000,15000,0,0,15000,15000,15000
"Pasar Baru","Gula Pasir",12500,12500,0,0,12500,12500,12500,12500,12500,0,0,12500,12500,12500,12500,0,0,0,12500,12500,0,12500,12500,0,0,12500,12500,12500
"Pasar Baru",Kentang,17000,17000,0,0,18000,18000,18000,18000,18000,0,0,18000,18000,18000,18000,0,0,0,18000,18000,0,18000,18000,0,0,18000,18000,18000
"Pasar Baru",Kedelai,11000,11000,0,0,11000,11000,11000,11000,11000,0,0,11000,11000,11000,11000,0,0,0,11000,11000,0,11000,11000,0,0,11000,11000,11000
"Pasar Baru","Tepung Terigu",7500,7500,0,0,7500,7500,7500,7500,7500,0,0,7500,7500,7500,7500,0,0,0,7500,7500,0,7500,7500,0,0,7500,7500,7500
"Pasar Baru","Bawang Putih",24000,24000,0,0,24000,30000,30000,24000,24000,0,0,30000,24000,24000,30000,0,0,0,33000,33000,0,33000,33000,0,0,33000,33000,33000
"Pasar Baru","Cabe Keriting",50000,50000,0,0,50000,50000,50000,50000,50000,0,0,40000,40000,40000,55000,0,0,0,50000,50000,0,50000,50000,0,0,50000,50000,50000
"Pasar Baru","Cabe Rawit",60000,60000,0,0,50000,30000,30000,50000,50000,0,0,50000,50000,50000,60000,0,0,0,60000,60000,0,60000,60000,0,0,60000,60000,60000
"Pasar Baru","Kacang Tanah",28000,28000,0,0,28000,28000,28000,28000,28000,0,0,28000,28000,28000,28000,0,0,0,28000,28000,0,28000,28000,0,0,28000,28000,28000
"Pasar Baru","Ubi Kayu",3000,3000,0,0,3000,3000,3000,3000,3000,0,0,3000,3000,3000,3000,0,0,0,3000,3000,0,3000,3000,0,0,3000,3000,3000
"Pasar Baru","Ubi Jalar",0,0,0,0,0,0,0,0,0,0,0,0,0,0,0,0,0,0,0,0,0,0,0,0,0,0,0,0
"Pasar Baru",Jagung,10000,10000,0,0,10000,10000,10000,10000,10000,0,0,10000,10000,10000,10000,0,0,0,10000,10000,0,10000,10000,0,0,10000,10000,10000
"Pasar Baru","Ikan Olahan",70000,70000,0,0,70000,70000,70000,70000,70000,0,0,70000,70000,70000,70000,0,0,0,70000,70000,0,70000,70000,0,0,70000,70000,70000
"Pasar Baru","Beras Premium",0,0,0,0,0,0,0,0,0,0,0,0,0,0,0,0,0,0,0,0,0,0,0,0,0,0,0,0
"Pasar Baru","Minyak Goreng Curah",12000,12000,0,0,12000,12000,12000,12000,12000,0,0,12000,12000,12000,12000,0,0,0,12000,12000,0,12000,12000,0,0,12000,12000,12000
"Pasar Baru","Daging Ayam Kampung",75000,75000,0,0,75000,75000,75000,75000,75000,0,0,75000,75000,75000,75000,0,0,0,75000,75000,0,75000,75000,0,0,75000,75000,75000
"Pasar Baru","Telur Ayam Kampung",54000,54000,0,0,54000,54000,54000,54000,54000,0,0,54000,54000,54000,54000,0,0,0,54000,54000,0,54000,54000,0,0,54000,54000,54000
"Pasar Baru","Susu Kental Manis Merk Bendera",11000,11000,0,0,11000,11000,11000,11000,11000,0,0,11000,11000,11000,11000,0,0,0,11000,11000,0,11000,11000,0,0,11000,11000,11000
"Pasar Baru","Susu Kental Manis Merk Indomilk",9500,9500,0,0,9500,9500,9500,9500,9500,0,0,9500,9500,9500,9500,0,0,0,9500,9500,0,9500,9500,0,0,9500,9500,9500
"Pasar Baru","Garam Beryodium Bata",3000,3000,0,0,3000,3000,3000,3000,3000,0,0,3000,3000,3000,3000,0,0,0,3000,3000,0,3000,3000,0,0,3000,3000,3000
"Pasar Baru","Garam Beryodium Halus",12000,12000,0,0,12000,12000,12000,12000,12000,0,0,12000,12000,12000,12000,0,0,0,12000,12000,0,12000,12000,0,0,12000,12000,12000
"Pasar Baru","Tepung Terigu Cakra Kembar",8000,0,0,0,0,8000,8000,8000,8000,0,0,8000,8000,0,8000,0,0,0,8000,0,0,8000,8000,0,0,8000,8000,0
"Pasar Baru","Tepung Terigu Kunci",7500,7500,0,0,7500,7500,7500,7500,7500,0,0,7500,7500,7500,7500,0,0,0,7500,7500,0,7500,7500,0,0,7500,7500,7500
"Pasar Baru","Mie Instan",2500,2500,0,0,2500,2500,2500,2500,2500,0,0,2500,2500,2500,2500,0,0,0,2500,2500,0,2500,2500,0,0,2500,2500,2500
"Pasar Baru","Cabe Rawit Hijau",40000,40000,0,0,30000,40000,40000,40000,40000,0,0,40000,40000,40000,45000,0,0,0,45000,45000,0,45000,45000,0,0,45000,45000,45000
"Pasar Baru","Kacang Hijau",22000,22000,0,0,22000,22000,22000,22000,22000,0,0,22000,22000,22000,22000,0,0,0,22000,22000,0,22000,22000,0,0,22000,22000,22000
"Pasar Baru","Susu Bubuk Dancow",36000,36000,0,0,36000,36000,36000,36000,36000,0,0,36000,36000,36000,36000,0,0,0,36000,36000,0,36000,36000,0,0,36000,36000,36000
"Pasar Baru","Susu Bubuk Indomilk",33500,33500,0,0,33500,33500,33500,33500,33500,0,0,33500,33500,33500,33500,0,0,0,33500,33500,0,33500,33500,0,0,33500,33500,33500
"Pasar Baru","Ikan Kembung",40000,40000,0,0,40000,40000,40000,40000,40000,0,0,40000,40000,40000,40000,0,0,0,40000,40000,0,40000,40000,0,0,40000,40000,40000
