lokasi,nama_komoditas,2016-08-05,2016-08-01,2016-08-03,2016-08-04,2016-08-08,2016-08-09,2016-08-10,2016-08-11,2016-08-15,2016-08-16,2016-08-18,2016-08-19,2016-08-22,2016-08-24,2016-08-25,2016-08-26,2016-08-29,2016-08-30,2016-08-31,2016-08-02,2016-08-12,
Pasar Kosambi,Beras Medium,10000,10000,10000,10000,10000,10000,10000,10000,10000,10000,10000,10000,10000,10000,10000,10000,10000,10000,10000,0,0,
Pasar Kosambi,Cabe Merah,40000,40000,40000,40000,35000,35000,35000,35000,35000,35000,35000,35000,35000,35000,35000,35000,30000,30000,30000,0,0,
Pasar Kosambi,Bawang Merah,45000,45000,45000,45000,45000,45000,45000,45000,45000,45000,45000,45000,45000,45000,45000,45000,40000,40000,40000,0,0,
Pasar Kosambi,Daging Ayam Ras,35000,35000,35000,35000,35000,35000,35000,35000,37000,37000,37000,37000,37000,35000,35000,37000,33000,33000,33000,0,0,
Pasar Kosambi,Telur Ayam Ras,22000,22000,22000,22000,22000,22000,22000,22000,21000,21000,21000,21000,21000,21000,21000,21000,20000,0,20000,0,0,
Pasar Kosambi,Daging Sapi,120000,130000,120000,120000,120000,120000,120000,120000,120000,120000,120000,120000,120000,120000,120000,120000,120000,120000,120000,0,0,
Pasar Kosambi,Minyak Goreng,14000,14000,14000,14000,14000,14000,14000,14000,14000,14000,14000,14000,14000,14000,14000,14000,14000,14000,14000,0,0,
Pasar Kosambi,Gula Pasir,17000,17000,17000,17000,17000,17000,17000,17000,15000,15000,15000,15000,15000,15000,15000,15000,15000,15000,15000,0,0,
Pasar Kosambi,Kentang,20000,20000,0,20000,20000,20000,20000,20000,20000,20000,20000,20000,20000,20000,20000,20000,20000,20000,20000,0,0,
Pasar Kosambi,Kedelai,11000,11000,11000,11000,11000,11000,11000,11000,11000,11000,11000,11000,11000,11000,11000,11000,11000,11000,11000,0,0,
Pasar Kosambi,Tepung Terigu,7500,7500,7500,7500,7500,7500,7500,7500,7500,7500,7500,7500,75000,7500,7500,7500,7500,7500,7500,0,0,
Pasar Kosambi,Bawang Putih,35000,35000,35000,35000,35000,35000,35000,35000,35000,35000,35000,35000,35000,35000,35000,35000,35000,35000,35000,0,0,
Pasar Kosambi,Cabe Keriting,40000,40000,4000,40000,35000,35000,35000,35000,35000,35000,35000,35000,35000,35000,35000,35000,30000,30000,30000,0,0,
Pasar Kosambi,Cabe Rawit,60000,60000,60000,60000,60000,60000,60000,0,60000,60000,60000,60000,60000,60000,60000,60000,0,50000,50000,0,0,
Pasar Kosambi,Kacang Tanah,30000,30000,30000,30000,30000,30000,30000,30000,30000,30000,30000,30000,30000,30000,30000,30000,30000,30000,30000,0,0,
Pasar Kosambi,Ubi Kayu,4000,4000,4000,4000,4000,4000,4000,4000,0,4000,4000,4000,4000,4000,4000,4000,4000,4000,0,0,0,
Pasar Kosambi,Ubi Jalar,0,0,0,0,0,0,0,0,0,0,0,0,0,0,0,0,0,0,0,0,0,
Pasar Kosambi,Jagung,10000,10000,10000,10000,10000,10000,10000,10000,10000,10000,10000,10000,10000,10000,10000,10000,10000,10000,10000,0,0,
Pasar Kosambi,Ikan Olahan,70000,70000,70000,0,70000,70000,70000,70000,70000,70000,0,70000,70000,70000,70000,70000,70000,70000,70000,0,0,
Pasar Kosambi,Beras Premium,0,0,0,0,0,0,0,0,0,0,0,0,0,0,0,0,0,0,0,0,0,
Pasar Kosambi,Minyak Goreng Curah,12000,12000,12000,12000,12000,12000,12000,12000,12000,12000,12000,12000,12000,12000,12000,0,12000,12000,12000,0,0,
Pasar Kosambi,Daging Ayam Kampung,75000,75000,75000,75000,0,75000,75000,75000,75000,75000,75000,75000,75000,75000,75000,75000,75000,75000,75000,0,0,
Pasar Kosambi,Telur Ayam Kampung,40000,40000,40000,40000,40000,40000,0,40000,40000,40000,40000,40000,40000,40000,40000,40000,40000,40000,40000,0,0,
Pasar Kosambi,Susu Kental Manis Merk Bendera,10000,10000,10000,10000,10000,10000,10000,10000,10000,10000,10000,10000,10000,10000,10000,10000,10000,10000,10000,0,0,
Pasar Kosambi,Susu Kental Manis Merk Indomilk,9500,9500,8500,9500,9500,9500,9500,9500,9500,9500,9500,9500,9500,9500,9500,9500,9500,9500,9500,0,0,
Pasar Kosambi,Garam Beryodium Bata,1500,1500,1500,1500,1500,1500,1500,1500,1500,1500,1500,1500,1500,1500,1500,1500,1500,1500,1500,0,0,
Pasar Kosambi,Garam Beryodium Halus,6000,6000,6000,6000,6000,6000,6000,6000,6000,6000,6000,6000,6000,6000,6000,6000,6000,6000,6000,0,0,
Pasar Kosambi,Tepung Terigu Cakra Kembar,7500,7500,7500,7500,7500,7500,7500,7500,7500,7500,7500,7500,7500,7500,7500,7500,7500,7500,7500,0,0,
Pasar Kosambi,Tepung Terigu Kunci,7000,7000,7000,7000,7000,7000,7000,7000,7000,0,7000,7000,7000,7000,7000,7000,7000,7000,7000,0,0,
Pasar Kosambi,Mie Instan,2100,2100,2100,2100,2100,2100,2100,2100,2100,2100,2100,2100,2100,2100,2100,2100,2100,2100,2100,0,0,
Pasar Kosambi,Cabe Rawit Hijau,0,40000,40000,40000,50000,50000,50000,50000,50000,50000,50000,50000,50000,50000,50000,50000,40000,40000,40000,0,0,
Pasar Kosambi,Kacang Hijau,22000,22000,22000,22000,22000,22000,22000,22000,22000,22000,22000,0,22000,22000,22000,22000,22000,22000,22000,0,0,
Pasar Kosambi,Susu Bubuk Dancow,34500,34500,34500,34500,34500,0,34500,34500,34500,34500,34500,34500,34500,34500,34500,34500,34500,34500,34500,0,0,
Pasar Kosambi,Susu Bubuk Indomilk,30000,30000,30000,30000,30000,30000,30000,30000,30000,30000,30000,30000,30000,30000,30000,30000,30000,30000,30000,0,0,
Pasar Kosambi,Ikan Kembung,35000,35000,35000,35000,35000,35000,35000,35000,35000,35000,35000,35000,0,35000,35000,35000,35000,35000,35000,0,0,
