nama_kecamatan,jumlah_pengguna_IUD,persentase_pengguna_IUD,jumlah_pengguna_MOW,persentase_pengguna_MOW,jumlah_pengguna_MOP,persentase_pengguna_MOP,jumlah_pengguna_kondom,persentase_pengguna_kondom,jumlah_pengguna_implan,persentase_pengguna_implan,jumlah_pengguna_suntikan,persentase_pengguna_suntikan,jumlah_pengguna_pil,persentase_pengguna_pil,jumlah_peserta_kb_aktif
Sukasari ,1862,29.69,211,3.36,18,0.29,125,1.99,126,2.01,2851,45.46,1078,17.19,6271
Coblong ,2626,27.91,442,4.7,23,0.24,657,6.98,208,2.21,3891,41.36,1561,16.59,9408
Babakan Ciparay ,3334,18.44,244,1.35,26,0.14,102,0.56,228,1.26,11030,61.02,3112,17.22,18076
Bojongloa Kaler ,5476,39.67,446,3.23,56,0.41,220,1.59,178,1.29,4578,33.17,2849,20.64,13803
Andir ,2385,21.95,713,6.56,19,0.17,170,1.56,280,2.58,4566,42.02,2734,25.16,10867
Cicendo ,2535,30.8,326,3.96,22,0.27,178,2.16,103,1.25,3745,45.5,1322,16.06,8231
Sukajadi ,3056,27.56,1972,17.78,37,0.33,499,4.5,116,1.05,3442,31.04,1966,17.73,11088
Cidadap ,1242,20.6,220,3.65,7,0.12,42,0.7,494,8.2,3070,50.93,953,15.81,6028
Bandung Wetan ,1993,51.41,443,11.43,27,0.7,101,2.61,106,2.73,742,19.14,465,11.99,3877
Astana Anyar ,1837,29.31,173,2.76,16,0.26,82,1.31,149,2.38,3304,52.72,706,11.27,6267
Regol ,4487,40.98,378,3.45,279,2.55,22,0.2,122,1.11,4214,38.48,1448,13.22,10950
Batununggal ,3267,29.42,269,2.42,18,0.16,204,1.84,76,0.68,5342,48.1,1930,17.38,11106
Lengkong ,4082,38.92,292,2.78,20,0.19,400,3.81,172,1.64,4274,40.75,1249,11.91,10489
Cibeunying Kidul ,5093,34.95,1125,7.72,53,0.36,48,0.33,68,0.47,6260,42.96,1924,13.2,14571
Bandung Kulon ,8041,54.02,280,1.88,10,0.07,120,0.81,288,1.93,3383,22.73,2763,18.56,14885
Kiaracondong ,3028,28.19,215,2,20,0.19,236,2.2,99,0.92,5292,49.27,1851,17.23,10741
Bojongloa Kidul ,2172,23.22,63,0.67,32,0.34,27,0.29,218,2.33,6047,64.65,795,8.5,9354
Cibeunying Kaler ,2987,42.5,225,3.2,28,0.4,98,1.39,191,2.72,2441,34.73,1059,15.07,7029
Sumur Bandung ,1354,31.67,165,3.86,2,0.05,23,0.54,16,0.37,1867,43.66,849,19.86,4276
Antapani ,2775,39.99,169,2.44,31,0.45,195,2.81,70,1.01,2783,40.11,916,13.2,6939
Bandung Kidul ,1457,23.28,120,1.92,4,0.06,142,2.27,60,0.96,3267,52.2,1209,19.32,6259
Buahbatu ,2561,30.8,124,1.49,26,0.31,150,1.8,90,1.08,4113,49.46,1251,15.05,8315
Rancasari ,2642,36.82,166,2.31,25,0.35,232,3.23,32,0.45,3118,43.46,960,13.38,7175
Arcamanik ,2208,32.88,236,3.51,24,0.36,111,1.65,359,5.35,2978,44.35,799,11.9,6715
Cibiru ,1151,18.35,127,2.02,31,0.49,130,2.07,189,3.01,3415,54.44,1230,19.61,6273
Ujung Berung ,8154,69.83,126,1.08,58,0.5,244,2.09,311,2.66,1146,9.81,1638,14.03,11677
Gedebage ,1999,33.57,811,13.62,124,2.08,204,3.43,126,2.12,2047,34.38,643,10.8,5954
Panyileukan ,1467,37.42,104,2.65,16,0.41,176,4.49,79,2.02,1451,37.02,627,15.99,3920
Cinambo ,810,26.59,66,2.17,9,0.3,58,1.9,29,0.95,1529,50.2,545,17.89,3046
Mandalajati ,1761,23.51,246,3.28,21,0.28,152,2.03,142,1.9,3890,51.93,1279,17.07,7491
