No,Tgl,Waktu,Simpang,Tidak Menggunakan Helm,Berhenti di Zebra Cross,Berhenti di RHK,Berhenti Melebihi Stopline,Merokok,Kelebihan Muatan,Lainnya,Total Pelanggaran,Roda 2,Roda 4/Lebih,Lainnya,Total Kendaraan
1,01/01/2018,Pagi,Gede Bage,1,1,0,2,0,0,0,4,4,0,0,4
2,01/01/2018,Pagi,Aceh,1,6,0,3,0,0,0,10,5,4,0,9
3,01/01/2018,Pagi,Tamansari,0,6,0,7,0,0,0,13,11,2,0,13
4,01/01/2018,Sore,Cibaduyut,2,5,8,15,0,0,0,30,15,14,0,29
5,01/01/2018,Sore,Supratman,0,0,1,0,0,0,0,1,0,1,0,1
6,01/01/2018,Sore,Lima,1,2,3,4,0,0,0,10,7,3,0,10
7,01/02/2018,Pagi,Banda,0,2,0,2,0,0,0,4,4,0,0,4
8,01/02/2018,Pagi,Cipaganti 2,0,0,5,5,0,0,0,10,5,5,0,10
9,01/02/2018,Pagi,Telkom,0,2,2,0,0,0,0,4,4,0,0,4
10,01/02/2018,Sore,Kopo,1,26,28,40,0,0,4,99,63,36,0,99
11,01/02/2018,Sore,Gardujati,0,11,8,7,0,0,16,42,31,11,0,42
12,01/02/2018,Sore,Cipaganti 1,0,0,0,0,0,0,0,0,0,0,0,0
13,01/03/2018,Pagi,Cimuncang,2,6,1,5,0,0,0,14,9,3,0,12
14,01/03/2018,Pagi,Moch Toha,0,3,0,64,0,0,112,179,179,0,0,179
15,01/03/2018,Pagi,Tamblong,0,0,1,1,0,0,0,2,1,1,0,2
16,01/03/2018,Sore,Tol Pasteur,0,3,0,12,0,0,0,15,14,1,0,15
17,01/03/2018,Sore,A Yani Laswi,0,15,33,1,0,0,0,49,4,45,0,49
18,01/03/2018,Sore,Trunojoyo,1,2,11,1,0,0,0,15,4,11,0,15
19,01/04/2018,Pagi,Buah Batu,0,0,0,45,0,0,4,49,48,1,0,49
20,01/04/2018,Pagi,Gudang Utara,1,5,11,1,0,0,16,34,19,16,0,35
21,01/04/2018,Pagi,Merdeka Aceh,0,1,0,0,0,0,0,1,0,1,0,1
22,01/04/2018,Sore,Caringin,0,0,0,0,0,0,0,0,0,0,0,0
23,01/04/2018,Sore,Batununggal,0,0,0,0,0,0,0,0,0,0,0,0
24,01/04/2018,Sore,Merdeka Juanda,0,0,0,0,0,0,0,0,0,0,0,0
25,01/04/2018,Sore,Cikutra,0,0,0,0,0,0,0,0,0,0,0,0
26,01/05/2018,Pagi,Pasir Koja,1,10,0,33,0,0,15,59,53,2,0,55
27,01/05/2018,Pagi,Pahlawan,0,0,0,0,0,0,0,0,0,0,0,0
28,01/05/2018,Pagi,Jamika,1,0,0,15,0,0,1,17,16,0,0,16
29,01/05/2018,Sore,Anggrek,1,17,5,17,0,0,0,40,32,6,0,38
30,01/05/2018,Sore,Cikapayang,0,4,11,4,0,0,0,19,3,14,0,17
31,01/05/2018,Sore,Otista,1,4,24,5,0,0,0,34,3,27,0,30
32,01/05/2018,Sore,Ujung Berung,3,27,0,17,1,0,0,48,41,4,0,45
33,01/06/2018,Pagi,Cibeureum,0,0,11,0,0,0,10,21,10,11,0,21
34,01/06/2018,Pagi,Lombok,0,6,0,2,0,0,1,9,8,1,0,9
35,01/06/2018,Pagi,Paskal Baru,0,0,4,0,0,0,0,4,0,4,0,4
36,01/06/2018,Sore,Sulanjana,0,2,0,46,0,0,0,48,46,2,0,48
37,01/06/2018,Sore,Paskal IP Cam,0,0,5,4,0,0,0,9,4,5,0,9
38,01/06/2018,Sore,Cihapit,2,7,0,16,0,0,3,28,25,1,0,26
39,01/07/2018,Pagi,Samsat,0,1,0,1,0,0,0,2,2,0,0,2
40,01/07/2018,Pagi,Cihampelas PTZ,0,3,6,0,0,0,0,9,3,6,0,9
41,01/07/2018,Pagi,Padasuka,16,59,0,5,0,0,0,80,72,2,0,74
42,01/07/2018,Pagi,Cicaheum,1,4,18,1,0,0,0,24,3,21,0,24
43,01/07/2018,Sore,BKR Sriwijaya,0,9,0,11,0,0,0,20,19,1,0,20
44,01/07/2018,Sore,BKR M Toha,5,21,1,15,0,1,0,43,35,3,0,38
45,01/07/2018,Sore,Djuanda Dipatiukur,0,16,0,17,0,0,1,34,31,3,0,34
46,01/07/2018,Sore,Cihampelas Ciumbeuluit,1,39,0,36,0,0,0,76,74,1,0,75
47,01/08/2018,Pagi,Aceh,0,1,0,3,0,0,0,4,3,1,0,4
48,01/08/2018,Pagi,Gedebage,0,5,3,4,0,0,0,12,7,3,0,10
49,01/08/2018,Pagi,Tamansari,0,1,0,7,0,0,0,8,8,0,0,8
50,01/08/2018,Sore,Cibaduyut,8,0,1,0,0,0,0,9,8,1,0,9
51,01/08/2018,Sore,Supratman,0,11,17,0,0,0,0,28,3,25,0,28
52,01/08/2018,Sore,S Lima,1,4,4,6,0,0,0,15,9,6,0,15
53,01/09/2018,Pagi,Banda,0,3,0,3,0,0,0,6,2,4,0,6
54,01/09/2018,Pagi,Cipaganti 2,0,0,2,1,0,0,0,3,1,2,0,3
55,01/09/2018,Pagi,Telkom,0,11,17,8,0,0,0,36,12,23,0,35
56,01/09/2018,Sore,Kopo,0,0,14,2,0,1,0,17,0,16,0,16
57,01/09/2018,Sore,Gardujati,1,31,18,2,0,0,13,65,47,18,0,65
58,01/09/2018,Sore,Cipaganti 1,0,0,0,2,0,0,0,2,1,1,0,2
59,01/10/2018,Pagi,Cimuncang,0,8,6,12,0,0,0,26,15,9,0,24
60,01/10/2018,Pagi,Moch Toha,0,74,0,78,0,0,0,152,83,2,0,85
61,01/10/2018,Pagi,Tamblong,0,0,3,0,0,0,0,3,0,3,0,3
62,01/10/2018,Sore,A. Yani Laswi,0,18,27,7,1,0,0,53,16,36,0,52
63,01/10/2018,Sore,Tol Pasteur,0,26,0,9,0,0,0,35,26,8,0,34
64,01/10/2018,Sore,Trunojoyo,1,0,4,1,0,0,0,6,2,4,0,6
65,01/11/2018,Pagi,Buah Batu,0,0,0,32,0,0,11,43,41,2,0,43
66,01/11/2018,Pagi,Merdeka Aceh,0,3,0,11,0,0,0,14,10,1,0,11
67,01/11/2018,Pagi,Gudang Utara,0,0,0,0,0,0,0,0,0,0,0,0
68,01/11/2018,Sore,Pasar Caringin,0,0,0,0,0,0,0,0,0,0,0,0
69,01/11/2018,Sore,Batununggal,0,7,4,20,1,0,0,32,28,4,0,32
70,01/11/2018,Sore,Cikutra,21,34,10,26,0,2,0,93,60,12,1,73
71,01/11/2018,Sore,Merdeka Juanda,0,0,0,0,0,0,0,0,0,0,0,0
72,01/12/2018,Pagi,Pasir Koja,2,29,0,54,0,0,0,85,52,4,0,56
73,01/12/2018,Pagi,Pahlawan,0,3,10,10,0,0,0,23,10,10,0,20
74,01/12/2018,Pagi,Jamika,0,2,0,22,0,0,0,24,22,0,0,22
75,01/12/2018,Sore,Ujung Berung,1,16,0,3,0,0,0,20,18,1,0,19
76,01/12/2018,Sore,Anggrek,0,6,5,5,0,0,0,16,10,6,0,16
77,01/12/2018,Sore,Otista,1,14,25,4,0,0,0,44,7,36,0,43
78,01/12/2018,Sore,Cikapayang,0,3,1,1,0,0,0,5,1,4,0,5
79,01/13/2018,Pagi,Cibeureum,0,0,14,0,0,0,18,32,17,15,0,32
80,01/13/2018,Pagi,Lombok,0,1,0,7,0,0,1,9,7,2,0,9
81,01/13/2018,Pagi,Paskal Baru,1,1,6,1,0,0,0,9,2,7,0,9
82,01/13/2018,Sore,Sulanjana,0,0,0,0,0,0,0,0,0,0,0,0
83,01/13/2018,Sore,Paskal IP CAM,1,3,2,1,0,0,0,7,4,3,0,7
84,01/13/2018,Sore,Cihapit,1,14,0,2,0,0,0,17,16,0,0,16
85,01/14/2018,Pagi,Samsat,0,1,0,0,0,0,0,1,1,0,0,1
86,01/14/2018,Pagi,Cihampelas,0,0,3,0,0,0,0,3,0,3,0,3
87,01/14/2018,Pagi,Padasuka,9,51,0,6,0,0,0,66,60,0,0,60
88,01/14/2018,Pagi,Cicaheum,0,2,19,3,0,0,0,24,3,21,0,24
89,01/14/2018,Sore,BKR-Sriwijaya,0,0,0,0,0,0,0,0,0,0,0,0
90,01/14/2018,Sore,BKR-Moch. Toha,0,0,0,0,0,0,0,0,0,0,0,0
91,01/14/2018,Sore,Djuanda-Dipatiukur,0,0,0,0,0,0,0,0,0,0,0,0
92,01/14/2018,Sore,Cihampelas-Ciumbuleuit,0,0,0,0,0,0,0,0,0,0,0,0
93,01/15/2018,Pagi,Aceh,0,1,0,1,0,0,0,2,1,0,0,1
94,01/15/2018,Pagi,Gedebage,0,2,4,2,0,0,4,12,6,4,0,10
95,01/15/2018,Pagi,Tamansari,0,2,0,7,0,0,0,9,3,4,0,7
96,01/15/2018,Sore,Cibaduyut,2,1,8,7,0,0,0,18,9,9,0,18
97,01/15/2018,Sore,Supratman,0,17,10,7,0,0,0,34,11,23,0,34
98,01/15/2018,Sore,S Lima,0,1,0,4,0,0,0,5,5,0,0,5
99,01/16/2018,Sore,Banda,0,7,0,10,0,0,0,17,7,3,0,10
100,01/16/2018,Sore,Cipaganti 2,0,1,5,5,0,0,0,11,5,5,0,10
101,01/16/2018,Sore,Telkom,0,2,13,2,0,0,0,17,1,13,0,14
102,01/16/2018,Pagi,Kopo,0,23,26,128,1,0,10,188,144,39,4,187
103,01/16/2018,Pagi,Gardujati,0,14,2,20,0,0,0,36,31,3,2,36
104,01/16/2018,Pagi,Cipaganti 1,0,0,0,0,0,0,0,0,0,0,0,0
105,01/17/2018,Pagi,M Toha,0,0,0,40,0,0,146,186,186,0,0,186
106,01/17/2018,Pagi,Tamblong,0,4,4,0,0,0,0,8,4,4,0,8
107,01/17/2018,Pagi,Cimuncang,0,5,5,7,0,0,0,17,11,6,0,17
108,01/17/2018,Sore,A. Yani Laswi,0,4,9,2,0,0,0,15,4,11,0,15
109,01/17/2018,Sore,Tol Pasteur,1,15,0,17,0,1,0,34,26,5,0,31
110,01/17/2018,Sore,Trunojoyo,1,9,4,1,0,0,0,15,9,6,0,15
111,01/18/2018,Pagi,Buahbatu,0,0,2,2,0,0,0,4,2,2,0,4
112,01/18/2018,Pagi,Gudang Utara,0,0,0,0,0,0,0,0,0,0,0,0
113,01/18/2018,Pagi,Merdeka Aceh,0,0,0,17,0,0,0,17,15,2,0,17
114,01/18/2018,Sore,Caringin,0,0,0,0,0,0,0,0,0,0,0,0
115,01/18/2018,Sore,Batununggal,3,4,10,29,0,0,1,47,35,13,0,48
116,01/18/2018,Sore,Merdeka Juanda,0,0,0,0,0,0,0,0,0,0,0,0
117,01/18/2018,Sore,Cikutra,18,46,7,5,0,0,2,78,64,10,0,74
118,01/19/2018,Pagi,Pasir Koja,1,13,0,54,0,0,11,79,64,3,0,67
119,01/19/2018,Pagi,Pahlawan,0,3,5,7,0,0,0,15,7,5,0,12
120,01/19/2018,Pagi,Jamika,0,4,1,18,0,0,0,23,16,3,0,19
121,01/19/2018,Sore,Ujung Berung,1,19,0,0,0,0,0,20,18,1,0,19
122,01/19/2018,Sore,Anggrek,0,29,5,2,0,0,0,36,26,10,0,36
123,01/19/2018,Sore,Otista,0,2,24,0,0,0,0,26,1,25,0,26
124,01/19/2018,Sore,Cikapayang,1,0,3,3,0,0,0,7,3,3,0,6
125,01/20/2018,Pagi,Cibeureum,3,0,11,22,0,0,0,36,24,11,0,35
126,01/20/2018,Pagi,Lombok,1,15,0,16,0,0,0,32,29,2,0,31
127,01/20/2018,Pagi,Paskal Baru,1,0,3,2,0,0,0,6,3,4,0,7
128,01/20/2018,Sore,Sulanjana,0,0,0,0,0,0,0,0,0,0,0,0
129,01/20/2018,Sore,Paskal IP Cam,1,0,2,0,0,0,0,3,1,2,0,3
130,01/20/2018,Sore,Cihapit,2,14,0,21,1,0,1,39,29,6,1,36
131,01/21/2018,Pagi,Samsat,0,0,0,0,0,0,0,0,0,0,0,0
132,01/21/2018,Pagi,Cihampelas,0,0,1,3,0,0,0,4,1,3,0,4
133,01/21/2018,Pagi,Padasuka,8,29,0,13,0,5,3,58,41,5,0,46
134,01/21/2018,Pagi,Cicaheum,1,5,9,1,0,0,6,22,3,17,0,20
135,01/21/2018,Sore,BKR Sriwijaya,0,0,0,0,0,0,0,0,0,0,0,0
136,01/21/2018,Sore,BKR Moh Toha,0,0,0,0,0,0,0,0,0,0,0,0
137,01/21/2018,Sore,Djuanda Dipatikukur,0,0,0,0,0,0,0,0,0,0,0,0
138,01/21/2018,Sore,Cihampelas Ciumbeuluit,0,0,0,0,0,0,0,0,0,0,0,0
139,01/22/2018,Pagi,Gedebage,0,4,2,1,0,0,0,7,5,2,0,7
140,01/22/2018,Pagi,Aceh,0,1,0,7,0,0,0,8,5,3,0,8
141,01/22/2018,Pagi,Tamansari,0,1,0,6,0,0,0,7,7,0,0,7
142,01/22/2018,Sore,Cibaduyut,1,1,8,7,0,0,7,24,16,8,0,24
143,01/22/2018,Sore,Simpang Lima,1,1,1,1,0,0,0,4,3,1,0,4
144,01/22/2018,Sore,A. Yani - Supratman,0,4,31,15,0,0,0,50,13,35,0,48
145,01/23/2018,Pagi,Cipaganti 2,0,0,6,1,0,0,0,7,2,5,0,7
146,01/23/2018,Pagi,Telkom,0,12,25,0,0,0,0,37,11,26,0,37
147,01/23/2018,Pagi,Banda,0,7,0,5,0,0,0,12,6,6,0,12
148,01/23/2018,Sore,Cipaganti,0,0,0,2,0,0,0,2,0,2,0,2
149,01/23/2018,Sore,Gardujati,0,22,8,47,0,0,0,77,67,9,1,77
150,01/23/2018,Sore,Kopo,2,22,23,153,0,0,29,229,192,33,2,227
151,01/24/2018,Pagi,Moh Toha,0,1,3,10,0,0,0,14,11,3,0,14
152,01/24/2018,Pagi,Tamblong,0,0,5,1,0,0,0,6,1,5,0,6
153,01/24/2018,Pagi,Cimuncang,5,8,0,9,0,0,4,26,24,1,0,25
154,01/24/2018,Sore,Pasteur,0,16,0,10,0,0,0,26,24,2,0,26
155,01/24/2018,Sore,A Yani Laswi,1,3,4,10,0,0,0,18,13,5,0,18
156,01/24/2018,Sore,Trunojoyo,0,1,11,1,0,0,0,13,2,11,0,13
157,01/25/2018,Pagi,Buahbatu,0,0,2,0,0,0,0,2,0,2,0,2
158,01/25/2018,Pagi,Gudang Utara,0,0,0,0,0,0,0,0,0,0,0,0
159,01/25/2018,Pagi,Merdeka Aceh,0,4,0,21,0,0,0,25,22,3,0,25
160,01/25/2018,Sore,Caringin,0,0,0,0,0,0,0,0,0,0,0,0
161,01/25/2018,Sore,Batununggal,0,0,7,37,0,0,0,44,32,12,0,44
162,01/25/2018,Sore,Merdeka Juanda,0,0,0,0,0,0,0,0,0,0,0,0
163,01/25/2018,Sore,Cikutra,24,12,13,12,0,0,16,77,60,16,0,76
164,01/26/2018,Pagi,Pasir Koja ,1,5,0,15,0,0,20,41,31,5,0,36
165,01/26/2018,Pagi,Pahlawan,1,9,4,12,0,0,0,26,20,5,0,25
166,01/26/2018,Pagi,Jamika,0,2,0,18,0,0,3,23,21,2,0,23
167,01/26/2018,Sore,Ujung Berung,16,22,0,15,1,2,0,20,48,2,0,21
168,01/26/2018,Sore,Anggrek,3,10,0,17,0,0,5,17,32,1,0,19
169,01/26/2018,Sore,Otista,0,6,21,6,0,0,0,14,8,25,0,17
170,01/26/2018,Sore,Cikapayang PTZ,0,2,4,6,0,0,0,11,6,6,0,15
171,01/27/2018,Pagi,Lombok,0,8,0,14,0,0,0,22,21,1,0,22
172,01/27/2018,Pagi,Pasir Kaliki,0,4,3,0,0,0,0,7,4,3,0,7
173,01/27/2018,Pagi,Cibeureum,0,0,0,0,0,0,0,0,0,0,0,0
174,01/27/2018,Sore,Sulanjana,0,0,0,0,0,0,0,0,0,0,0,0
175,01/27/2018,Sore,Paskal IP CAM,2,0,2,0,0,0,0,4,2,2,0,4
176,01/27/2018,Sore,Cihapit,14,15,0,15,1,1,1,47,40,3,0,43
177,01/28/2018,Pagi,Samsat,0,1,0,1,0,0,0,2,2,0,0,2
178,01/28/2018,Pagi,Cihampelas,0,1,5,0,0,0,0,6,1,5,0,6
179,01/28/2018,Pagi,Padasuka,12,42,0,2,0,0,1,57,50,2,0,52
180,01/28/2018,Sore,Cicaheum,0,2,15,2,0,0,6,25,2,23,0,25
181,01/28/2018,Sore,Cibeureum,1,0,10,12,0,1,0,24,12,10,0,22
182,01/29/2018,Pagi,Gedebage,1,0,4,3,0,0,0,8,4,4,0,8
183,01/29/2018,Pagi,Aceh,0,0,0,0,0,0,0,0,0,0,0,0
184,01/29/2018,Pagi,Tamansari,0,1,0,6,0,0,0,7,6,1,0,7
185,01/29/2018,Sore,Cibaduyut,0,0,0,0,0,0,0,0,0,0,0,0
186,01/29/2018,Sore,Supratman,0,0,0,0,0,0,0,0,0,0,0,0
187,01/29/2018,Sore,Lima,0,0,0,0,0,0,0,0,0,0,0,0
