lokasi,nama_komoditas,2015-10-01,2015-10-02,2015-10-03,2015-10-04,2015-10-05,2015-10-06,2015-10-07,2015-10-08,2015-10-09,2015-10-10,2015-10-11,2015-10-12,2015-10-13,2015-10-14,2015-10-15,2015-10-16,2015-10-17,2015-10-18,2015-10-19,2015-10-20,2015-10-21,2015-10-22,2015-10-23,2015-10-24,2015-10-25,2015-10-26,2015-10-27,2015-10-28,2015-10-29,2015-10-30,2015-10-31
"Pasar Kiaracondong","Beras Medium",10000,10000,0,0,10000,10000,10000,0,10000,0,0,10000,10000,0,10000,10000,0,0,10000,10000,10000,10000,10000,0,0,10000,10000,10,10000,10000,0
"Pasar Kiaracondong","Cabe Merah",30000,30000,0,0,25000,25000,25000,25000,25000,0,0,0,25000,0,25000,25000,0,0,0,20000,20000,0,20000,0,0,15000,15000,15,15000,14000,0
"Pasar Kiaracondong","Bawang Merah",20000,20000,0,0,20000,20000,20000,20000,20000,0,0,20000,20000,0,20000,20000,0,0,20000,20000,20000,20000,20000,0,0,20000,20000,20,20000,18000,0
"Pasar Kiaracondong","Daging Ayam Ras",31000,31000,0,0,31000,31000,31000,31000,31000,0,0,32000,32000,0,32000,32000,0,0,32000,32000,32000,32000,33000,0,0,33000,33000,33,33000,33000,0
"Pasar Kiaracondong","Telur Ayam Ras",20000,20000,0,0,19000,19000,19000,19000,19000,0,0,18000,18000,0,18000,18000,0,0,18000,18000,18000,18000,19000,0,0,19000,19000,19,19000,18500,0
"Pasar Kiaracondong","Daging Sapi",111000,111000,0,0,111000,111000,111000,111000,111000,0,0,111000,111000,0,111000,111000,0,0,110000,110000,110000,110000,110000,0,0,110000,110000,110,110000,110000,0
"Pasar Kiaracondong","Minyak Goreng",15000,15000,0,0,14000,14000,14000,14000,14000,0,0,14000,14000,0,14000,14000,0,0,14000,14000,14000,14000,14000,0,0,14000,14000,14,14000,14000,0
"Pasar Kiaracondong","Gula Pasir",12000,12000,0,0,12000,12000,12000,12000,12000,0,0,12000,12000,0,12000,12000,0,0,12000,12000,12000,12000,12000,0,0,12000,12000,12,12000,12500,0
"Pasar Kiaracondong",Kentang,10000,10000,0,0,10000,10000,10000,10000,10000,0,0,10000,10000,0,10000,10000,0,0,10000,10000,10000,10000,10000,0,0,10000,10000,10,10000,10000,0
"Pasar Kiaracondong",Kedelai,11000,11000,0,0,11000,11000,11000,11000,11000,0,0,11000,11000,0,11000,11000,0,0,11000,11000,11000,11000,11000,0,0,0,0,11,11000,0,0
"Pasar Kiaracondong","Tepung Terigu",7000,7000,0,0,7000,7000,0,0,7000,0,0,7000,7000,0,7000,7000,0,0,7000,7000,7000,7000,7000,0,0,7000,7000,7,7000,7000,0
"Pasar Kiaracondong","Bawang Putih",24000,24000,0,0,24000,24000,24000,24000,24000,0,0,24000,24000,0,24000,24000,0,0,24000,24000,24000,24000,24000,0,0,23000,23000,23,23000,22000,0
"Pasar Kiaracondong","Cabe Keriting",30000,30000,0,0,30000,30000,30000,30000,30000,0,0,20000,20000,0,20000,20000,0,0,20000,20000,20000,20000,20000,0,0,18000,18000,18,18000,15000,0
"Pasar Kiaracondong","Cabe Rawit",50000,50000,0,0,30000,30000,30000,30000,30000,0,0,25000,25000,0,25000,25000,0,0,25000,25000,25000,25000,25000,0,0,20000,20000,20,20000,20000,0
"Pasar Kiaracondong","Kacang Tanah",28000,28000,0,0,28000,28000,28000,28000,28000,0,0,28000,28000,0,28000,28000,0,0,28000,28000,28000,28000,28000,0,0,28000,28000,28,28000,28000,0
"Pasar Kiaracondong","Ubi Kayu",5000,5000,0,0,5000,5000,5000,5000,5000,0,0,5000,5000,0,5000,5000,0,0,5000,5000,5000,5000,5000,0,0,5000,5000,5,5000,5000,0
"Pasar Kiaracondong","Ubi Jalar",0,0,0,0,0,0,0,0,0,0,0,0,0,0,0,0,0,0,0,0,0,0,0,0,0,0,0,0,0,0,0
"Pasar Kiaracondong",Jagung,10000,10000,0,0,10000,10000,10000,10000,10000,0,0,9000,9000,0,9000,9000,0,0,9000,9000,9000,9000,9000,0,0,10000,10000,10,10000,8000,0
"Pasar Kiaracondong","Ikan Olahan",50000,50000,0,0,50000,50000,50000,50000,50000,0,0,50000,50000,0,50000,50000,0,0,50000,0,50000,50000,50000,0,0,50000,50000,50,50000,50000,0
"Pasar Kiaracondong","Beras Premium",0,0,0,0,0,0,0,0,0,0,0,0,0,0,0,0,0,0,0,0,0,0,0,0,0,0,0,0,0,0,0
"Pasar Kiaracondong","Minyak Goreng Curah",10500,10500,0,0,10500,10500,10500,10500,10500,0,0,10500,10500,0,10500,10500,0,0,10500,10500,10500,10500,10500,0,0,10500,10500,11,10500,10000,0
"Pasar Kiaracondong","Daging Ayam Kampung",65000,65000,0,0,65000,65000,65000,65000,65000,0,0,65000,65000,0,65000,65000,0,0,65000,65000,65000,65000,65000,0,0,65000,65000,65,65000,65000,0
"Pasar Kiaracondong","Telur Ayam Kampung",45000,45000,0,0,45000,0,45000,45000,45000,0,0,45000,45000,0,45000,45000,0,0,45000,45000,45000,45000,45000,0,0,45000,45000,45,45000,45000,0
"Pasar Kiaracondong","Susu Kental Manis Merk Bendera",10000,10000,0,0,10000,10000,10000,10000,10000,0,0,10000,10000,0,10000,10000,0,0,10000,10000,10000,10000,10000,0,0,10000,10000,10,10000,10000,0
"Pasar Kiaracondong","Susu Kental Manis Merk Indomilk",9000,9000,0,0,9000,9000,9000,9000,9000,0,0,9000,9000,0,9000,9000,0,0,9000,9000,9000,9000,9000,0,0,9000,9000,9,9000,9000,0
"Pasar Kiaracondong","Garam Beryodium Bata",1000,1000,0,0,1000,1000,1000,1000,0,0,0,1000,1000,0,1000,1000,0,0,1000,1000,1000,1000,1000,0,0,1000,1000,1,1000,1000,0
"Pasar Kiaracondong","Garam Beryodium Halus",3300,3300,0,0,3300,3300,3300,3300,3300,0,0,3300,3300,0,3300,3300,0,0,3300,3300,3300,3300,0,0,0,3300,3300,3300,3300,3300,0
"Pasar Kiaracondong","Tepung Terigu Cakra Kembar",8000,8000,0,0,8000,8000,8000,8000,8000,0,0,8000,8000,0,8000,8000,0,0,8000,8000,8000,8000,8000,0,0,8000,8000,8,8000,8000,0
"Pasar Kiaracondong","Tepung Terigu Kunci",7500,7500,0,0,7500,7500,7500,7500,7500,0,0,7500,7500,0,7500,7500,0,0,7500,7500,7500,7500,7500,0,0,7500,7500,8,7500,7500,0
"Pasar Kiaracondong","Mie Instan",2500,2500,0,0,2500,2500,2500,0,2500,0,0,2500,2500,0,2500,2500,0,0,2500,2500,2500,2500,2500,0,0,2500,2500,2500,2500,2500,0
"Pasar Kiaracondong","Cabe Rawit Hijau",0,25000,0,0,25000,25000,25000,25000,25000,0,0,20000,20000,0,20000,20000,0,0,20000,20000,20000,20000,20000,0,0,20000,20000,20,20000,20000,0
"Pasar Kiaracondong","Kacang Hijau",24000,24000,0,0,24000,24000,24000,24000,24000,0,0,24000,24000,0,24000,24000,0,0,24000,24000,24000,24000,24000,0,0,24000,24000,24,24000,24000,0
"Pasar Kiaracondong","Susu Bubuk Dancow",38300,38300,0,0,38300,38300,38300,38300,38300,0,0,38300,38300,0,38300,38300,0,0,38300,38300,38300,38300,38300,0,0,38300,38300,38,38300,38300,0
"Pasar Kiaracondong","Susu Bubuk Indomilk",32450,32450,0,0,32950,34950,34950,34950,34950,0,0,34950,34950,0,34950,34950,0,0,34950,34950,34950,34950,34950,0,0,34950,34950,35,34950,34950,0
"Pasar Kiaracondong","Ikan Kembung",35000,35000,0,0,35000,35000,35000,35000,35000,0,0,35000,35000,0,35000,35000,0,0,34000,34000,0,34000,34000,0,0,35000,35000,35,35000,35000,0
