NAMA_KEC,DESA_KEL,BLM_SKLH,TDK_TM_SD,TM_SD,SLTP,SLTA,DIP_II,DIP_III,STR_I,STR_II,STR_III,JML_DUK
SUKASARI,SUKARASA,1900,1091,2158,1520,3304,104,416,1477,245,41,12256
SUKASARI,GEGERKALONG,3079,1893,2416,2393,6293,332,1290,3384,551,117,21748
SUKASARI,ISOLA,1972,1265,1934,1522,3738,107,492,1400,176,48,12654
SUKASARI,SARIJADI,3777,2162,2430,2411,8178,352,1753,4102,571,64,25800
COBLONG,CIPAGANTI,1619,1238,1325,1500,4353,56,386,1166,89,17,11749
COBLONG,LEBAKGEDE,1420,1024,1077,1230,3757,55,451,1262,153,20,10449
COBLONG,SADANGSERANG,3930,2792,2562,3317,9935,179,1025,2512,168,22,26442
COBLONG,DAGO,4872,3411,4025,3821,10720,171,998,3268,461,159,31906
COBLONG,SEKELOA,4043,2672,2750,3235,9526,178,925,2676,261,45,26311
COBLONG,LEBAK SILIWANGI,533,429,517,537,1417,32,136,321,21,6,3949
BABAKAN CIPARAY,BABAKAN CIPARAY,4664,3379,6761,5190,8281,163,510,1326,70,7,30351
BABAKAN CIPARAY,BABAKAN,4708,3016,7053,4831,6700,208,859,1183,63,10,28631
BABAKAN CIPARAY,SUKAHAJI,4500,3328,6753,5135,7437,118,405,1103,59,8,28846
BABAKAN CIPARAY,MARGAHAYU UTARA,3271,2298,3959,3189,5108,174,608,1998,148,17,20770
BABAKAN CIPARAY,MARGASUKA,1710,1276,2542,2074,2905,62,171,486,35,4,11265
BABAKAN CIPARAY,CIRANGRANG,1634,1109,2830,1686,2435,56,197,590,66,7,10610
BOJONGLOA KALER,KOPO,5055,3239,5087,4777,8703,246,719,1651,125,14,29616
BOJONGLOA KALER,BABAKAN TAROGONG,4692,3025,5482,5026,8645,190,499,906,41,3,28509
BOJONGLOA KALER,JAMIKA,4385,2772,4867,4878,8698,244,563,1167,58,7,27639
BOJONGLOA KALER,BABAKAN ASIH,2617,1766,2649,2850,5228,149,404,820,37,0,16520
BOJONGLOA KALER,SUKAASIH,3071,1967,3106,3147,5711,190,470,1055,98,11,18826
ANDIR,MALEBER,3042,2027,2384,3180,7332,92,530,1481,71,5,20144
ANDIR,DUNGUS CARIANG,2905,2034,2568,3001,6953,109,455,1257,73,6,19361
ANDIR,CIROYOM,3194,2120,2868,3367,6669,62,307,917,39,4,19547
ANDIR,KEBON JERUK,1839,1483,1735,2681,5060,63,310,1579,70,6,14826
ANDIR,GARUDA,1531,1067,1026,1532,3954,52,382,992,62,3,10601
ANDIR,CAMPAKA,2708,1953,2251,2866,5980,83,451,1099,97,9,17497
CICENDO,HUSEN SASTRANEGARA,2332,1674,2144,2484,5380,152,607,920,91,13,15797
CICENDO,ARJUNA,1640,1155,1418,1967,5216,276,629,1504,153,15,13973
CICENDO,PAJAJARAN,3793,2734,3904,3747,8031,254,731,1398,124,17,24733
CICENDO,PASIR KALIKI,1045,774,856,1214,3224,146,452,1087,131,16,8945
CICENDO,PAMOYANAN,909,675,697,988,2874,168,410,1154,121,12,8008
CICENDO,SUKARAJA,3238,2446,2554,3336,7255,287,881,1982,273,38,22290
SUKAJADI,PASTEUR,2353,1735,1881,2278,6304,192,815,1983,216,31,17788
SUKAJADI,CIPEDES,4347,3158,4338,4296,9608,254,1049,1500,111,18,28679
SUKAJADI,SUKAWARNA,1954,1421,2161,1839,4026,146,538,1424,173,32,13714
SUKAJADI,SUKAGALIH,2560,1769,3111,2201,4816,144,535,2039,279,49,17503
SUKAJADI,SUKABUNGAH,3020,2410,3162,3140,7139,179,768,1383,100,14,21315
CIDADAP,HEGARMANAH,2861,1984,2653,2433,7260,253,725,1841,170,30,20210
CIDADAP,CIUMBULEUIT,3389,2287,4463,2774,6514,149,541,1252,140,37,21546
CIDADAP,LEDENG,1503,1068,1442,1181,3503,87,259,1149,121,23,10336
BANDUNG WETAN,CIHAPIT,454,294,124,253,1105,87,478,1441,308,43,4587
BANDUNG WETAN,TAMANSARI,3160,2308,2446,3036,8437,313,921,2075,261,39,22996
BANDUNG WETAN,CITARUM,288,215,161,426,740,36,146,1072,246,45,3375
ASTANA ANYAR,KARASAK,1885,1385,1313,1939,4858,95,524,1398,75,7,13479
ASTANA ANYAR,NYENGSERET,1750,1252,1681,2017,4176,103,328,789,40,6,12142
ASTANA ANYAR,KARANGANYAR,764,504,528,985,2645,34,192,1082,28,1,6763
ASTANA ANYAR,PANJUNAN,1157,758,1261,1343,2513,42,180,438,28,2,7722
ASTANA ANYAR,CIBADAK,1730,1268,1679,2055,4930,88,485,1118,49,9,13411
ASTANA ANYAR,PELINDUNG HEWAN,3130,2117,2405,3105,7129,153,517,1463,101,7,20127
REGOL,CIGERELENG,1409,1040,791,1188,4248,193,740,1997,155,28,11789
REGOL,ANCOL,1398,1033,880,1141,3797,92,802,2250,214,24,11631
REGOL,PUNGKUR,989,855,718,1275,3419,113,423,1070,85,9,8956
REGOL,BALONGGEDE,1054,736,628,1093,3531,51,319,1105,66,8,8591
REGOL,CISEUREUH,2301,1862,2168,2317,6005,124,531,1201,67,8,16584
REGOL,CIATEUL,884,745,482,830,3283,90,434,1153,75,7,7983
REGOL,PASIRLUYU,2368,1806,2683,2287,5220,59,467,1228,93,11,16222
BATUNUNGGAL,GUMURUH,2684,1886,2214,2623,5705,86,805,2273,261,40,18577
BATUNUNGGAL,MALEER,2438,1750,2002,2761,5912,60,443,1022,52,5,16445
BATUNUNGGAL,CIBANGKONG,2674,2022,2207,2922,6629,69,462,1076,57,6,18124
BATUNUNGGAL,KACAPIRING,1205,925,728,1183,3386,35,419,1070,99,11,9061
BATUNUNGGAL,KEBONWARU,2042,1553,1668,2443,5299,57,384,952,57,6,14461
BATUNUNGGAL,KEBONGEDANG,1429,994,1037,1592,3619,44,266,580,22,3,9586
BATUNUNGGAL,SAMOJA,1977,1466,1499,2019,4880,61,299,637,22,6,12866
BATUNUNGGAL,BINONG,2767,1940,2412,2957,5974,64,396,1029,45,5,17589
LENGKONG,CIJAGRA,1559,1211,767,1117,3426,114,685,2891,430,50,12250
LENGKONG,LINGKAR SELATAN,1350,1081,467,1121,4532,185,618,1472,164,24,11014
LENGKONG,BURANGRANG,1362,990,922,1254,3488,150,766,1028,128,15,10103
LENGKONG,PALEDANG,753,598,529,892,2397,113,315,741,59,8,6405
LENGKONG,TURANGGA,1692,1409,525,1250,3797,232,1007,3826,734,106,14578
LENGKONG,MALABAR,1117,866,800,1117,2917,115,363,1072,145,21,8533
LENGKONG,CIKAWAO,1177,946,833,1260,3225,140,363,683,57,10,8694
CIBEUNYING KIDUL,PADASUKA,2529,1738,1776,2626,6008,217,547,1229,84,7,16761
CIBEUNYING KIDUL,CIKUTRA,3499,2266,2642,3147,7607,242,872,1932,162,23,22392
CIBEUNYING KIDUL,CICADAS,2539,1699,1537,2221,6015,141,552,1222,59,6,15991
CIBEUNYING KIDUL,SUKAMAJU,1514,1007,881,1325,4139,91,572,1415,83,18,11045
CIBEUNYING KIDUL,SUKAPADA,3330,2207,2847,3178,7335,182,656,1557,168,25,21485
CIBEUNYING KIDUL,PASIRLAYUNG,3435,2154,2351,2954,6904,240,912,2163,229,32,21374
BANDUNG KULON,CIJERAH,3608,2651,3494,4451,7031,232,642,1473,157,20,23759
BANDUNG KULON,CIBUNTU,2874,2052,2709,3363,5661,155,433,918,42,4,18211
BANDUNG KULON,WARUNG MUNCANG,3370,2362,4567,3929,5417,136,329,755,45,13,20923
BANDUNG KULON,CARINGIN,1456,1018,1286,1687,2482,87,306,917,99,19,9357
BANDUNG KULON,CIGONDEWAH KALER,3249,2426,5788,3615,3119,60,152,471,27,2,18909
BANDUNG KULON,GEMPOLSARI,2949,2200,2209,2943,6535,306,991,2247,189,28,20597
BANDUNG KULON,CIGONDEWAH RAHAYU,1661,1221,3068,1575,1801,57,190,549,36,1,10159
BANDUNG KULON,CIGONDEWAH KIDUL,1430,1003,2349,1351,1562,22,180,709,39,3,8648
KIARACONDONG,SUKAPURA,3888,2241,3401,4086,8897,85,663,1689,128,7,25085
KIARACONDONG,KEBON JAYANTI,1939,1178,1603,1802,5101,79,299,666,33,3,12703
KIARACONDONG,BABAKAN SURABAYA,3083,1680,2902,2834,6758,87,473,1012,87,6,18922
KIARACONDONG,CICAHEUM,2640,1535,2058,2327,6082,100,474,1196,102,15,16529
KIARACONDONG,BABAKAN SARI,5940,3092,4610,5114,13760,216,1205,2624,162,23,36746
KIARACONDONG,KEBON KANGKUNG,1888,1040,1564,1769,4621,82,402,900,57,4,12327
BOJONGLOA KIDUL,SITUSAEUR,3050,2184,3102,3523,7165,228,722,1348,69,8,21399
BOJONGLOA KIDUL,KEBONLEGA,3509,2502,4012,3694,7031,266,725,1784,112,15,23650
BOJONGLOA KIDUL,CIBADUYUT,1951,1409,2909,2005,3016,48,170,407,18,3,11936
BOJONGLOA KIDUL,MEKARWANGI,1634,1170,2164,1661,2359,65,239,544,26,4,9866
BOJONGLOA KIDUL,CIBADUYUT KIDUL,1462,969,2533,1357,1833,55,290,387,50,5,8941
BOJONGLOA KIDUL,CIBADUYUT WETAN,1233,882,1494,960,1707,53,194,918,51,5,7497
CIBEUNYING KALER,CIHAURGEULIS,1551,1314,812,1359,4929,83,625,1552,127,23,12375
CIBEUNYING KALER,SUKALUYU,2136,1596,1246,1643,5656,155,748,2270,270,60,15780
CIBEUNYING KALER,NEGLASARI,1396,991,928,1218,3231,75,395,1078,156,11,9479
CIBEUNYING KALER,CIGADUNG,4466,3237,3442,3552,10325,178,982,3382,571,144,30279
SUMUR BANDUNG,BRAGA,769,516,512,793,2567,46,190,546,44,6,5989
SUMUR BANDUNG,MERDEKA,1260,890,468,839,3963,83,490,1386,166,18,9563
SUMUR BANDUNG,KEBON PISANG,1702,1201,1333,1534,4760,78,375,926,72,7,11988
SUMUR BANDUNG,BABAKAN CIAMIS,1136,752,773,870,3267,51,282,798,61,8,7998
ANTAPANI,ANTAPANI KULON,1527,1005,1135,1289,3037,130,481,1493,261,29,10387
ANTAPANI,ANTAPANI WETAN,2643,1742,1721,2232,5309,226,809,2281,356,34,17353
ANTAPANI,ANTAPANI TENGAH,3281,1882,1865,2078,6681,430,1578,3883,421,43,22142
ANTAPANI,ANTAPANI KIDUL,3321,1992,1410,2150,7269,409,1737,5033,725,82,24128
BANDUNG KIDUL,BATUNUNGGAL,2786,1880,1865,2074,5556,179,832,2560,312,33,18077
BANDUNG KIDUL,WATES,1366,892,1016,1391,2838,48,223,347,18,0,8139
BANDUNG KIDUL,MENGGER,1549,1097,1293,1322,2831,77,246,1452,153,13,10033
BANDUNG KIDUL,KUJANGSARI,3308,2268,2694,2790,6296,172,721,2189,202,20,20660
BUAH BATU,SEKEJATI,1194,754,553,882,2356,72,618,1818,258,38,8543
BUAH BATU,MARGASARI,5699,3400,4407,4518,10738,306,2320,4805,531,46,36770
BUAH BATU,CIJAWURA,4201,2599,3371,3437,8040,179,1250,2909,261,29,26276
BUAH BATU,JATISARI,3639,2201,2033,2536,7522,337,1909,4239,601,90,25107
RANCASARI,CIPAMOKOLAN,3450,2265,2375,2623,6698,293,1319,3050,449,41,22563
RANCASARI,DERWATI,2497,1869,2487,2611,5224,174,783,1522,115,10,17292
RANCASARI,MANJAHLEGA,3310,1969,1366,1803,5975,392,2048,4892,699,97,22551
RANCASARI,MEKARJAYA,2764,1839,1856,1875,4584,264,1051,2313,256,21,16823
ARCAMANIK,SUKAMISKIN,2893,1817,1445,1966,6000,244,1154,4015,739,111,20384
ARCAMANIK,CISARANTEN BINA HARAPAN,1940,1192,1627,1797,3344,82,352,923,95,9,11361
ARCAMANIK,CISARANTEN KULON,3493,2204,2147,2712,5778,221,1033,2657,288,49,20582
ARCAMANIK,CISARANTEN ENDAH,3023,1974,2609,2284,4621,170,849,2360,388,62,18340
CIBIRU,PALASARI,3387,2155,3091,3245,6959,213,587,1649,217,44,21547
CIBIRU,CIPADUNG,1957,1302,2527,1912,3323,99,272,586,72,5,12055
CIBIRU,PASIRBIRU,3369,2109,2392,3282,7559,221,756,1565,160,21,21434
CIBIRU,CISURUPAN,2538,1596,2453,2480,4654,111,332,882,98,21,15165
UJUNGBERUNG,CIGENDING,2382,1745,1702,2477,5049,180,598,1433,171,26,15763
UJUNGBERUNG,PASANGGRAHAN,2869,2193,2917,3088,4871,220,593,1265,145,13,18174
UJUNGBERUNG,PASIR ENDAH,2170,1668,1243,2022,4911,228,731,1997,257,39,15266
UJUNGBERUNG,PASIR JATI,2582,1884,2175,2563,4697,158,607,942,74,10,15692
UJUNGBERUNG,PASIRWANGI,2378,1855,2430,2444,4199,173,415,738,61,12,14705
GEDEBAGE,CIMINCRANG,2874,1874,1964,2838,5663,242,1109,2515,307,41,19427
GEDEBAGE,CISARANTEUN KIDUL,707,500,686,636,704,42,135,320,27,1,3758
GEDEBAGE,RANCABOLANG,717,637,374,570,1267,88,289,646,63,11,4662
GEDEBAGE,RANCANUMPANG,1816,1144,907,1122,2060,111,617,1688,181,11,9657
PANYILEUKAN,CIPADUNG KULON,952,574,323,609,2393,114,506,1274,116,20,6881
PANYILEUKAN,CIPADUNG KIDUL,1879,1465,1387,1861,4101,154,532,1224,108,23,12734
PANYILEUKAN,CIPADUNG WETAN,1760,1471,484,1105,5161,259,1005,2810,309,57,14421
PANYILEUKAN,MEKAR MULYA,562,373,624,675,934,18,46,128,5,0,3365
CINAMBO,CISARANTEN WETAN,1017,646,516,743,2458,27,228,402,21,5,6063
CINAMBO,PAKEMITAN,879,617,713,868,1814,23,159,359,18,8,5458
CINAMBO,SUKAMULYA,910,594,797,967,1615,22,156,393,37,6,5497
CINAMBO,BABAKAN PENGHULU,1148,761,1142,1069,1841,33,187,575,92,5,6853
MANDALAJATI,JATIHANDAP,4106,2813,3491,3857,7545,97,784,1875,156,8,24732
MANDALAJATI,KARANG PAMULANG,2769,1811,2275,2622,5339,64,473,1291,86,8,16738
MANDALAJATI,PASIR IMPUN,1959,1298,1942,1886,3322,28,282,716,57,19,11509
MANDALAJATI,SINDANG JAYA,2218,1416,1357,1828,4202,42,626,1475,168,30,13362
