lokasi,nama_komoditas,2015-08-01,2015-08-02,2015-08-03,2015-08-04,2015-08-05,2015-08-06,2015-08-07,2015-08-08,2015-08-09,2015-08-10,2015-08-11,2015-08-12,2015-08-13,2015-08-14,2015-08-15,2015-08-16,2015-08-17,2015-08-18,2015-08-19,2015-08-20,2015-08-21,2015-08-22,2015-08-23,2015-08-24,2015-08-25,2015-08-26,2015-08-27,2015-08-28,2015-08-29,2015-08-30,2015-08-31
"Pasar Sederhana","Beras Medium",0,0,10000,10000,10000,10000,10000,0,0,10000,10000,10000,10000,10000,0,0,0,0,10000,10000,10000,0,0,10000,0,10000,10000,0,0,0,0
"Pasar Sederhana","Cabe Merah",0,0,40000,40000,40000,40000,40000,0,0,30000,30000,30000,30000,30000,0,0,0,30000,30000,30000,30000,0,0,30000,30000,30000,30000,30000,0,0,0
"Pasar Sederhana","Bawang Merah",0,0,22000,22000,22000,22000,22000,0,0,22000,22000,22000,22000,22000,0,0,0,18000,18000,18000,18000,0,0,20000,20000,20000,20000,20000,0,0,0
"Pasar Sederhana","Daging Ayam Ras",0,0,37000,37000,37000,37000,37000,0,0,38000,38000,38000,40000,40000,0,0,0,40000,40000,40000,40000,0,0,40000,40000,40000,40000,38000,0,0,0
"Pasar Sederhana","Telur Ayam Ras",0,0,44000,44000,44000,44000,44000,0,0,44000,44000,22000,23000,23000,0,0,0,23000,23000,23000,23000,0,0,22000,22000,22000,22000,22000,0,0,0
"Pasar Sederhana","Daging Sapi",0,0,110000,110000,110000,110000,110000,0,0,130000,130000,130000,130000,130000,0,0,0,130000,130000,130000,130000,0,0,110000,110000,110000,110000,110000,0,0,0
"Pasar Sederhana","Minyak Goreng",0,0,14500,14500,14500,14500,14500,0,0,14500,14500,14500,14500,14500,0,0,0,14500,14500,14500,14500,0,0,14500,14500,14500,14500,14500,0,0,0
"Pasar Sederhana","Gula Pasir",0,0,13000,13000,13000,13000,13000,0,0,13000,13000,13000,13000,13000,0,0,0,13000,13000,13000,13000,0,0,13000,13000,13000,13000,13000,0,0,0
"Pasar Sederhana",Kentang,0,0,10000,10000,10000,10000,10000,0,0,10000,10000,10000,10000,10000,0,0,0,10000,10000,10000,10000,0,0,12000,12000,12000,12000,12000,0,0,0
"Pasar Sederhana",Kedelai,0,0,12000,12000,12000,12000,12000,0,0,12000,12000,12000,12000,12000,0,0,0,12000,12000,12000,12000,0,0,12000,12000,12000,12000,12000,0,0,0
"Pasar Sederhana","Tepung Terigu",0,0,7500,7500,7500,7500,7500,0,0,7500,7500,7500,7500,7500,0,0,0,0,7500,7500,7500,0,0,7500,0,7500,7500,0,0,0,0
"Pasar Sederhana","Bawang Putih",0,0,20000,20000,20000,20000,20000,0,0,20000,20000,20000,20000,20000,0,0,0,20000,20000,20000,20000,0,0,20000,20000,20000,20000,20000,0,0,0
"Pasar Sederhana","Cabe Keriting",0,0,40000,40000,40000,40000,40000,0,0,40000,40000,40000,40000,40000,0,0,0,40000,40000,40000,40000,0,0,30000,30000,30000,30000,30000,0,0,0
"Pasar Sederhana","Cabe Rawit",0,0,75000,75000,75000,75000,75000,0,0,80000,80000,80000,80000,80000,0,0,0,80000,80000,80000,80000,0,0,60000,60000,60000,60000,60000,0,0,0
"Pasar Sederhana","Kacang Tanah",0,0,26000,26000,26000,26000,26000,0,0,26000,26000,26000,26000,26000,0,0,0,26000,26000,26000,26000,0,0,26000,26000,26000,26000,26000,0,0,0
"Pasar Sederhana","Ubi Kayu",0,0,4000,4000,4000,4000,4000,0,0,4000,4000,4000,4000,4000,0,0,0,4000,4000,4000,4000,0,0,4000,4000,4000,4000,4000,0,0,0
"Pasar Sederhana","Ubi Jalar",0,0,0,0,0,0,0,0,0,0,0,0,0,0,0,0,0,0,0,0,0,0,0,0,0,0,0,0,0,0,0
"Pasar Sederhana",Jagung,0,0,7000,7000,7000,7000,7000,0,0,7000,7000,7000,7000,7000,0,0,0,7000,7000,7000,7000,0,0,7000,7000,7000,7000,7000,0,0,0
"Pasar Sederhana","Ikan Olahan",0,0,70000,70000,70000,70000,70000,0,0,70000,70000,70000,70000,70000,0,0,0,70000,70000,70000,70000,0,0,70000,70000,70000,70000,70000,0,0,0
"Pasar Sederhana","Beras Premium",0,0,0,0,0,0,0,0,0,0,0,0,0,0,0,0,0,0,0,0,0,0,0,0,0,0,0,0,0,0,0
"Pasar Sederhana","Minyak Goreng Curah",0,0,12000,12000,12000,12000,12000,0,0,12500,12500,12500,12500,12500,0,0,0,12500,12500,12500,12500,0,0,11500,11500,11500,11500,11500,0,0,0
"Pasar Sederhana","Daging Ayam Kampung",0,0,60000,60000,60000,60000,60000,0,0,60000,60000,60000,60000,60000,0,0,0,60000,60000,60000,60000,0,0,60000,60000,60000,60000,60000,0,0,0
"Pasar Sederhana","Telur Ayam Kampung",0,0,44000,44000,44000,44000,44000,0,0,44000,44000,44000,44000,44000,0,0,0,44000,44000,44000,44000,0,0,44000,44000,44000,44000,44000,0,0,0
"Pasar Sederhana","Susu Kental Manis Merk Bendera",0,0,10000,10000,10000,10000,10000,0,0,10000,10000,10000,10000,10000,0,0,0,10000,10000,10000,10000,0,0,10000,10000,10000,10000,10000,0,0,0
"Pasar Sederhana","Susu Kental Manis Merk Indomilk",0,0,9500,9500,9500,9500,9500,0,0,9500,9500,9500,9500,9500,0,0,0,9500,9500,9500,9500,0,0,9500,9500,9500,9500,9500,0,0,0
"Pasar Sederhana","Garam Beryodium Bata",0,0,1000,1000,1000,1000,1000,0,0,1000,1000,1000,1000,1000,0,0,0,1000,1000,1000,1000,0,0,1000,1000,1000,1000,1000,0,0,0
"Pasar Sederhana","Garam Beryodium Halus",0,0,4000,4000,4000,4000,4000,0,0,4000,4000,4000,4000,4000,0,0,0,4000,4000,4000,4000,0,0,4000,4000,4000,4000,4000,0,0,0
"Pasar Sederhana","Tepung Terigu Cakra Kembar",0,0,8500,8500,8500,8500,8500,0,0,8500,8500,8500,8500,8500,0,0,0,8500,8500,8500,8500,0,0,8500,8500,8500,8500,8500,0,0,0
"Pasar Sederhana","Tepung Terigu Kunci",0,0,7500,7500,7500,7500,7500,0,0,7500,7500,7500,7500,7500,0,0,0,7000,7500,7500,7500,0,0,7500,7500,7500,7500,7500,0,0,0
"Pasar Sederhana","Mie Instan",0,0,2000,2000,2000,2000,2000,0,0,2000,2000,2000,2000,2000,0,0,0,0,2000,2000,2000,0,0,2000,0,2000,2000,0,0,0,0
"Pasar Sederhana","Cabe Rawit Hijau",0,0,45000,45000,45000,45000,45000,0,0,45000,45000,45000,45000,45000,0,0,0,45000,45000,45000,45000,0,0,50000,50000,50000,50000,50000,0,0,0
"Pasar Sederhana","Kacang Hijau",0,0,22000,22000,22000,22000,22000,0,0,22000,22000,22000,22000,22000,0,0,0,22000,22000,22000,22000,0,0,22000,22000,22000,22000,22000,0,0,0
"Pasar Sederhana","Susu Bubuk Dancow",0,0,38300,38300,38300,38300,38300,0,0,38300,38300,38300,38300,38300,0,0,0,38300,38300,38300,38300,0,0,38300,38300,38300,38300,38300,0,0,0
"Pasar Sederhana","Susu Bubuk Indomilk",0,0,36500,36500,36500,36500,36500,0,0,36500,36500,36500,36500,36500,0,0,0,36500,36500,36500,36500,0,0,36500,36500,36500,36500,36500,0,0,0
"Pasar Sederhana","Ikan Kembung",0,0,32000,32000,32000,32000,32000,0,0,32000,32000,32000,32000,32000,0,0,0,32000,32000,32000,0,0,0,32000,32000,32000,32000,32000,0,0,0
