lokasi,nama_komoditas,2016-03-04,2016-03-11,2016-03-18,2016-03-25,2016-03-01,2016-03-02,2016-03-03,2016-03-07,2016-03-08,2016-03-10,2016-03-14,2016-03-15,2016-03-16,2016-03-17,2016-03-20,2016-03-21,2016-03-22,2016-03-23,2016-03-24,2016-03-28,2016-03-29,2016-03-30,2016-03-31,2016-03-05,2016-03-06,2016-03-09
Pasar Andir,Beras Medium,10000,10000,10000,0,10000,10000,10000,0,10000,10000,0,0,10000,10000,0,10000,10000,10000,10000,0,10000,10000,10000,0,0,0
Pasar Andir,Cabe Merah,70000,70000,0,0,70000,70000,55000,65000,70000,70000,0,0,70000,70000,0,70000,0,0,70000,45000,45000,0,45000,70000,70000,45000
Pasar Andir,Bawang Merah,45000,0,0,0,45000,45000,35000,45000,45000,0,0,0,45000,45000,0,45000,45000,45000,45000,40000,40000,0,50000,45000,45000,40000
Pasar Andir,Daging Ayam Ras,26000,26000,30000,0,26000,26000,26000,26000,26000,0,0,0,30000,30000,0,30000,0,33000,30000,28000,28000,28000,28000,0,0,0
Pasar Andir,Telur Ayam Ras,18500,20000,18500,0,20000,18500,22000,20000,18500,20000,0,0,18500,18500,0,18500,19000,19000,18500,18500,18500,18500,18000,18500,18500,18500
Pasar Andir,Daging Sapi,115000,115000,115000,0,115000,115000,115000,115000,115000,115000,0,0,115000,115000,0,115000,115000,115000,115000,115000,0,115000,0,0,0,0
Pasar Andir,Minyak Goreng,14000,14000,14000,0,14000,14000,14000,14000,14000,14000,0,0,0,0,0,14000,14000,14000,14000,14000,14000,14000,14000,14000,14000,14000
Pasar Andir,Gula Pasir,13000,13000,13000,0,13000,13000,13000,13000,13000,13000,0,0,13000,13000,0,13000,13000,13000,13000,13000,13000,13000,13000,13000,13000,13000
Pasar Andir,Kentang,10000,10000,0,0,10000,10000,10000,10000,10000,10000,0,0,10000,10000,0,10000,10000,10000,10000,10000,10000,0,10000,10000,10000,10000
Pasar Andir,Kedelai,11000,11000,0,0,11000,11000,11000,11000,11000,11000,0,0,11000,11000,0,11000,11000,11000,11000,11000,11000,0,11000,11000,11000,11000
Pasar Andir,Tepung Terigu,7500,7500,0,0,7500,7500,7500,7500,7500,7500,0,0,7500,7500,0,7500,0,7500,7500,7500,7500,0,7500,0,0,0
Pasar Andir,Bawang Putih,40000,30000,0,0,30000,40000,30000,30000,30000,30000,0,0,30000,30000,0,40000,40000,40000,40000,40000,40000,0,40000,30000,30000,40000
Pasar Andir,Cabe Keriting,55000,55000,0,0,55000,55000,35000,55000,55000,55000,0,0,0,55000,0,55000,55000,55000,55000,45000,45000,0,0,55000,55000,45000
Pasar Andir,Cabe Rawit,65000,55000,0,0,55000,65000,35000,55000,55000,55000,0,0,55000,55000,0,65000,65000,65000,65000,0,65000,0,55000,55000,55000,65000
Pasar Andir,Kacang Tanah,28000,28000,0,0,28000,28000,28000,28000,28000,28000,0,0,28000,28000,0,28000,28000,28000,28000,28000,28000,0,28000,28000,28000,28000
Pasar Andir,Ubi Kayu,3000,3000,0,0,3000,3000,3000,3000,3000,3000,0,0,3000,3000,0,3000,3000,3000,3000,3000,3000,0,3000,3000,3000,3000
Pasar Andir,Ubi Jalar,0,0,0,0,0,0,0,0,0,0,0,0,0,0,0,0,0,0,0,0,0,0,0,0,0,0
Pasar Andir,Jagung,7000,7000,0,0,7000,7000,7000,7000,7000,7000,0,0,7000,7000,0,7000,7000,7000,7000,7000,7000,0,7000,7000,7000,7000
Pasar Andir,Ikan Olahan,60000,60000,0,0,60000,60000,60000,60000,60000,60000,0,0,0,60000,0,60000,60000,60000,60000,60000,60000,0,60000,60000,60000,60000
Pasar Andir,Beras Premium,0,0,0,0,0,0,0,0,0,0,0,0,0,0,0,0,0,0,0,0,0,0,0,0,0,0
Pasar Andir,Minyak Goreng Curah,10000,10000,10000,0,10000,10000,10000,10000,10000,0,0,0,10000,10000,0,10000,0,10000,10000,11000,11000,11000,11000,10000,10000,11000
Pasar Andir,Daging Ayam Kampung,60000,60000,60000,0,60000,60000,60000,60000,60000,60000,0,0,60000,60000,0,60000,65000,65000,60000,60000,60000,60000,60000,0,0,0
Pasar Andir,Telur Ayam Kampung,40000,40000,40000,0,40000,40000,40000,40000,40000,40000,0,0,40000,40000,0,40000,45000,45000,40000,40000,40000,40000,40000,40000,40000,40000
Pasar Andir,Susu Kental Manis Merk Bendera,9500,9500,9500,0,9500,9500,9500,9500,9500,9500,0,0,9500,9500,0,9500,11000,11000,9500,9500,9500,9500,9500,9500,9500,9500
Pasar Andir,Susu Kental Manis Merk Indomilk,9000,9000,9000,0,9000,9000,9000,9000,9000,9000,0,0,9000,9000,0,9000,10000,10000,9000,9000,9000,9000,9000,0,0,0
Pasar Andir,Garam Beryodium Bata,1000,1000,0,0,1000,1000,1000,1000,1000,1000,0,0,1000,1000,0,1000,1000,1000,1000,1000,1000,0,1000,1000,1000,1000
Pasar Andir,Garam Beryodium Halus,5000,5000,0,0,5000,5000,5000,5000,5000,5000,0,0,5000,5000,0,5000,5000,5000,5000,0,5000,0,5000,5000,5000,5000
Pasar Andir,Tepung Terigu Cakra Kembar,7500,7500,0,0,7500,7500,7500,7500,7500,0,0,0,7500,7500,0,7500,7500,7500,7500,7500,7500,0,7500,7500,7500,7500
Pasar Andir,Tepung Terigu Kunci,7000,7000,0,0,7000,7000,7000,7000,7000,7000,0,0,7000,7000,0,7000,7000,7000,7000,7000,0,0,7000,7000,7000,7000
Pasar Andir,Mie Instan,2000,2000,0,0,2000,2000,2000,2000,2000,2000,0,0,2000,2000,0,2000,2000,2000,2000,2000,2000,0,2000,2000,2000,2000
Pasar Andir,Cabe Rawit Hijau,45000,45000,0,0,45000,45000,35000,45000,45000,45000,0,0,45000,45000,0,0,45000,45000,45000,35000,35000,0,0,45000,45000,35000
Pasar Andir,Kacang Hijau,21000,21000,0,0,21000,21000,21000,21000,21000,21000,0,0,0,21000,0,21000,0,21000,21000,21000,21000,0,21000,21000,21000,21000
Pasar Andir,Susu Bubuk Dancow,35000,35000,0,0,35000,35000,35000,35000,35000,0,0,0,35000,35000,0,35000,35000,35000,35000,35000,35000,0,35000,35000,35000,35000
Pasar Andir,Susu Bubuk Indomilk,32000,32000,0,0,32000,32000,32000,32000,32000,32000,0,0,32000,32000,0,32000,9000,9000,32000,32000,32000,0,32000,0,0,0
Pasar Andir,Ikan Kembung,30000,30000,0,0,30000,30000,30000,30000,30000,30000,0,0,3000,3000,0,30000,30000,30000,30000,30000,0,0,30000,30000,30000,30000
