nama_kecamatan;jumlah_pus;jml_pus_kps_ksi;persentase_pus_kps_ks1;jml_pus_jkn_penerima_bantuan;persentase_pus_jkn_terima_bantuan;jml_pus_jkn_bukan_penerima_bantuan;persentase_pus_jkn_bukan_penerima_bantuan;jml_pus_jkn;persentase_pus_jkn
Sukasari ;8912;3465;38,88;0;0;0;0;0;0
Coblong ;16774;13779;82,14;6432;38,35;51;0,30;6483;38,65
Babakan Ciparay ;21650;8403;38,81;8222;37,98;13428;62,02;21650;100
Bojongloa Kaler ;17579;7985;45,42;7741;44,04;9795;55,72;17536;99,76
Andir ;14576;343;2,35;0;0;0;0;0;0
Cicendo ;14058;8546;60,79;0;0;0;0;0;0
Sukajadi ;18207;11512;63,23;0;0;0;0;0;0
Cidadap ;8395;2720;32,40;2720;32,40;5675;67,60;8395;100
Bandung Wetan ;4627;2033;43,94;0;0;0;0;0;0
Astana Anyar ;10015;2456;24,52;0;0;0;0;0;0
Regol ;12615;3666;29,06;3666;29,06;8949;70,94;12615;100
Batununggal ;17587;9305;52,91;0;0;0;0;0;0
Lengkong ;7436;3167;42,59;382;5,14;7054;94,86;7436;100
Cibeunying Kidul ;17773;7643;43,00;7180;40,40;8299;46,69;15479;87,09
Bandung Kulon ;12592;9118;72,41;4956;39,36;4159;33,03;9115;72,39
Kiaracondong ;18875;6599;34,96;0;0;0;0;0;0
Bojongloa Kidul ;12213;4927;40,34;2102;17,21;8772;71,83;10874;89,04
Cibeunying Kaler ;9788;2983;30,48;1815;18,54;3334;34,06;5149;52,61
Sumur Bandung ;3518;1162;33,03;0;0;0;0;0;0
Antapani ;10521;1401;13,32;0;0;0;0;0;0
Bandung Kidul ;8120;3571;43,98;3888;47,88;4110;50,62;7998;98,50
Buahbatu ;12417;2436;19,62;0;0;0;0;0;0
Rancasari ;10069;3273;32,51;2434;24,17;839;8,33;3273;32,51
Arcamanik ;8822;4133;46,85;0;0;0;0;0;0,00
Cibiru ;10823;3389;31,31;1386;12,81;2422;22,38;3808;35,18
Ujung Berung ;24511;6251;25,50;6251;25,50;0;0;6251;25,50
Gedebage ;8242;2922;35,45;569;6,90;4677;56,75;5246;63,65
Panyileukan ;5787;1438;24,85;836;14,45;592;10,23;1428;24,68
Cinambo ;4525;1498;33,10;777;17,17;1511;33,39;2288;50,56
Mandalajati ;11539;4331;37,53;4331;37,53;7198;62,38;11529;99,91
