nama_kecamatan,jumlah_pengguna_IUD,persentase_pengguna_IUD,jumlah_pengguna_MOW,persentase_pengguna_MOW,jumlah_pengguna_MOP,persentase_pengguna_MOP,jumlah_pengguna_kondom,persentase_pengguna_kondom,jumlah_pengguna_implan,persentase_pengguna_implan,jumlah_pengguna_suntikan,persentase_pengguna_suntikan,jumlah_pengguna_pil,persentase_pengguna_pil,jumlah_peserta_kb_aktif
Sukasari,2208,32.5,191,2.81,14,0.21,129,1.9,121,1.78,2759,40.62,1371,20.18,6793
Coblong,4616,36.13,1217,9.53,23,0.18,680,5.32,305,2.39,4529,35.45,1406,11.01,12776
Babakan Ciparay,3676,19.75,254,1.36,33,0.18,104,0.56,290,1.56,11529,61.93,2729,14.66,18615
Bojongloa Kaler,5725,40.65,453,3.22,63,0.45,251,1.78,210,1.49,4445,31.56,2937,20.85,14084
Andir,3161,25.37,1000,8.03,21,0.17,277,2.22,234,1.88,5315,42.65,2453,19.69,12461
Cicendo,2819,27.34,540,5.24,5,0.05,238,2.31,217,2.1,4438,43.05,2053,19.91,10310
Sukajadi,3499,27.12,1831,14.19,19,0.15,584,4.53,391,3.03,4030,31.24,2547,19.74,12901
Cidadap,1333,20.9,239,3.75,6,0.09,68,1.07,517,8.11,3227,50.6,988,15.49,6378
Bandung Wetan,1792,45.22,460,11.61,73,1.84,88,2.22,128,3.23,847,21.37,575,14.51,3963
Astana Anyar,2629,35.18,272,3.64,26,0.35,71,0.95,227,3.04,3309,44.28,939,12.57,7473
Regol,4743,50.18,391,4.14,48,0.51,324,3.43,185,1.96,3119,33,642,6.79,9452
Batununggal,4002,30.13,278,2.09,19,0.14,229,1.72,128,0.96,6600,49.69,2027,15.26,13283
Lengkong,2280,42.06,222,4.1,3,0.06,202,3.73,203,3.74,1929,35.58,582,10.74,5421
Cibeunying Kidul,4497,32.45,1144,8.26,6,0.04,300,2.16,331,2.39,6008,43.35,1572,11.34,13858
Bandung Kulon,6051,43.14,328,2.34,10,0.07,449,3.2,625,4.46,3548,25.29,3016,21.5,14027
Kiaracondong,4459,29.8,253,1.69,17,0.11,370,2.47,230,1.54,7207,48.16,2428,16.23,14964
Bojongloa Kidul,2477,24.66,153,1.52,12,0.12,92,0.92,245,2.44,6244,62.15,823,8.19,10046
Cibeunying Kaler,2678,37.84,356,5.03,27,0.38,134,1.89,101,1.43,2467,34.86,1314,18.57,7077
Sumur Bandung,922,37.06,106,4.26,5,0.2,147,5.91,94,3.78,845,33.96,369,14.83,2488
Antapani,3052,39.35,177,2.28,31,0.4,227,2.93,104,1.34,3257,41.99,908,11.71,7756
Bandung Kidul,1885,27.59,121,1.77,7,0.1,290,4.24,101,1.48,3130,45.81,1299,19.01,6833
Buahbatu,3188,31.39,166,1.63,21,0.21,189,1.86,191,1.88,5127,50.48,1275,12.55,10157
Rancasari,2653,37.26,149,2.09,11,0.15,251,3.52,65,0.91,2888,40.56,1104,15.5,7121
Arcamanik,2267,30.09,267,3.54,11,0.15,284,3.77,323,4.29,3107,41.23,1276,16.93,7535
Cibiru,1934,22.07,173,1.97,33,0.38,169,1.93,258,2.94,4369,49.85,1828,20.86,8764
Ujung Berung,10515,71.81,132,0.9,58,0.4,258,1.76,378,2.58,1659,11.33,1643,11.22,14643
Gedebage,2832,36.45,575,7.4,102,1.31,199,2.56,146,1.88,2606,33.54,1310,16.86,7770
Panyileukan,1815,38.45,157,3.33,2,0.04,228,4.83,138,2.92,1789,37.9,591,12.52,4720
Cinambo,1053,29.8,68,1.92,9,0.25,61,1.73,65,1.84,1722,48.74,555,15.71,3533
Mandalajati,2110,23.15,295,3.24,13,0.14,220,2.41,181,1.99,4529,49.7,1765,19.37,9113