lokasi,nama_komoditas,2016-02-05,2016-02-12,2016-02-19,2016-02-26,2016-02-01,2016-02-02,2016-02-03,2016-02-09,2016-02-10,2016-02-11,2016-02-15,2016-02-16,2016-02-17,2016-02-18,2016-02-23,2016-02-24,2016-02-25,2016-02-29,2016-02-04,2016-02-06,2016-02-22
Pasar Andir,Beras Medium,10000,10000,0,0,10000,10000,10000,10000,10000,10000,0,10000,10000,10000,10000,0,10000,10000,10000,0,10000
Pasar Andir,Cabe Merah,55000,55000,0,0,0,45000,55000,55000,55000,55000,55000,55000,55000,55000,55000,0,0,45000,55000,45000,55000
Pasar Andir,Bawang Merah,23000,23000,0,0,0,30000,23000,35000,23000,23000,23000,23000,23000,23000,23000,0,23000,40000,23000,23000,23000
Pasar Andir,Daging Ayam Ras,32000,32000,0,0,37000,32000,32000,32000,32000,32000,31000,31000,31000,31000,28000,0,28000,26000,32000,0,28000
Pasar Andir,Telur Ayam Ras,22000,22000,0,0,24000,23000,22000,22000,22000,22000,22000,22000,22000,22000,22000,0,22000,18500,22000,22000,22000
Pasar Andir,Daging Sapi,115000,115000,0,0,120000,115000,115000,115000,115000,115000,115000,115000,115000,115000,115000,0,115000,115000,0,0,115000
Pasar Andir,Minyak Goreng,14000,14000,0,0,14000,14000,14000,14000,14000,14000,14000,14000,14000,14000,14000,0,14000,14000,14000,14000,14000
Pasar Andir,Gula Pasir,13000,13000,0,0,13000,13000,13000,13000,13000,13000,13000,13000,13000,13000,0,0,13000,13000,13000,13000,13000
Pasar Andir,Kentang,12000,12000,0,0,0,12000,12000,10000,12000,12000,12000,12000,12000,12000,12000,0,12000,10000,12000,12000,12000
Pasar Andir,Kedelai,11000,11000,0,0,0,0,11000,11000,11000,11000,11000,11000,11000,11000,11000,0,0,11000,11000,11000,11000
Pasar Andir,Tepung Terigu,7500,7500,0,0,0,7500,7500,7500,7500,0,7500,7500,7500,0,7500,0,7500,7500,7500,0,7500
Pasar Andir,Bawang Putih,30000,28000,0,0,0,28000,30000,30000,28000,28000,30000,30000,30000,30000,30000,0,30000,40000,30000,30000,30000
Pasar Andir,Cabe Keriting,30000,27000,0,0,0,25000,30000,35000,27000,27000,27000,27000,27000,27000,30000,0,30000,45000,30000,30000,30000
Pasar Andir,Cabe Rawit,25000,25000,0,0,0,27000,25000,35000,25000,25000,25000,25000,25000,25000,25000,0,25000,65000,25000,25000,25000
Pasar Andir,Kacang Tanah,28000,28000,0,0,0,28000,28000,28000,28000,28000,28000,28000,28000,28000,0,0,28000,28000,28000,28000,28000
Pasar Andir,Ubi Kayu,3000,3000,0,0,0,3000,3000,3000,3000,3000,3000,3000,3000,3000,3000,0,3000,3000,3000,3000,3000
Pasar Andir,Ubi Jalar,0,0,0,0,0,0,0,0,0,0,0,0,0,0,0,0,0,0,0,0,0
Pasar Andir,Jagung,7000,7000,0,0,0,7000,7000,7000,7000,7000,7000,7000,7000,7000,7000,0,7000,7000,7000,7000,7000
Pasar Andir,Ikan Olahan,60000,60000,0,0,0,60000,60000,60000,60000,60000,60000,60000,60000,60000,60000,0,60000,60000,60000,60000,60000
Pasar Andir,Beras Premium,0,0,0,0,0,0,0,0,0,0,0,0,0,0,0,0,0,0,0,0,0
Pasar Andir,Minyak Goreng Curah,10000,10000,0,0,10000,10000,10000,10000,10000,10000,10000,10000,10000,10000,10000,0,0,11000,10000,10000,10000
Pasar Andir,Daging Ayam Kampung,60000,60000,0,0,60000,60000,60000,60000,60000,60000,60000,60000,60000,60000,60000,0,60000,60000,60000,0,60000
Pasar Andir,Telur Ayam Kampung,40000,40000,0,0,40000,40000,40000,40000,40000,40000,40000,40000,40000,40000,0,0,40000,40000,40000,40000,40000
Pasar Andir,Susu Kental Manis Merk Bendera,9500,9500,0,0,9500,9500,9500,9500,9500,9500,9500,9500,9500,9500,9500,0,9500,9500,9500,9500,9500
Pasar Andir,Susu Kental Manis Merk Indomilk,9000,9000,0,0,9000,9000,9000,9000,9000,9000,9000,9000,9000,9000,9000,0,9000,9000,9000,0,9000
Pasar Andir,Garam Beryodium Bata,1000,1000,0,0,0,1000,1000,1000,1000,1000,1000,0,1000,1000,1000,0,1000,1000,1000,1000,1000
Pasar Andir,Garam Beryodium Halus,5000,4000,0,0,0,4000,5000,5000,4000,4000,5000,5000,5000,5000,5000,0,5000,5000,5000,5000,0
Pasar Andir,Tepung Terigu Cakra Kembar,7500,7500,0,0,0,7500,7500,7500,7500,7500,7500,7500,7500,7500,7500,0,7500,7500,7500,7500,7500
Pasar Andir,Tepung Terigu Kunci,7000,7000,0,0,0,7000,7000,7000,7000,7000,7000,7000,7000,7000,0,0,7000,7000,7000,7000,7000
Pasar Andir,Mie Instan,2000,2000,0,0,0,2000,2000,2000,2000,2000,2000,2000,2000,2000,2000,0,2000,2000,2000,2000,2000
Pasar Andir,Cabe Rawit Hijau,25000,20000,0,0,0,20000,25000,35000,20000,20000,20000,20000,20000,20000,25000,0,25000,35000,25000,22000,25000
Pasar Andir,Kacang Hijau,21000,21000,0,0,0,21000,21000,21000,21000,21000,21000,21000,21000,21000,21000,0,21000,21000,21000,21000,21000
Pasar Andir,Susu Bubuk Dancow,35000,35000,0,0,0,35000,35000,35000,35000,35000,35000,35000,35000,35000,35000,0,35000,35000,35000,35000,35000
Pasar Andir,Susu Bubuk Indomilk,32000,32000,0,0,0,32000,32000,32000,32000,32000,32000,32000,32000,32000,32000,0,32000,32000,32000,0,32000
Pasar Andir,Ikan Kembung,30000,30000,0,0,0,30000,30000,30000,30000,30000,30000,30000,30000,30000,30000,0,0,30000,30000,30000,30000
