Nama Kecamatan,Nama Kelurahan,Tidak/Belum Sekolah,Belum Tamat SD,Tamat SD,SMP,SMA,Diploma I & II,Diploma III,Strata 1,Strata 2,Strata 3,Jumlah
SUKASARI,GEGERKALONG,3270,1925,2388,2447,6364,335,1300,3586,605,117,22337
SUKASARI,SARIJADI,3888,2184,2389,2451,8217,365,1747,4156,580,68,26045
SUKASARI,ISOLA,2041,1234,1898,1523,3742,109,498,1406,176,50,12677
SUKASARI,SUKARASA,1955,1109,2132,1549,3374,106,427,1576,267,44,12539
COBLONG,LEBAKGEDE,1460,990,1035,1245,3779,57,452,1299,151,21,10489
COBLONG,DAGO,5034,3349,3971,3903,10924,176,1005,3335,481,167,32345
COBLONG,CIPAGANTI,1655,1169,1302,1516,4302,50,367,1141,86,18,11606
COBLONG,SEKELOA,4178,2609,2668,3202,9507,169,925,2678,273,47,26256
COBLONG,LEBAK SILIWANGI,558,400,495,540,1395,34,136,305,22,6,3891
COBLONG,SADANGSERANG,4028,2580,2466,3316,9776,177,990,2462,175,21,25991
BABAKAN CIPARAY,MARGAHAYU UTARA,3342,2318,3935,3243,5218,179,619,2066,155,18,21093
BABAKAN CIPARAY,CIRANGRANG,1660,1106,2796,1696,2478,56,210,590,73,8,10673
BABAKAN CIPARAY,BABAKAN,4808,3109,7032,4925,6897,203,823,1212,66,11,29086
BABAKAN CIPARAY,BABAKAN CIPARAY,4797,3418,6696,5177,8428,172,510,1342,73,7,30620
BABAKAN CIPARAY,SUKAHAJI,4570,3373,6709,5214,7635,125,408,1146,60,9,29249
BABAKAN CIPARAY,MARGASUKA,1749,1285,2513,2091,2964,63,178,494,36,4,11377
BOJONGLOA KALER,SUKA ASIH,3166,1948,3035,3153,5645,198,475,1049,96,11,18776
BOJONGLOA KALER,KOPO,5167,3213,5018,4747,8733,251,727,1660,118,14,29648
BOJONGLOA KALER,JAMIKA,4450,2750,4697,4832,8649,236,564,1177,60,5,27420
BOJONGLOA KALER,BABAKAN TAROGONG,4820,2971,5281,5003,8634,194,502,905,41,3,28354
BOJONGLOA KALER,BABAKAN ASIH,2681,1732,2554,2799,5180,148,409,807,39,0,16349
ANDIR,KEBON JERUK,1660,1079,1338,1966,4756,56,305,1378,66,6,12610
ANDIR,CAMPAKA,2748,1906,2224,2896,5944,80,457,1132,98,9,17494
ANDIR,GARUDA,1549,1036,999,1527,3929,52,381,990,65,3,10531
ANDIR,DUNGUS CARIANG,2968,1956,2450,2905,6775,96,452,1231,73,7,18913
ANDIR,CIROYOM,3266,2067,2802,3356,6603,59,301,908,40,4,19406
ANDIR,MALEBER,3083,1982,2319,3143,7268,89,527,1478,71,7,19967
CICENDO,PAMOYANAN,935,638,694,952,2845,159,411,1155,124,14,7927
CICENDO,SUKARAJA,3338,2387,2528,3285,7352,299,905,2024,289,43,22450
CICENDO,ARJUNA,1681,1114,1339,1899,5101,267,642,1501,152,15,13711
CICENDO,PAJAJARAN,3870,2723,3873,3746,8140,256,735,1419,126,21,24909
CICENDO,HUSEN SASTRANEGARA,2417,1656,2142,2482,5426,159,598,917,94,13,15904
CICENDO,PASIR KALIKI,1093,745,839,1238,3186,146,453,1100,133,16,8949
SUKAJADI,SUKAGALIH,2593,1771,3057,2212,4844,145,536,2050,280,51,17539
SUKAJADI,PASTEUR,2415,1700,1828,2286,6333,189,824,2012,226,35,17848
SUKAJADI,SUKAWARNA,2022,1403,2107,1864,4026,154,532,1424,179,31,13742
SUKAJADI,CIPEDES,4460,3181,4297,4312,9600,259,1042,1540,122,21,28834
SUKAJADI,SUKABUNGAH,3097,2396,3119,3143,7097,184,758,1400,109,14,21317
CIDADAP,HEGARMANAH,2916,1970,2562,2407,7176,250,728,1835,165,29,20038
CIDADAP,CIUMBULEUIT,3454,2253,4381,2802,6540,147,538,1271,144,36,21566
CIDADAP,LEDENG,1539,1075,1406,1167,3482,85,255,1162,124,23,10318
BANDUNG WETAN,CITARUM,237,148,106,219,630,36,129,791,189,43,2528
BANDUNG WETAN,TAMANSARI,3238,2166,2367,3145,8460,305,925,2070,262,42,22980
BANDUNG WETAN,CIHAPIT,445,297,125,251,1070,84,445,1386,307,43,4453
ASTANA ANYAR,KARANGANYAR,779,503,514,984,2636,32,194,1084,27,1,6754
ASTANA ANYAR,PANJUNAN,1168,754,1226,1341,2488,48,182,436,27,2,7672
ASTANA ANYAR,CIBADAK,1749,1275,1633,2020,4922,86,481,1116,51,7,13340
ASTANA ANYAR,KARASAK,1952,1364,1274,1952,4832,94,519,1397,80,7,13471
ASTANA ANYAR,PELINDUNG HEWAN,3199,2053,2328,3144,7143,149,519,1478,106,8,20127
ASTANA ANYAR,NYENGSERET,1782,1232,1646,2001,4124,103,338,788,40,6,12060
REGOL,CIATEUL,909,721,452,841,3229,88,421,1146,76,7,7890
REGOL,ANCOL,1430,1014,853,1130,3721,88,765,2217,217,22,11457
REGOL,CIGERELENG,1470,1043,761,1192,4219,190,737,1998,164,29,11803
REGOL,BALONGGEDE,1073,726,600,1075,3489,52,313,1084,63,8,8483
REGOL,PASIRLUYU,2454,1785,2627,2266,5181,61,457,1225,99,12,16167
REGOL,PUNGKUR,936,715,597,968,3181,108,409,950,71,6,7941
REGOL,CISEUREUH,2389,1802,2114,2316,5912,124,527,1186,68,8,16446
BATUNUNGGAL,KACAPIRING,1250,894,704,1189,3385,34,422,1096,100,11,9085
BATUNUNGGAL,KEBONWARU,2125,1465,1623,2482,5319,57,396,960,58,5,14490
BATUNUNGGAL,GUMURUH,2815,1871,2183,2603,5702,81,804,2290,264,42,18655
BATUNUNGGAL,BINONG,2876,1936,2380,2994,6015,64,401,1064,43,5,17778
BATUNUNGGAL,SAMOJA,2047,1458,1458,1978,4865,58,299,644,22,5,12834
BATUNUNGGAL,CIBANGKONG,2727,1973,2183,2884,6628,71,478,1098,61,9,18112
BATUNUNGGAL,MALEER,2548,1760,1980,2755,5937,59,445,1041,58,5,16588
BATUNUNGGAL,KEBONGEDANG,1477,968,1010,1588,3622,41,271,598,24,3,9602
LENGKONG,CIJAGRA,1549,1191,743,1092,3357,123,695,2838,443,53,12084
LENGKONG,MALABAR,1146,873,791,1111,2906,113,372,1073,157,17,8559
LENGKONG,PALEDANG,766,589,506,885,2375,103,320,739,55,8,6346
LENGKONG,BURANGRANG,1408,987,903,1252,3438,154,743,1040,132,17,10074
LENGKONG,CIKAWAO,1222,929,847,1257,3247,150,365,699,60,11,8787
LENGKONG,LINGKAR SELATAN,1392,1059,446,1078,4458,181,614,1450,169,25,10872
LENGKONG,TURANGGA,1726,1367,525,1246,3754,227,1007,3768,760,108,14488
CIBEUNYING KIDUL,PASIRLAYUNG,3529,2106,2328,3002,6865,230,924,2189,227,35,21435
CIBEUNYING KIDUL,SUKAMAJU,1555,963,874,1364,4094,93,579,1401,84,15,11022
CIBEUNYING KIDUL,SUKAPADA,3397,2111,2816,3305,7262,180,656,1573,167,24,21491
CIBEUNYING KIDUL,CIKUTRA,3618,2084,2611,3312,7574,241,855,1919,165,22,22401
CIBEUNYING KIDUL,PADASUKA,2560,1681,1733,2683,5988,216,550,1233,81,7,16732
CIBEUNYING KIDUL,CICADAS,2630,1490,1515,2410,5994,140,565,1234,61,5,16044
BANDUNG KULON,CIGONDEWAH KIDUL,1461,1015,2343,1343,1573,23,183,710,36,4,8691
BANDUNG KULON,CIGONDEWAH KALER,3315,2424,5682,3558,3180,63,153,478,28,2,18883
BANDUNG KULON,CARINGIN,1491,1013,1277,1688,2492,90,315,911,98,18,9393
BANDUNG KULON,CIGONDEWAH RAHAYU,1691,1208,3020,1564,1832,57,193,547,35,1,10148
BANDUNG KULON,GEMPOLSARI,3047,2177,2168,2905,6565,304,1006,2267,200,29,20668
BANDUNG KULON,CIBUNTU,2920,2033,2644,3342,5649,158,431,916,41,4,18138
BANDUNG KULON,CIJERAH,3718,2631,3456,4427,7081,230,647,1466,164,22,23842
BANDUNG KULON,WARUNG MUNCANG,3446,2332,4453,3916,5446,143,330,759,51,12,20888
KIARACONDONG,SUKAPURA,4067,2194,3383,4095,8911,91,679,1751,137,7,25315
KIARACONDONG,CICAHEUM,2732,1484,2026,2317,6056,97,481,1207,106,14,16520
KIARACONDONG,KEBON KANGKUNG,1983,1037,1564,1787,4625,81,402,916,53,4,12452
KIARACONDONG,BABAKAN SURABAYA,3243,1640,2860,2857,6723,86,472,1026,89,5,19001
KIARACONDONG,BABAKANSARI,6225,3027,4586,5136,13736,211,1216,2684,172,24,37017
KIARACONDONG,KEBON JAYANTI,1985,1145,1567,1776,5071,77,298,659,27,3,12608
BOJONGLOA KIDUL,KEBON LEGA,3609,2492,4008,3664,7043,262,741,1801,114,16,23750
BOJONGLOA KIDUL,CIBADUYUT,2036,1433,2928,2035,3042,48,173,410,20,3,12128
BOJONGLOA KIDUL,CIBADUYUT KIDUL,1516,989,2515,1393,1840,53,281,389,51,6,9033
BOJONGLOA KIDUL,SITUSAEUR,3125,2180,3120,3520,7181,232,708,1350,75,10,21501
BOJONGLOA KIDUL,MEKARWANGI,1693,1156,2171,1697,2389,70,243,563,27,4,10013
BOJONGLOA KIDUL,CIBADUYUT WETAN,1279,895,1506,983,1732,51,199,951,55,5,7656
CIBEUNYING KALER,NEGLASARI,1418,937,913,1264,3212,74,402,1077,160,13,9470
CIBEUNYING KALER,CIGADUNG,4580,3171,3405,3670,10368,179,1012,3420,590,145,30540
CIBEUNYING KALER,CIHAUR GEULIS,1574,1304,796,1429,4952,86,629,1551,138,25,12484
CIBEUNYING KALER,SUKALUYU,2199,1503,1231,1745,5619,161,738,2283,278,59,15816
SUMUR BANDUNG,BABAKAN CIAMIS,1156,682,770,952,3254,50,278,811,68,8,8029
SUMUR BANDUNG,KEBON PISANG,1717,1154,1326,1598,4746,85,381,943,76,11,12037
SUMUR BANDUNG,MERDEKA,1292,828,473,952,3961,81,497,1420,173,19,9696
SUMUR BANDUNG,BRAGA,788,469,511,842,2540,44,182,557,43,4,5980
ANTAPANI,ANTAPANI TENGAH,3414,1877,1842,2164,6652,436,1577,3976,434,48,22420
ANTAPANI,ANTAPANI WETAN,2778,1764,1709,2241,5343,223,822,2368,379,37,17664
ANTAPANI,ANTAPANI KULON,1563,1004,1136,1310,3034,129,492,1499,258,32,10457
ANTAPANI,ANTAPANI KIDUL,3444,1969,1405,2206,7305,409,1745,5092,735,83,24393
BANDUNG KIDUL,BATUNUNGGAL,2901,1858,1850,2138,5610,178,829,2603,323,36,18326
BANDUNG KIDUL,KUJANGSARI,3417,2172,2650,2911,6294,171,738,2214,211,19,20797
BANDUNG KIDUL,MENGGER,1608,1113,1270,1324,2843,77,251,1492,156,13,10147
BANDUNG KIDUL,WATES,1406,878,993,1431,2820,47,222,347,19,0,8163
BUAHBATU,SEKEJATI,3713,2195,2007,2617,7430,334,1894,4283,629,91,25193
BUAHBATU,MARGASARI,5876,3423,4395,4636,10800,303,2329,4923,555,53,37293
BUAHBATU,CIJAURA,4331,2535,3347,3588,8101,186,1273,2955,266,32,26614
BUAHBATU,JATISARI,1244,778,567,902,2351,76,621,1851,263,39,8692
RANCASARI,CIPAMOKOLAN,3571,2233,2365,2707,6743,287,1341,3142,464,44,22897
RANCASARI,MUNJAHLEGA,3308,1965,1320,1828,5868,400,2007,4850,701,95,22342
RANCASARI,DERWATI,2565,1888,2508,2683,5274,179,781,1547,124,12,17561
RANCASARI,MEKARMULYA,2897,1883,1849,1946,4646,269,1057,2347,279,21,17194
ARCAMANIK,CISARANTEN BINA HARAPAN,1982,1227,1635,1807,3384,85,357,940,103,9,11529
ARCAMANIK,SINDANGLAYA/CISANTREN ENDAH,3114,1970,2607,2342,4690,176,852,2401,404,64,18620
ARCAMANIK,SUKAMISKIN,2989,1816,1452,2020,6039,247,1163,4078,776,113,20693
ARCAMANIK,CISARANTEN KULON,3669,2191,2159,2763,5874,213,1053,2793,306,46,21067
CIBIRU,CISURUPAN,4642,2933,4875,4386,8086,217,626,1512,178,29,27484
CIBIRU,PALASARI,3448,2108,2351,3256,7611,236,753,1590,160,21,21534
CIBIRU,CIPADUNG,3476,2180,3054,3248,7008,209,593,1680,218,51,21717
CIBIRU,PASIR BIRU,98,35,38,61,155,5,11,40,3,2,448
UJUNG BERUNG,PASANGGRAHAN,2922,2205,2887,3064,4892,224,597,1305,149,15,18260
UJUNG BERUNG,PASIRWANGI,2458,1870,2376,2457,4185,175,423,744,62,13,14763
UJUNG BERUNG,PASIR ENDAH,2237,1693,1226,2035,4955,225,745,2000,273,40,15429
UJUNG BERUNG,CIGENDING,5073,3658,3793,5088,9765,343,1193,2412,250,38,31613
UJUNG BERUNG,PASIRJATI,119,57,50,62,176,7,14,68,4,0,557
GEDEBAGE,CIMENERANG,3712,2374,2613,3457,6312,290,1237,2917,339,45,23296
GEDEBAGE,RANCABOLANG,1870,1141,911,1161,2074,111,620,1737,186,11,9822
GEDEBAGE,RANCANUMPANG,729,634,374,577,1257,93,288,660,69,11,4692
GEDEBAGE,CISANTREN KIDUL,31,15,19,24,38,2,9,10,3,0,151
PANYILEUKAN,CIPADUNG KULON,1944,1485,1373,1873,4125,154,534,1260,116,25,12889
PANYILEUKAN,CIPADUNG WETAN,582,380,632,657,916,19,47,131,7,0,3371
PANYILEUKAN,MEKAR MULYA,996,577,328,616,2379,122,507,1271,124,21,6941
PANYILEUKAN,CIPADUNG KIDUL,1846,1460,483,1134,5192,263,1014,2840,316,57,14605
CINAMBO,CISARANTEN WETAN,940,594,801,968,1635,25,155,400,35,6,5559
CINAMBO,SUKAMULYA,892,621,706,868,1811,23,160,378,19,8,5486
CINAMBO,BABAKAN PENGHULU,1164,767,1140,1076,1877,34,193,572,98,5,6926
CINAMBO,PAKEMITAN,1051,653,518,760,2506,28,234,435,28,8,6221
MANDALAJATI,KARANG PAMULANG,2854,1842,2246,2626,5369,61,482,1337,94,9,16920
MANDALAJATI,PASIR IMPUN,2018,1331,1927,1905,3364,29,282,742,63,18,11679
MANDALAJATI,JATIHANDAP,4276,2851,3462,3898,7619,92,805,1931,158,10,25102
MANDALAJATI,SINDANG JAYA,2322,1431,1350,1829,4208,43,635,1498,174,30,13520
