lokasi,nama_komoditas,2018-10-01,2018-10-02,2018-10-03,2018-10-04,2018-10-05,2018-10-06,2018-10-07,2018-10-08,2018-10-09,2018-10-10,2018-10-11,2018-10-12,2018-10-13,2018-10-14,2018-10-15,2018-10-16,2018-10-17,2018-10-18,2018-10-19,2018-10-20,2018-10-21,2018-10-22,2018-10-23,2018-10-24,2018-10-25,2018-10-26,2018-10-27,2018-10-28,2018-10-29,2018-10-30,2018-10-31
Pasar Baru,Beras Medium,12000,0,12000,12000,12000,0,0,12000,12000,0,12000,0,0,0,12000,12000,0,12000,12000,0,0,12000,12000,12000,12000,0,0,0,12000,0,12000
Pasar Baru,Cabe Merah,30000,0,30000,30000,30000,0,0,40000,40000,0,40000,0,0,0,50000,50000,0,55000,55000,0,0,55000,45000,45000,45000,0,0,0,45000,0,45000
Pasar Baru,Bawang Merah,25000,0,25000,25000,25000,0,0,25000,25000,0,25000,0,0,0,25000,25000,0,25000,25000,0,0,25000,30000,30000,30000,0,0,0,30000,0,30000
Pasar Baru,Daging Ayam Ras,32000,0,32000,32000,32000,0,0,35000,35000,0,35000,0,0,0,36000,36000,0,33000,33000,0,0,35000,35000,35000,35000,0,0,0,35000,0,35000
Pasar Baru,Telur Ayam Ras,22000,0,22000,22000,22000,0,0,22000,22000,0,22000,0,0,0,22000,22000,0,20000,20000,0,0,20000,20000,20000,20000,0,0,0,20000,0,20000
Pasar Baru,Daging Sapi,120000,0,120000,120000,120000,0,0,120000,120000,0,120000,0,0,0,120000,120000,0,120000,120000,0,0,120000,120000,120000,120000,0,0,0,120000,0,120000
Pasar Baru,Minyak Goreng,15000,0,15000,15000,15000,0,0,15000,15000,0,15000,0,0,0,15000,15000,0,15000,15000,0,0,15000,15000,15000,15000,0,0,0,15000,0,15000
Pasar Baru,Gula Pasir,12000,0,12000,12000,12000,0,0,12000,12000,0,12000,0,0,0,12000,12000,0,12000,12000,0,0,12000,12000,12000,12000,0,0,0,12000,0,12000
Pasar Baru,Kentang,14000,0,14000,14000,14000,0,0,14000,14000,0,14000,0,0,0,14000,14000,0,14000,14000,0,0,14000,14000,14000,14000,0,0,0,14000,0,14000
Pasar Baru,Kedelai,12000,0,12000,12000,12000,0,0,12000,12000,0,12000,0,0,0,12000,12000,0,12000,12000,0,0,12000,12000,12000,12000,0,0,0,12000,0,12000
Pasar Baru,Tepung Terigu,7500,0,7500,7500,7500,0,0,7500,7500,0,7500,0,0,0,7500,7500,0,7500,7500,0,0,7500,7500,7500,7500,0,0,0,7500,0,7500
Pasar Baru,Bawang Putih,25000,0,25000,25000,25000,0,0,25000,25000,0,25000,0,0,0,25000,25000,0,25000,25000,0,0,25000,25000,25000,25000,0,0,0,25000,0,25000
Pasar Baru,Cabe Keriting,30000,0,30000,30000,30000,0,0,30000,30000,0,40000,0,0,0,40000,40000,0,40000,40000,0,0,40000,40000,40000,40000,0,0,0,40000,0,40000
Pasar Baru,Cabe Rawit,30000,0,30000,30000,30000,0,0,35000,35000,0,35000,0,0,0,40000,40000,0,40000,40000,0,0,40000,40000,40000,40000,0,0,0,40000,0,40000
Pasar Baru,Kacang Tanah,28000,0,28000,28000,28000,0,0,28000,28000,0,28000,0,0,0,28000,28000,0,28000,28000,0,0,28000,28000,28000,28000,0,0,0,28000,0,28000
Pasar Baru,Ubi Kayu,5000,0,5000,5000,5000,0,0,5000,5000,0,5000,0,0,0,5000,5000,0,5000,5000,0,0,5000,5000,5000,5000,0,0,0,5000,0,5000
Pasar Baru,Ubi Jalar,0,0,0,0,0,0,0,0,0,0,0,0,0,0,0,0,0,0,0,0,0,0,0,0,0,0,0,0,0,0,0
Pasar Baru,Jagung,10000,0,10000,10000,10000,0,0,10000,10000,0,10000,0,0,0,10000,10000,0,10000,10000,0,0,10000,10000,10000,10000,0,0,0,10000,0,10000
Pasar Baru,Ikan Olahan,70000,0,70000,70000,70000,0,0,70000,70000,0,70000,0,0,0,70000,70000,0,70000,70000,0,0,70000,70000,70000,70000,0,0,0,70000,0,70000
Pasar Baru,Beras Premium,0,0,0,0,0,0,0,0,0,0,0,0,0,0,0,0,0,0,0,0,0,0,0,0,0,0,0,0,0,0,0
Pasar Baru,Minyak Goreng Curah,12000,0,12000,12000,12000,0,0,12000,12000,0,12000,0,0,0,12000,12000,0,12500,12500,0,0,12500,12500,12500,12500,0,0,0,12500,0,12500
Pasar Baru,Daging Ayam Kampung,70000,0,70000,70000,70000,0,0,70000,70000,0,70000,0,0,0,70000,70000,0,70000,70000,0,0,70000,70000,70000,70000,0,0,0,70000,0,70000
Pasar Baru,Telur Ayam Kampung,45000,0,45000,45000,45000,0,0,45000,45000,0,45000,0,0,0,45000,45000,0,45000,45000,0,0,45000,45000,45000,45000,0,0,0,45000,0,45000
Pasar Baru,Susu Kental Manis Merk Bendera,10000,0,10000,10000,10000,0,0,10000,10000,0,10000,0,0,0,10000,10000,0,10000,10000,0,0,10000,10000,10000,10000,0,0,0,10000,0,10000
Pasar Baru,Susu Kental Manis Merk Indomilk,10000,0,10000,10000,10000,0,0,10000,10000,0,10000,0,0,0,10000,10000,0,10000,10000,0,0,10000,10000,10000,10000,0,0,0,10000,0,10000
Pasar Baru,Garam Beryodium Bata,3000,0,3000,3000,3000,0,0,3000,3000,0,3000,0,0,0,3000,3000,0,3000,3000,0,0,3000,3000,3000,3000,0,0,0,3000,0,3000
Pasar Baru,Garam Beryodium Halus,12000,0,12000,12000,12000,0,0,12000,12000,0,12000,0,0,0,12000,12000,0,12000,12000,0,0,12000,12000,12000,12000,0,0,0,12000,0,12000
Pasar Baru,Tepung Terigu Cakra Kembar,8000,0,8000,8000,8000,0,0,8000,8000,0,8000,0,0,0,8000,8000,0,8000,8000,0,0,8000,8000,8000,8000,0,0,0,8000,0,8000
Pasar Baru,Tepung Terigu Kunci,7500,0,7500,7500,7500,0,0,7500,7500,0,7500,0,0,0,7500,7500,0,7500,7500,0,0,7500,7500,7500,7500,0,0,0,7500,0,7500
Pasar Baru,Mie Instan,2500,0,2500,2500,2500,0,0,2500,2500,0,2500,0,0,0,2500,2500,0,2500,2500,0,0,2500,2500,2500,2500,0,0,0,2500,0,2500
Pasar Baru,Cabe Rawit Hijau,30000,0,30000,30000,30000,0,0,30000,30000,0,40000,0,0,0,30000,30000,0,30000,30000,0,0,30000,30000,30000,30000,0,0,0,30000,0,30000
Pasar Baru,Kacang Hijau,24000,0,24000,24000,24000,0,0,24000,24000,0,24000,0,0,0,24000,24000,0,24000,24000,0,0,24000,24000,24000,24000,0,0,0,24000,0,24000
Pasar Baru,Susu Bubuk Dancow,36000,0,36000,36000,36000,0,0,36000,36000,0,36000,0,0,0,36000,36000,0,36000,36000,0,0,36000,36000,36000,36000,0,0,0,36000,0,36000
Pasar Baru,Susu Bubuk Indomilk,33500,0,33500,33500,33500,0,0,33500,33500,0,33500,0,0,0,33500,33500,0,33500,33500,0,0,33500,33500,33500,33500,0,0,0,33500,0,33500
Pasar Baru,Ikan Kembung,40000,0,40000,40000,40000,0,0,40000,40000,0,40000,0,0,0,40000,40000,0,40000,40000,0,0,40000,40000,40000,40000,0,0,0,40000,0,40000