lokasi,nama_komoditas,2015-11-01,2015-11-02,2015-11-03,2015-11-04,2015-11-05,2015-11-06,2015-11-07,2015-11-08,2015-11-09,2015-11-10,2015-11-11,2015-11-12,2015-11-13,2015-11-14,2015-11-15,2015-11-16,2015-11-17,2015-11-18,2015-11-19,2015-11-20,2015-11-21,2015-11-22,2015-11-23,2015-11-24,2015-11-25,2015-11-26,2015-11-27,2015-11-28,2015-11-29,2015-11-30
"Pasar Andir","Beras Medium",0,10000,10000,10000,10000,10000,0,0,10000,10000,10000,10000,0,0,0,10000,10000,10000,10000,10000,0,0,10000,10000,10000,10000,10000,0,0,10000
"Pasar Andir","Cabe Merah",0,0,0,12000,12000,12000,0,0,12000,12000,12000,12000,12000,0,0,20000,20000,20000,20000,20000,0,0,25000,25000,25000,25000,25000,0,0,25000
"Pasar Andir","Bawang Merah",0,20000,20000,20000,20000,20000,0,0,20000,20000,20000,20000,20000,0,0,20000,20000,20000,20000,20000,0,0,20000,20000,20000,20000,20000,0,0,20000
"Pasar Andir","Daging Ayam Ras",0,30000,30000,28000,28000,28000,0,0,34000,34000,34000,34000,33000,0,0,29000,29000,0,29000,29000,0,0,29000,29000,29000,29000,29000,0,0,29000
"Pasar Andir","Telur Ayam Ras",0,19000,19000,18500,18500,18500,0,0,19000,19000,19000,19000,19000,0,0,21000,21000,21000,21000,21000,0,0,22000,0,22000,22000,22000,0,0,22000
"Pasar Andir","Daging Sapi",0,110000,110000,110000,110000,110000,0,0,110000,110000,110000,110000,110000,0,0,110000,110000,110000,110000,110000,0,0,110000,110000,110000,110000,110000,0,0,110000
"Pasar Andir","Minyak Goreng",0,14000,14000,14000,14000,14000,0,0,14000,14000,14000,14000,14000,0,0,14000,14000,14000,14000,14000,0,0,14000,14000,14000,14000,14000,0,0,14000
"Pasar Andir","Gula Pasir",0,12000,12000,12000,12000,12000,0,0,12000,12000,12000,12000,12000,0,0,12000,12000,12000,12000,12000,0,0,12000,12000,12000,12000,12000,0,0,12000
"Pasar Andir",Kentang,0,11000,11000,11000,11000,11000,0,0,0,11000,11000,11000,11000,0,0,11000,11000,11000,11000,11000,0,0,11000,11000,11000,11000,11000,0,0,11000
"Pasar Andir",Kedelai,0,11000,11000,11000,11000,11000,0,0,11000,11000,11000,11000,11000,0,0,11000,11000,11000,11000,0,0,0,11000,11000,11000,11000,11000,0,0,11000
"Pasar Andir","Tepung Terigu",0,7500,7500,7500,7500,7500,0,0,7500,7500,7500,7500,7500,0,0,7500,7500,7500,7500,7500,0,0,7500,7500,7500,7500,7500,0,0,7500
"Pasar Andir","Bawang Putih",0,20000,20000,20000,20000,20000,0,0,20000,20000,20000,20000,20000,0,0,20000,20000,20000,20000,20000,0,0,20000,20000,20000,20000,20000,0,0,20000
"Pasar Andir","Cabe Keriting",0,15000,15000,12000,12000,12000,0,0,15000,15000,15000,15000,15000,0,0,20000,20000,20000,20000,20000,0,0,20000,20000,20000,20000,20000,0,0,25000
"Pasar Andir","Cabe Rawit",0,18000,18000,16000,16000,16000,0,0,18000,18000,18000,18000,18000,0,0,21000,21000,21000,21000,21000,0,0,25000,25000,25000,25000,25000,0,0,27000
"Pasar Andir","Kacang Tanah",0,28000,28000,28000,28000,28000,0,0,28000,28000,28000,28000,28000,0,0,28000,28000,28000,28000,28000,0,0,28000,28000,28000,0,28000,0,0,28000
"Pasar Andir","Ubi Kayu",0,3000,3000,3000,3000,3000,0,0,3000,3000,3000,3000,3000,0,0,3000,0,3000,3000,3000,0,0,3000,3000,3000,3000,3000,0,0,3000
"Pasar Andir","Ubi Jalar",0,0,0,0,0,0,0,0,0,0,0,0,0,0,0,0,0,0,0,0,0,0,0,0,0,0,0,0,0,0
"Pasar Andir",Jagung,0,7000,7000,7000,7000,7000,0,0,7000,7000,7000,7000,7000,0,0,7000,7000,7000,0,7000,0,0,7000,7000,7000,7000,7000,0,0,7000
"Pasar Andir","Ikan Olahan",0,45000,45000,45000,45000,45000,0,0,45000,45000,45000,45000,45000,0,0,45000,45000,45000,45000,45000,0,0,45000,45000,45000,45000,45000,0,0,45000
"Pasar Andir","Beras Premium",0,0,0,0,0,0,0,0,0,0,0,0,0,0,0,0,0,0,0,0,0,0,0,0,0,0,0,0,0,0
"Pasar Andir","Minyak Goreng Curah",0,10000,10000,10000,10000,10000,0,0,10000,10000,10000,10000,10000,0,0,10000,10000,10000,10000,10000,0,0,10000,10000,10000,10000,10000,0,0,10000
"Pasar Andir","Daging Ayam Kampung",0,60000,60000,60000,60000,60000,0,0,60000,60000,60000,60000,60000,0,0,60000,60000,60000,60000,60000,0,0,60000,60000,60000,60000,60000,0,0,60000
"Pasar Andir","Telur Ayam Kampung",0,40000,40000,40000,40000,40000,0,0,40000,40000,40000,40000,40000,0,0,40000,40000,40000,40000,40000,0,0,40000,40000,40000,40000,40000,0,0,40000
"Pasar Andir","Susu Kental Manis Merk Bendera",0,9500,9500,9500,9500,9500,0,0,9500,9500,9500,9500,9500,0,0,9500,9500,9500,9500,9500,0,0,9500,9500,9500,9500,9500,0,0,9500
"Pasar Andir","Susu Kental Manis Merk Indomilk",0,9000,9000,9000,9000,9000,0,0,9000,9000,9000,9000,9000,0,0,9000,9000,9000,9000,9000,0,0,9000,9000,9000,9000,9000,0,0,9000
"Pasar Andir","Garam Beryodium Bata",0,1000,1000,1000,1000,1000,0,0,1000,1000,1000,1000,1000,0,0,1000,1000,1000,1000,1000,0,0,1000,1000,1000,1000,1000,0,0,1000
"Pasar Andir","Garam Beryodium Halus",0,3000,3000,3000,3000,3000,0,0,3000,3000,3000,3000,3000,0,0,3000,3000,3000,3000,3000,0,0,3000,3000,3000,3000,3000,0,0,3000
"Pasar Andir","Tepung Terigu Cakra Kembar",0,7500,7500,7500,7500,7500,0,0,7500,7500,7500,7500,7500,0,0,0,7500,7500,7500,7500,0,0,7500,7500,7500,7500,7500,0,0,7500
"Pasar Andir","Tepung Terigu Kunci",0,7000,7000,7000,7000,7000,0,0,7000,7000,7000,7000,7000,0,0,7000,7000,7000,7000,7000,0,0,7000,7000,7000,7000,7000,0,0,7000
"Pasar Andir","Mie Instan",0,2000,2000,2000,2000,2000,0,0,2000,0,2000,2000,2000,0,0,2000,2000,2000,2000,2000,0,0,2000,2000,2000,2000,2000,0,0,2000
"Pasar Andir","Cabe Rawit Hijau",0,15000,15000,18000,18000,18000,0,0,18000,18000,18000,18000,18000,0,0,20000,20000,20000,20000,20000,0,0,25000,25000,25000,25000,25000,0,0,27000
"Pasar Andir","Kacang Hijau",0,21000,21000,21000,21000,21000,0,0,21000,21000,21000,21000,21000,0,0,21000,21000,21000,21000,21000,0,0,0,21000,21000,21000,0,0,0,0
"Pasar Andir","Susu Bubuk Dancow",0,35000,35000,35000,35000,35000,0,0,35000,35000,38300,38300,38300,0,0,35000,35000,35000,35000,35000,0,0,35000,35000,35000,35000,35000,0,0,35000
"Pasar Andir","Susu Bubuk Indomilk",0,32000,32000,0,32000,0,0,0,32000,32000,32000,32000,32000,0,0,32000,32000,32000,32000,32000,0,0,32000,32000,32000,32000,32000,0,0,32000
"Pasar Andir","Ikan Kembung",0,27000,27000,27000,27000,27000,0,0,27000,27000,27000,27000,27000,0,0,27000,27000,27000,27000,27000,0,0,27000,27000,27000,27000,27000,0,0,27000
