lokasi,nama_komoditas,2018-06-01,2018-06-02,2018-06-03,2018-06-04,2018-06-05,2018-06-06,2018-06-07,2018-06-08,2018-06-09,2018-06-10,2018-06-11,2018-06-12,2018-06-13,2018-06-14,2018-06-15,2018-06-16,2018-06-17,2018-06-18,2018-06-19,2018-06-20,2018-06-21,2018-06-22,2018-06-23,2018-06-24,2018-06-25,2018-06-26,2018-06-27,2018-06-28,2018-06-29,2018-06-30
"Pasar Kosambi","Beras Medium",0,0,0,10500,10500,10500,10500,10500,0,0,0,0,0,0,0,0,0,0,0,0,10500,10500,0,0,10500,0,0,10500,10500,0
"Pasar Kosambi","Cabe Merah",0,0,0,40000,40000,40000,40000,60000,0,0,0,0,0,0,0,0,0,0,0,0,70000,50000,0,0,50000,0,0,50000,50000,0
"Pasar Kosambi","Bawang Merah",0,0,0,40000,35000,35000,35000,35000,0,0,0,0,0,0,0,0,0,0,0,0,35000,35000,0,0,35000,0,0,35000,35000,0
"Pasar Kosambi","Daging Ayam Ras",0,0,0,36000,38000,38000,38000,40000,0,0,0,0,0,0,0,0,0,0,0,0,43000,42000,0,0,39000,0,0,38000,38000,0
"Pasar Kosambi","Telur Ayam Ras",0,0,0,24000,24000,24000,24000,25000,0,0,0,0,0,0,0,0,0,0,0,0,25000,24000,0,0,24000,0,0,24000,24000,0
"Pasar Kosambi","Daging Sapi",0,0,0,125000,120000,120000,120000,122000,0,0,0,0,0,0,0,0,0,0,0,0,125000,125000,0,0,120000,0,0,120000,120000,0
"Pasar Kosambi","Minyak Goreng",0,0,0,15000,15000,15000,15000,15000,0,0,0,0,0,0,0,0,0,0,0,0,15000,15000,0,0,15000,0,0,15000,15000,0
"Pasar Kosambi","Gula Pasir",0,0,0,12500,12500,12500,12500,12500,0,0,0,0,0,0,0,0,0,0,0,0,12500,12500,0,0,12500,0,0,12500,12500,0
"Pasar Kosambi",Kentang,0,0,0,15000,15000,15000,15000,15000,0,0,0,0,0,0,0,0,0,0,0,0,16000,16000,0,0,16000,0,0,16000,16000,0
"Pasar Kosambi",Kedelai,0,0,0,10000,10000,10000,10000,10000,0,0,0,0,0,0,0,0,0,0,0,0,10000,10000,0,0,10000,0,0,10000,10000,0
"Pasar Kosambi","Tepung Terigu",0,0,0,7500,7500,7500,7500,7500,0,0,0,0,0,0,0,0,0,0,0,0,7500,7500,0,0,7500,0,0,7500,7500,0
"Pasar Kosambi","Bawang Putih",0,0,0,25000,28000,28000,28000,28000,0,0,0,0,0,0,0,0,0,0,0,0,35000,32000,0,0,35000,0,0,30000,35000,0
"Pasar Kosambi","Cabe Keriting",0,0,0,40000,40000,40000,40000,40000,0,0,0,0,0,0,0,0,0,0,0,0,40000,40000,0,0,35000,0,0,35000,35000,0
"Pasar Kosambi","Cabe Rawit",0,0,0,40000,40000,40000,40000,40000,0,0,0,0,0,0,0,0,0,0,0,0,40000,40000,0,0,50000,0,0,50000,50000,0
"Pasar Kosambi","Kacang Tanah",0,0,0,24000,24000,24000,24000,24000,0,0,0,0,0,0,0,0,0,0,0,0,24000,24000,0,0,24000,0,0,24000,24000,0
"Pasar Kosambi","Ubi Kayu",0,0,0,4000,4000,4000,4000,4000,0,0,0,0,0,0,0,0,0,0,0,0,4000,4000,0,0,4000,0,0,4000,4000,0
"Pasar Kosambi","Ubi Jalar",0,0,0,0,0,0,0,0,0,0,0,0,0,0,0,0,0,0,0,0,0,0,0,0,0,0,0,0,0,0
"Pasar Kosambi",Jagung,0,0,0,10000,10000,10000,10000,10000,0,0,0,0,0,0,0,0,0,0,0,0,10000,10000,0,0,10000,0,0,10000,10000,0
"Pasar Kosambi","Ikan Olahan",0,0,0,0,0,0,0,80000,0,0,0,0,0,0,0,0,0,0,0,0,80000,80000,0,0,80000,0,0,80000,80000,0
"Pasar Kosambi","Beras Premium",0,0,0,0,0,0,0,0,0,0,0,0,0,0,0,0,0,0,0,0,0,0,0,0,0,0,0,0,0,0
"Pasar Kosambi","Minyak Goreng Curah",0,0,0,12000,12000,12000,12000,12000,0,0,0,0,0,0,0,0,0,0,0,0,12000,12000,0,0,12000,0,0,12000,12000,0
"Pasar Kosambi","Daging Ayam Kampung",0,0,0,75000,80000,80000,80000,80000,0,0,0,0,0,0,0,0,0,0,0,0,75000,75000,0,0,75000,0,0,75000,75000,0
"Pasar Kosambi","Telur Ayam Kampung",0,0,0,45000,45000,45000,45000,45000,0,0,0,0,0,0,0,0,0,0,0,0,45000,45000,0,0,45000,0,0,45000,45000,0
"Pasar Kosambi","Susu Kental Manis Merk Bendera",0,0,0,10000,10000,10000,10000,10000,0,0,0,0,0,0,0,0,0,0,0,0,10000,10000,0,0,10000,0,0,10000,10000,0
"Pasar Kosambi","Susu Kental Manis Merk Indomilk",0,0,0,9500,9500,9500,9500,9500,0,0,0,0,0,0,0,0,0,0,0,0,9500,9500,0,0,9500,0,0,9500,9500,0
"Pasar Kosambi","Garam Beryodium Bata",0,0,0,2500,2500,2500,2500,2500,0,0,0,0,0,0,0,0,0,0,0,0,2500,2500,0,0,2500,0,0,2500,2500,0
"Pasar Kosambi","Garam Beryodium Halus",0,0,0,12000,12000,12000,12000,12000,0,0,0,0,0,0,0,0,0,0,0,0,12000,12000,0,0,12000,0,0,12000,12000,0
"Pasar Kosambi","Tepung Terigu Cakra Kembar",0,0,0,7500,7500,7500,7500,7500,0,0,0,0,0,0,0,0,0,0,0,0,7500,7500,0,0,7500,0,0,7500,7500,0
"Pasar Kosambi","Tepung Terigu Kunci",0,0,0,7000,7000,7000,7000,7000,0,0,0,0,0,0,0,0,0,0,0,0,7000,7000,0,0,7000,0,0,7000,7000,0
"Pasar Kosambi","Mie Instan",0,0,0,2300,2300,2300,2300,2300,0,0,0,0,0,0,0,0,0,0,0,0,2300,2300,0,0,2300,0,0,2300,2300,0
"Pasar Kosambi","Cabe Rawit Hijau",0,0,0,40000,40000,40000,40000,40000,0,0,0,0,0,0,0,0,0,0,0,0,30000,35000,0,0,35000,0,0,35000,35000,0
"Pasar Kosambi","Kacang Hijau",0,0,0,20000,20000,20000,20000,20000,0,0,0,0,0,0,0,0,0,0,0,0,20000,20000,0,0,20000,0,0,20000,20000,0
"Pasar Kosambi","Susu Bubuk Dancow",0,0,0,34500,34500,34500,34500,34500,0,0,0,0,0,0,0,0,0,0,0,0,34500,34500,0,0,34500,0,0,34500,34500,0
"Pasar Kosambi","Susu Bubuk Indomilk",0,0,0,30000,30000,30000,30000,30000,0,0,0,0,0,0,0,0,0,0,0,0,30000,30000,0,0,30000,0,0,30000,30000,0
"Pasar Kosambi","Ikan Kembung",0,0,0,40000,40000,40000,40000,40000,0,0,0,0,0,0,0,0,0,0,0,0,45000,45000,0,0,45000,0,0,45000,45000,0
