BULAN,KTP,KK,SURAT PINDAH,IZIN MENETAP,SERBA GUNA,SKTM,PENSIUN,DP,SKCK
JANUARI,448,596,115,44,56,83,11,,
FEBRUARI,378,535,83,41,70,67,5,,
MARET,445,550,121,41,51,269,8,,
APRIL,451,494,113,44,84,149,7,,
MEI,478,549,100,48,59,488,3,,
JUNI,568,772,135,53,66,566,3,,
JULI,404,442,77,41,51,36,1,,
AGUSTUS,19,26,9,4,11,1,0,,
SEPTEMBER,398,400,91,45,68,19,6,,
OKTOBER,557,400,87,54,50,268,5,,19
NOVEMBER,324,502,90,49,58,33,5,12,2
DESEMBER,493,860,108,36,45,150,2,,
JUMLAH,4963,6126,1129,500,669,2129,56,12,21
