nama_kecamatan,jumlah_pengguna_IUD,persentase_pengguna_IUD,jumlah_pengguna_MOW,persentase_pengguna_MOW,jumlah_pengguna_MOP,persentase_pengguna_MOP,jumlah_pengguna_kondom,persentase_pengguna_kondom,jumlah_pengguna_implan,persentase_pengguna_implan,jumlah_pengguna_suntikan,persentase_pengguna_suntikan,jumlah_pengguna_pil,persentase_pengguna_pil,jumlah_peserta_kb_aktif
Sukasari ,2089,32.56,187,2.91,14,0.22,125,1.95,88,1.37,2604,40.59,1309,20.4,6416
Coblong ,4506,35.54,1213,9.57,23,0.18,675,5.32,292,2.3,4539,35.81,1429,11.27,12677
Babakan Ciparay ,3504,20.25,249,1.44,33,0.19,103,0.6,254,1.47,10463,60.47,2696,15.58,17302
Bojongloa Kaler ,5619,39.36,449,3.14,60,0.42,274,1.92,224,1.57,4703,32.94,2948,20.65,14277
Andir ,2614,33.5,803,10.29,21,0.27,161,2.06,283,3.63,1450,18.58,2472,31.68,7804
Cicendo ,2665,26.98,517,5.23,4,0.04,242,2.45,180,1.82,4266,43.19,2003,20.28,9877
Sukajadi ,3233,26.35,1811,14.76,31,0.25,506,4.12,176,1.43,3998,32.58,2515,20.5,12270
Cidadap ,1421,21.77,281,4.31,7,0.11,121,1.85,565,8.66,3180,48.73,951,14.57,6526
Bandung Wetan ,1663,46.82,449,12.64,73,2.06,82,2.31,111,3.13,722,20.33,452,12.73,3552
Astana Anyar ,2508,34.81,281,3.9,48,0.67,127,1.76,242,3.36,3096,42.98,902,12.52,7204
Regol ,4595,50.86,391,4.33,47,0.52,298,3.3,161,1.78,2948,32.63,595,6.59,9035
Batununggal ,3744,30.08,278,2.23,18,0.14,208,1.67,98,0.79,6111,49.09,1991,15.99,12448
Lengkong ,2208,41.46,234,4.39,16,0.3,204,3.83,212,3.98,1878,35.26,574,10.78,5326
Cibeunying Kidul ,4203,31.96,1144,8.7,53,0.4,285,2.17,321,2.44,5588,42.49,1558,11.85,13152
Bandung Kulon ,5142,53.16,300,3.1,10,0.1,145,1.5,322,3.33,2359,24.39,1394,14.41,9672
Kiaracondong ,4089,29.41,241,1.73,20,0.14,460,3.31,190,1.37,6443,46.35,2459,17.69,13902
Bojongloa Kidul ,2301,24.01,136,1.42,32,0.33,90,0.94,244,2.55,5970,62.28,812,8.47,9585
Cibeunying Kaler ,2557,37.08,299,4.34,27,0.39,121,1.75,59,0.86,2527,36.64,1306,18.94,6896
Sumur Bandung ,876,34.62,103,4.07,2,0.08,151,5.97,94,3.72,900,35.57,404,15.97,2530
Antapani ,2957,37.97,176,2.26,31,0.4,232,2.98,89,1.14,3338,42.87,964,12.38,7787
Bandung Kidul ,1661,27.55,122,2.02,7,0.12,118,1.96,65,1.08,2921,48.44,1136,18.84,6030
Buahbatu ,2937,30.41,142,1.47,26,0.27,160,1.66,161,1.67,4930,51.05,1302,13.48,9658
Rancasari ,2374,36.4,144,2.21,11,0.17,244,3.74,46,0.71,2610,40.02,1093,16.76,6522
Arcamanik ,2405,33.88,238,3.35,24,0.34,111,1.56,407,5.73,3108,43.78,806,11.35,7099
Cibiru ,1796,22.39,165,2.06,33,0.41,147,1.83,220,2.74,3964,49.41,1698,21.16,8023
Ujung Berung ,14078,69.98,148,0.74,58,0.29,486,2.42,409,2.03,3214,15.98,1725,8.57,20118
Gedebage ,2395,38.85,574,9.31,102,1.65,170,2.76,144,2.34,2051,33.27,728,11.81,6164
Panyileukan ,1617,37.4,144,3.33,3,0.07,203,4.69,96,2.22,1663,38.46,598,13.83,4324
Cinambo ,941,28.28,68,2.04,9,0.27,61,1.83,49,1.47,1644,49.4,556,16.71,3328
Mandalajati ,2075,23.29,288,3.23,10,0.11,223,2.5,177,1.99,4409,49.48,1729,19.4,8911
