nama_kecamatan,iud_sisa_bulan_lalu,kondom_sisa_bulan_lalu,implant_sisa_bulan_lalu,suntikan_sisa_bulan_lalu,pil_sisa_bulan_lalu,iud_diterima_bulan_ini,kondom_diterima_bulan_ini,implant_diterima_bulan_ini,suntikan_diterima_bulan_ini,pil_diterima_bulan_ini,iud_diterima_bulan_ini,kondom_diterima_bulan_ini,implant_diterima_bulan_ini,suntikan_diterima_bulan_ini,pil_diterima_bulan_ini,iud_sisa_akhir_bulan_ini,kondom_sisa_akhir_bulan_ini,implant_sisa_akhir_bulan_ini,suntikan_sisa_akhir_bulan_ini,pil_sisa_akhir_bulan_ini
Sukasari,87,19,54,69,605,0,0,10,210,0,9,5,5,201,77,78,14,59,78,528
Coblong,121,82,24,209,519,0,0,0,60,0,15,14,0,197,22,106,68,24,72,497
Babakan Ciparay,150,145,16,403,749,0,0,10,20,0,4,61,15,61,183,146,84,11,362,566
Bojongloa Kaler,53,80,12,112,220,26,0,0,120,0,30,10,0,183,66,49,70,12,49,154
Andir,152,118,10,510,904,0,0,10,60,40,12,6,0,115,80,140,112,20,455,864
Cicendo,42,502,0,157,382,2,0,0,100,2,18,3,0,143,17,26,499,0,114,367
Sukajadi,70,19,0,9,200,25,0,0,140,100,20,15,0,124,119,75,4,0,25,181
Cidadap,113,34,7,162,128,25,12,0,20,0,9,2,0,56,66,129,44,7,126,62
Bandung Wetan,47,87,16,222,350,33,0,0,60,0,34,12,0,140,10,46,75,16,142,340
Astana Anyar,226,165,3,271,585,25,0,3,300,100,73,14,1,362,52,178,151,5,209,633
Regol,56,55,13,209,367,60,36,0,240,207,40,5,0,115,50,76,86,13,334,524
Batununggal,84,8,13,174,514,0,0,0,220,0,35,1,3,219,52,49,7,10,175,462
Lengkong,109,90,28,252,447,25,0,0,20,0,16,12,0,221,47,118,78,28,51,400
Cibeunying Kidul,42,85,95,140,363,25,0,0,0,0,14,3,0,87,31,53,82,95,53,332
Bandung Kulon,68,86,8,446,334,0,0,0,160,100,14,13,0,169,71,54,73,8,437,363
Kiaracondong,38,36,28,96,90,0,0,0,62,200,4,8,1,118,87,34,28,27,40,203
Bojongloa Kidul,35,11,3,118,193,0,0,0,0,0,9,1,0,15,85,26,10,3,103,108
Cibeunying Kaler,23,18,10,105,204,0,0,0,0,0,3,6,0,35,130,20,12,10,70,74
Sumur Bandung,44,79,8,177,377,0,0,0,109,0,6,6,0,85,10,38,73,8,201,367
Antapani,68,81,15,233,108,0,0,0,120,200,1,3,0,142,61,67,78,15,211,247
Bandung Kidul,68,68,8,151,426,0,0,0,140,0,4,13,0,209,131,64,55,8,82,295
Buahbatu,141,71,19,90,283,0,0,0,140,0,6,4,0,152,27,135,67,19,78,256
Rancasari,47,43,0,60,148,0,0,0,200,100,2,11,0,177,126,45,32,0,83,122
Arcamanik,57,30,17,137,146,0,0,0,40,100,11,2,1,54,36,46,28,16,123,210
Cibiru,62,55,32,151,219,0,0,0,300,200,5,10,1,170,214,57,45,31,281,205
Ujung Berung,23,0,1,85,0,0,0,0,0,0,2,0,1,55,0,21,0,0,30,0
Gedebage,67,45,21,208,349,0,0,0,0,0,12,1,2,65,57,55,44,19,143,292
Panyileukan,27,23,11,108,100,25,0,0,0,200,3,1,1,87,100,49,22,10,21,200
Cinambo,154,56,3,312,306,100,0,0,0,0,86,10,0,50,3,168,46,3,262,303
Mandalajati,42,36,5,99,314,0,0,0,140,0,4,0,0,140,10,38,36,5,99,304
