Kecamatan,Kelurahan,Tidak/Belum Sekolah,Belum Tamat SD,Tamat SD,SMP,SMA,Diploma I dan II,Diploma III,Strata 1/Diploma IV,Strata 2,Strata 3
Andir,Campaka,3050,1904,2217,2882,6260,87,466,1230,106,8
Andir,Ciroyom,3565,2018,2785,3379,6757,65,321,900,39,8
Andir,Dungus Cariang,3093,1810,2340,2820,6752,93,447,1229,79,8
Andir,Garuda,1722,988,968,1480,3974,69,380,1034,63,4
Andir,Kebon Jeruk,1591,909,1243,1764,4433,49,288,1292,70,6
Andir,Maleber,3281,1877,2263,3079,7393,74,559,1505,72,8
Antapani,Antapani Kidul,3878,1914,1384,2165,7451,432,1766,5327,810,90
Antapani,Antapani Kulon,1831,938,1117,1307,3174,120,508,1561,283,34
Antapani,Antapani Tengah,3969,1821,1785,2167,6814,429,1596,4310,488,58
Antapani,Antapani Wetan,3188,1696,1678,2201,5630,245,842,2575,420,45
Arcamanik,Cisaranten Bina Harapan,2157,1075,1658,1869,3589,90,376,990,110,9
Arcamanik,Cisaranten Kulon,4241,2168,2229,2792,6456,230,1174,3215,392,46
Arcamanik,Sindanglaya/Cisantren Endah,3462,1782,2628,2371,5009,184,903,2544,436,64
Arcamanik,Sukamiskin,3337,1634,1489,2075,6218,252,1189,4246,806,114
Astana Anyar,Cibadak,1901,1252,1583,1982,4894,84,468,1103,57,8
Astana Anyar,Karanganyar,881,505,492,925,2612,46,214,1077,32,2
Astana Anyar,Karasak,2172,1332,1226,1923,4849,100,514,1424,94,7
Astana Anyar,Nyengseret,1931,1232,1592,1984,4231,100,338,801,44,6
Astana Anyar,Panjunan,1264,730,1189,1294,2473,41,187,425,29,2
Astana Anyar,Pelindung Hewan,3431,2012,2323,3109,7170,159,559,1464,105,7
Babakan Ciparay,Babakan,5438,3283,6771,4949,7186,211,758,1288,75,13
Babakan Ciparay,Babakan Ciparay,5541,3692,6710,5279,8864,193,562,1435,76,10
Babakan Ciparay,Cirangrang,1850,1142,2771,1794,2699,77,217,596,71,9
Babakan Ciparay,Margahayu Utara,3773,2418,3973,3253,5496,172,663,2129,183,19
Babakan Ciparay,Margasuka,1971,1295,2519,2015,3116,73,194,537,46,4
Babakan Ciparay,Sukahaji,5173,3390,6677,5265,7916,127,437,1220,68,7
Bandung Kidul,Batununggal,3189,1751,1855,2127,5905,175,813,2718,332,42
Bandung Kidul,Kujangsari,3966,1976,2598,2785,6724,194,777,2399,248,23
Bandung Kidul,Mengger,1841,1044,1238,1327,3117,80,274,1613,167,17
Bandung Kidul,Wates,1516,807,958,1358,2852,49,224,379,21,0
Bandung Kulon,Caringin,1634,1006,1233,1578,2510,85,321,904,102,16
Bandung Kulon,Cibuntu,3226,2114,2520,3155,5733,168,449,974,53,6
Bandung Kulon,Cigondewah Kaler,3671,2438,5396,3373,3504,57,176,547,31,0
Bandung Kulon,Cigondewah Kidul,1604,1013,2293,1326,1690,23,205,760,40,4
Bandung Kulon,Cigondewah Rahayu,1810,1146,2902,1496,1904,53,200,581,31,1
Bandung Kulon,Cijerah,4094,2654,3363,4168,7233,223,653,1481,162,24
Bandung Kulon,Gempolsari,3487,2286,2096,2763,6746,315,1047,2415,228,33
Bandung Kulon,Warung Muncang,3714,2366,4225,3654,5592,148,338,779,51,16
Bandung Wetan,Cihapit,479,250,102,214,1010,70,362,1251,285,44
Bandung Wetan,Citarum,221,132,73,155,593,34,124,699,162,43
Bandung Wetan,Tamansari,3422,2077,2166,2596,8687,302,917,2093,249,47
Batununggal,Binong,3240,1781,2419,3382,6189,69,434,1139,52,5
Batununggal,Cibangkong,2965,1773,2212,3000,6642,65,516,1134,74,10
Batununggal,Gumuruh,3120,1780,2255,2809,5748,81,811,2372,288,40
Batununggal,Kacapiring,1377,790,727,1242,3395,38,446,1095,94,12
Batununggal,Kebongedang,1630,975,1009,1627,3662,47,280,617,25,3
Batununggal,Kebonwaru,2372,1367,1656,2553,5338,61,411,1004,67,6
Batununggal,Maleer,2942,1655,1965,2845,6057,62,460,1084,58,5
Batununggal,Samoja,2210,1273,1538,2167,4964,53,303,686,27,5
Bojongloa Kaler,Babakan Asih,2871,1657,2452,2765,5275,158,434,837,42,2
Bojongloa Kaler,Babakan Tarogong,5159,2816,5196,5019,9004,202,513,971,43,4
Bojongloa Kaler,Jamika,4779,2782,4558,4732,8966,234,568,1229,70,5
Bojongloa Kaler,Kopo,5599,3226,4906,4851,9135,269,759,1745,133,20
Bojongloa Kaler,Suka Asih,3422,1893,2979,3151,5945,203,501,1099,106,14
Bojongloa Kidul,Cibaduyut,2114,1465,2828,2158,3157,56,176,445,25,4
Bojongloa Kidul,Cibaduyut Kidul,1631,1017,2446,1407,1910,56,231,392,47,6
Bojongloa Kidul,Cibaduyut Wetan,1442,934,1462,982,1871,59,227,1047,63,7
Bojongloa Kidul,Kebon Lega,3980,2445,3860,3482,7110,249,757,1808,119,18
Bojongloa Kidul,Mekarwangi,1869,1181,2152,1664,2586,79,259,619,29,4
Bojongloa Kidul,Situsaeur,3431,2181,2942,3370,7182,228,685,1383,80,8
Buahbatu,Cijaura,4817,2555,3540,3475,8199,188,1298,3061,281,36
Buahbatu,Jatisari,1397,741,630,877,2352,84,603,1930,301,36
Buahbatu,Margasari,6640,3597,4608,4612,11060,352,2297,5270,621,61
Buahbatu,Sekejati,3959,2008,2085,2344,7121,371,1739,4323,668,92
Cibeunying Kaler,Cigadung,5063,2867,3496,3835,10368,192,1065,3588,630,161
Cibeunying Kaler,Cihaur Geulis,1734,1171,864,1486,4894,97,650,1599,166,28
Cibeunying Kaler,Neglasari,1485,840,910,1311,3193,69,397,1092,160,15
Cibeunying Kaler,Sukaluyu,2395,1377,1265,1765,5512,170,753,2333,306,60
Cibeunying Kidul,Cicadas,2857,1385,1528,2560,5932,145,576,1268,77,5
Cibeunying Kidul,Cikutra,3896,1978,2572,3459,7601,263,865,1971,177,23
Cibeunying Kidul,Padasuka,2797,1658,1768,2754,6035,206,595,1280,97,10
Cibeunying Kidul,Pasirlayung,3931,2079,2317,3096,6927,249,973,2304,259,33
Cibeunying Kidul,Sukamaju,1691,913,900,1513,4056,94,610,1429,94,14
Cibeunying Kidul,Sukapada,3822,2074,2884,3459,7361,198,692,1677,186,27
Cibiru,Cipadung,3817,2146,2870,3105,7016,220,591,1827,254,53
Cibiru,Cisurupan,2353,1418,2513,1957,3740,108,310,750,98,10
Cibiru,Palasari,3710,2109,2196,3034,7562,242,746,1671,169,27
Cibiru,Pasir Biru,2866,1650,2285,2330,4888,131,361,991,123,25
Cicendo,Arjuna,1801,1005,1212,1612,4940,248,590,1457,160,15
Cicendo,Husen Sastranegara,2698,1487,2140,2315,5815,154,585,984,105,19
Cicendo,Pajajaran,4276,2537,3897,3583,8691,265,782,1540,138,27
Cicendo,Pamoyanan,1082,579,656,841,2962,155,412,1175,130,14
Cicendo,Pasir Kaliki,1237,724,847,1134,3371,134,468,1131,138,16
Cicendo,Sukaraja,3774,2366,2553,3011,7906,284,895,2197,330,44
Cidadap,Ciumbuleuit,4004,2170,4412,3001,6779,154,593,1357,161,44
Cidadap,Hegarmanah,3240,1734,2543,2495,7067,251,726,1845,194,32
Cidadap,Ledeng,1778,1007,1392,1247,3527,84,285,1192,134,22
Cinambo,Babakan Penghulu,1272,719,1100,1052,1971,35,209,648,105,6
Cinambo,Cisaranten Wetan,1069,609,798,1001,1740,28,168,437,46,8
Cinambo,Pakemitan,1131,615,505,746,2562,36,247,494,37,10
Cinambo,Sukamulya,978,600,695,854,1835,25,158,396,22,8
Coblong,Cipaganti,1800,1135,1259,1418,4280,52,370,1142,97,24
Coblong,Dago,5611,3147,4033,4198,11606,189,1091,3538,522,176
Coblong,Lebak Siliwangi,636,345,491,523,1441,35,150,330,22,5
Coblong,Lebakgede,1699,1011,1046,1276,3880,58,493,1367,157,20
Coblong,Sadangserang,4296,2410,2480,3293,9741,186,1013,2434,185,24
Coblong,Sekeloa,4442,2475,2699,3211,9663,161,934,2753,302,50
Gedebage,Cimenerang,830,478,687,668,795,47,152,381,32,5
Gedebage,Cisantren Kidul,3603,1825,2009,2853,5661,250,1100,2737,364,46
Gedebage,Rancabolang,2136,1173,952,1122,2179,114,647,1823,222,16
Gedebage,Rancanumpang,804,607,391,598,1338,88,301,693,81,11
Kiaracondong,Babakan Surabaya,3888,1622,2938,3000,6870,90,514,1137,94,7
Kiaracondong,Babakansari,7367,2992,4689,5280,13837,223,1278,2785,182,26
Kiaracondong,Cicaheum,3196,1446,2157,2399,6133,101,493,1268,119,15
Kiaracondong,Kebon Jayanti,2382,1048,1664,1889,5142,82,327,681,35,2
Kiaracondong,Kebon Kangkung,2217,893,1640,1816,4550,92,400,942,56,5
Kiaracondong,Sukapura,5136,2181,3710,4374,9279,104,748,1926,144,11
Lengkong,Burangrang,1498,913,941,1232,3418,167,664,1103,136,15
Lengkong,Cijagra,1621,1196,779,1026,3110,138,695,2625,465,57
Lengkong,Cikawao,1324,900,859,1209,3249,153,379,751,67,9
Lengkong,Lingkar Selatan,1412,922,464,1062,4133,194,604,1347,164,24
Lengkong,Malabar,1229,802,816,1122,2783,121,367,1087,168,17
Lengkong,Paledang,794,588,492,854,2310,119,324,776,62,10
Lengkong,Turangga,1885,1424,606,1273,3679,224,1024,3781,830,124
Mandalajati,Jatihandap,4776,2697,3411,3786,7834,84,802,2041,174,13
Mandalajati,Karang Pamulang,3305,1700,2267,2690,5750,75,522,1473,121,6
Mandalajati,Pasir Impun,2347,1294,2016,1906,3631,31,295,852,78,17
Mandalajati,Sindang Jaya,2635,1380,1405,1932,4405,52,673,1562,188,29
Panyileukan,Cipadung Kidul,2226,1339,527,1143,5192,275,1047,2956,342,61
Panyileukan,Cipadung Kulon,2267,1348,1409,1887,4240,161,542,1327,131,27
Panyileukan,Cipadung Wetan,641,333,652,660,935,17,51,147,11,0
Panyileukan,Mekar Mulya,1222,564,318,611,2273,139,515,1339,138,22
Rancasari,Cipamokolan,4096,2132,2474,2625,6988,296,1372,3444,521,46
Rancasari,Derwati,2951,1769,2607,2557,5526,205,813,1672,175,13
Rancasari,Mekarmulya,3372,1916,1894,1939,4893,293,1151,2663,311,27
Rancasari,Munjahlega,3359,1712,1437,1741,5741,397,1891,4725,723,97
Regol,Ancol,1616,1037,806,1198,3584,106,718,2181,243,25
Regol,Balonggede,1152,716,503,1016,3346,52,299,1019,63,10
Regol,Ciateul,972,687,403,803,3026,83,410,1117,80,10
Regol,Cigereleng,1677,982,716,1236,4199,199,732,2080,179,30
Regol,Ciseureuh,2649,1742,1936,2237,5769,134,514,1166,78,11
Regol,Pasirluyu,2879,1709,2571,2403,5310,78,476,1259,115,12
Regol,Pungkur,938,629,532,923,2923,124,398,877,69,7
Sukajadi,Cipedes,4882,3059,4169,4296,9711,275,1077,1621,138,25
Sukajadi,Pasteur,2676,1689,1803,2293,6355,208,838,2041,254,38
Sukajadi,Sukabungah,3404,2286,3009,3129,7030,201,781,1446,128,13
Sukajadi,Sukagalih,3001,1845,2968,2241,4953,163,580,2075,318,57
Sukajadi,Sukawarna,2320,1399,2076,1784,4053,182,547,1481,211,27
Sukasari,Gegerkalong,3649,1924,2353,2533,6710,350,1297,3529,619,121
Sukasari,Isola,2227,1219,1888,1616,3936,115,513,1482,197,51
Sukasari,Sarijadi,4402,2276,2383,2503,8480,375,1757,4303,603,75
Sukasari,Sukarasa,2219,1088,2098,1585,3601,111,459,1598,275,44
Sumur Bandung,Babakan Ciamis,1240,700,769,946,3250,62,305,852,65,12
Sumur Bandung,Braga,841,450,502,855,2510,45,181,602,49,8
Sumur Bandung,Kebon Pisang,1790,1003,1286,1645,4754,105,393,1029,87,13
Sumur Bandung,Merdeka,1463,843,480,1010,4032,95,560,1562,196,22
Ujung Berung,Cigending,2774,1728,1612,2488,5308,187,605,1521,211,31
Ujung Berung,Pasanggrahan,3460,2174,2973,3063,5339,237,650,1464,174,17
Ujung Berung,Pasir Endah,2683,1696,1278,2053,5212,239,787,2141,292,51
Ujung Berung,Pasirjati,3062,1884,2222,2637,5036,176,638,1132,90,12
Ujung Berung,Pasirwangi,3023,1841,2469,2525,4556,187,460,969,79,16