lokasi,nama_komoditas,2014-05-01,2014-05-02,2014-05-03,2014-05-04,2014-05-05,2014-05-06,2014-05-07,2014-05-08,2014-05-09,2014-05-10,2014-05-11,2014-05-12,2014-05-13,2014-05-14,2014-05-15,2014-05-16,2014-05-17,2014-05-18,2014-05-19,2014-05-20,2014-05-21,2014-05-22,2014-05-23,2014-05-24,2014-05-25,2014-05-26,2014-05-27,2014-05-28,2014-05-29,2014-05-30,2014-05-31
"Pasar Baru","Beras Medium",9000,9000,0,9000,0,0,9000,9000,9000,9000,0,0,0,0,0,0,0,0,0,0,0,0,0,0,0,0,0,0,0,0,0
"Pasar Baru","Cabe Merah",22000,22000,0,22000,0,0,22000,22000,22000,22000,0,0,0,0,0,0,0,0,0,0,0,0,0,0,0,0,0,0,0,0,0
"Pasar Baru","Bawang Merah",15000,15000,0,15000,0,0,15000,15000,15000,15000,0,0,0,0,0,0,0,0,0,0,0,0,0,0,0,0,0,0,0,0,0
"Pasar Baru","Daging Ayam Ras",28000,28000,0,28000,0,0,29000,29000,29000,29000,0,0,0,0,0,0,0,0,0,0,0,0,0,0,0,0,0,0,0,0,0
"Pasar Baru","Telur Ayam Ras",16000,16000,0,16000,0,0,17000,17000,17000,17000,0,0,0,0,0,0,0,0,0,0,0,0,0,0,0,0,0,0,0,0,0
"Pasar Baru","Daging Sapi",100000,100000,0,100000,0,0,100000,100000,100000,100000,0,0,0,0,0,0,0,0,0,0,0,0,0,0,0,0,0,0,0,0,0
"Pasar Baru","Minyak Goreng",14000,14000,0,14000,0,0,14000,14000,14000,14000,0,0,0,0,0,0,0,0,0,0,0,0,0,0,0,0,0,0,0,0,0
"Pasar Baru","Gula Pasir",11000,11000,0,11000,0,0,11000,11000,11000,11000,0,0,0,0,0,0,0,0,0,0,0,0,0,0,0,0,0,0,0,0,0
"Pasar Baru",Kentang,12000,12000,0,12000,0,0,12000,12000,12000,12000,0,0,0,0,0,0,0,0,0,0,0,0,0,0,0,0,0,0,0,0,0
"Pasar Baru",Kedelai,12000,12000,0,12000,0,0,12000,12000,12000,12000,0,0,0,0,0,0,0,0,0,0,0,0,0,0,0,0,0,0,0,0,0
"Pasar Baru","Tepung Terigu",7000,7000,0,7000,0,0,7000,7000,7000,7000,0,0,0,0,0,0,0,0,0,0,0,0,0,0,0,0,0,0,0,0,0
"Pasar Baru","Bawang Putih",12000,12000,0,12000,0,0,12000,12000,12000,12000,0,0,0,0,0,0,0,0,0,0,0,0,0,0,0,0,0,0,0,0,0
"Pasar Baru","Cabe Keriting",20000,20000,0,20000,0,0,20000,20000,20000,20000,0,0,0,0,0,0,0,0,0,0,0,0,0,0,0,0,0,0,0,0,0
"Pasar Baru","Cabe Rawit",35000,35000,0,35000,0,0,35000,35000,35000,35000,0,0,0,0,0,0,0,0,0,0,0,0,0,0,0,0,0,0,0,0,0
"Pasar Baru","Kacang Tanah",20000,20000,0,20000,0,0,20000,20000,20000,20000,0,0,0,0,0,0,0,0,0,0,0,0,0,0,0,0,0,0,0,0,0
"Pasar Baru","Ubi Kayu",3000,3000,0,3000,0,0,3000,3000,3000,3000,0,0,0,0,0,0,0,0,0,0,0,0,0,0,0,0,0,0,0,0,0
"Pasar Baru","Ubi Jalar",0,0,0,0,0,0,0,0,0,0,0,0,0,0,0,0,0,0,0,0,0,0,0,0,0,0,0,0,0,0,0
"Pasar Baru",Jagung,7000,7000,0,7000,0,0,7000,7000,7000,7000,0,0,0,0,0,0,0,0,0,0,0,0,0,0,0,0,0,0,0,0,0
"Pasar Baru","Ikan Olahan",50000,50000,0,50000,0,0,50000,50000,50000,50000,0,0,0,0,0,0,0,0,0,0,0,0,0,0,0,0,0,0,0,0,0
"Pasar Baru","Beras Premium",0,0,0,0,0,0,0,0,0,0,0,0,0,0,0,0,0,0,0,0,0,0,0,0,0,0,0,0,0,0,0
"Pasar Baru","Minyak Goreng Curah",11500,11500,0,11500,0,0,11500,11500,11500,11500,0,0,0,0,0,0,0,0,0,0,0,0,0,0,0,0,0,0,0,0,0
"Pasar Baru","Daging Ayam Kampung",0,0,0,0,0,0,0,0,0,0,0,0,0,0,0,0,0,0,0,0,0,0,0,0,0,0,0,0,0,0,0
"Pasar Baru","Telur Ayam Kampung",45000,45000,0,45000,0,0,45000,45000,45000,45000,0,0,0,0,0,0,0,0,0,0,0,0,0,0,0,0,0,0,0,0,0
"Pasar Baru","Susu Kental Manis Merk Bendera",11000,11000,0,11000,0,0,11000,11000,11000,11000,0,0,0,0,0,0,0,0,0,0,0,0,0,0,0,0,0,0,0,0,0
"Pasar Baru","Susu Kental Manis Merk Indomilk",0,0,0,0,0,0,0,0,0,0,0,0,0,0,0,0,0,0,0,0,0,0,0,0,0,0,0,0,0,0,0
"Pasar Baru","Garam Beryodium Bata",1000,1000,0,1000,0,0,1000,1000,1000,1000,0,0,0,0,0,0,0,0,0,0,0,0,0,0,0,0,0,0,0,0,0
"Pasar Baru","Garam Beryodium Halus",3500,3500,0,3500,0,0,3500,3500,3500,3500,0,0,0,0,0,0,0,0,0,0,0,0,0,0,0,0,0,0,0,0,0
"Pasar Baru","Tepung Terigu Cakra Kembar",7200,7200,0,7200,0,0,7200,7200,7200,7200,0,0,0,0,0,0,0,0,0,0,0,0,0,0,0,0,0,0,0,0,0
"Pasar Baru","Tepung Terigu Kunci",8200,8200,0,8200,0,0,8200,8200,8200,8200,0,0,0,0,0,0,0,0,0,0,0,0,0,0,0,0,0,0,0,0,0
"Pasar Baru","Mie Instan",0,0,0,0,0,0,0,0,0,0,0,0,0,0,0,0,0,0,0,0,0,0,0,0,0,0,0,0,0,0,0
"Pasar Baru","Cabe Rawit Hijau",30000,30000,0,30000,0,0,30000,30000,30000,30000,0,0,0,0,0,0,0,0,0,0,0,0,0,0,0,0,0,0,0,0,0
"Pasar Baru","Kacang Hijau",0,0,0,0,0,0,0,0,0,0,0,0,0,0,0,0,0,0,0,0,0,0,0,0,0,0,0,0,0,0,0
"Pasar Baru","Susu Bubuk Dancow",0,0,0,0,0,0,0,0,0,0,0,0,0,0,0,0,0,0,0,0,0,0,0,0,0,0,0,0,0,0,0
"Pasar Baru","Susu Bubuk Indomilk",0,0,0,0,0,0,0,0,0,0,0,0,0,0,0,0,0,0,0,0,0,0,0,0,0,0,0,0,0,0,0
"Pasar Baru","Ikan Kembung",0,0,0,0,0,0,0,0,0,0,0,0,0,0,0,0,0,0,0,0,0,0,0,0,0,0,0,0,0,0,0
