nama_kecamatan,iud_sisa_bulan_lalu,kondom_sisa_bulan_lalu,implant_sisa_bulan_lalu,suntikan_sisa_bulan_lalu,pil_sisa_bulan_lalu,iud_diterima_bulan_ini,kondom_diterima_bulan_ini,implant_diterima_bulan_ini,suntikan_diterima_bulan_ini,pil_keluar_bulan_ini,iud_keluar_bulan_ini,kondom_keluar_bulan_ini,implant_keluar_bulan_ini,suntikan_keluar_bulan_ini,pil_diterima_bulan_ini,iud_sisa_akhir_bulan_ini,kondom_sisa_akhir_bulan_ini,implant_sisa_akhir_bulan_ini,suntikan_sisa_akhir_bulan_ini,pil_sisa_akhir_bulan_ini
Sukasari,22,20,53,0,326,55,180,30,400,300,10,15,10,146,51,67,185,73,254,575
Coblong,136,92,27,0,232,0,56,0,800,300,20,8,4,186,63,116,140,23,614,469
Babakan Ciparay,112,47,11,21,115,25,144,10,260,248,40,33,11,36,95,97,158,10,245,268
Bojongloa Kaler,47,37,8,0,3,50,120,30,400,400,26,17,0,133,107,71,140,38,267,296
Andir,133,83,9,184,271,25,96,20,400,0,9,8,0,68,7,149,171,29,516,264
Cicendo,9,360,0,5,228,30,0,0,20,0,11,23,0,17,6,28,337,0,8,222
Sukajadi,29,17,1,0,28,150,120,46,444,300,157,64,17,398,292,22,73,30,46,36
Cidadap,108,5,0,99,165,50,144,30,160,200,8,2,0,111,13,150,147,30,148,352
Bandung Wetan,57,109,22,17,444,0,144,20,160,0,14,19,3,73,9,43,234,39,104,435
Astana Anyar,64,186,9,75,442,100,216,10,600,550,31,36,4,251,170,133,366,15,424,822
Regol,65,52,0,88,275,100,192,20,579,200,29,7,0,430,51,136,237,20,237,424
Batununggal,110,72,16,18,228,0,144,0,600,0,40,14,0,164,36,70,202,16,454,192
Lengkong,75,99,20,92,410,0,60,10,622,0,13,30,2,300,43,62,129,28,414,367
Cibeunying Kidul,0,57,10,0,92,65,56,0,400,0,13,31,0,110,21,52,82,10,290,71
Bandung Kulon,36,3,4,80,283,50,120,10,300,300,10,24,3,130,59,76,99,11,250,524
Kiaracondong,110,23,8,0,80,0,96,20,200,200,2,11,0,52,124,108,108,28,148,156
Bojongloa Kidul,0,4,0,44,6,0,0,0,0,0,0,0,0,14,0,0,4,0,30,6
Cibeunying Kaler,25,0,10,0,178,25,48,10,100,0,2,0,0,20,100,48,48,20,80,78
Sumur Bandung,14,0,0,0,184,0,48,0,100,0,2,1,0,0,0,12,47,0,100,184
Antapani,48,12,11,38,3,0,132,0,220,400,2,4,0,79,24,46,140,11,179,379
Bandung Kidul,41,26,11,0,130,25,48,10,200,200,5,9,1,118,76,61,65,20,82,254
Buahbatu,79,24,21,12,58,0,48,10,383,200,6,21,3,239,63,73,51,28,156,195
Rancasari,16,21,19,0,43,0,0,0,0,0,2,3,0,0,30,14,18,19,0,13
Arcamanik,46,46,4,0,116,0,96,0,400,200,13,48,0,35,105,33,94,4,365,211
Cibiru,90,33,5,0,44,0,144,2,600,0,29,13,2,181,20,61,164,5,419,24
Ujung Berung,0,0,0,0,7,1,2,0,80,0,1,2,0,32,0,0,0,0,48,7
Gedebage,90,53,47,35,447,0,96,10,200,100,24,52,0,103,106,66,97,57,132,441
Panyileukan,37,14,16,0,10,0,96,0,228,100,2,14,0,131,105,35,96,16,97,5
Cinambo,123,60,39,141,290,100,96,0,40,0,101,2,0,9,8,122,154,39,172,282
Mandalajati,27,41,12,0,131,0,48,0,160,200,0,12,0,21,52,27,77,12,139,279
