nama_kecamatan,iud_sisa_bulan_lalu,kondom_sisa_bulan_lalu,implant_sisa_bulan_lalu,suntikan_sisa_bulan_lalu,pil_sisa_bulan_lalu,iud_diterima_bulan_ini,kondom_diterima_bulan_ini,implant_diterima_bulan_ini,suntikan_diterima_bulan_ini,pil_keluar_bulan_ini,iud_keluar_bulan_ini,kondom_keluar_bulan_ini,implant_keluar_bulan_ini,suntikan_keluar_bulan_ini,pil_diterima_bulan_ini,iud_sisa_akhir_bulan_ini,kondom_sisa_akhir_bulan_ini,implant_sisa_akhir_bulan_ini,suntikan_sisa_akhir_bulan_ini,pil_sisa_akhir_bulan_ini
Sukasari,129,24,31,416,863,0,0,10,700,300,6,6,2,252,115,123,18,39,864,1048
Coblong,124,72,53,210,1412,0,0,0,400,100,10,15,5,176,23,114,57,48,434,1489
Babakan Ciparay,95,12,18,479,762,0,0,0,0,0,2,2,1,97,19,93,10,17,382,743
Bojongloa Kaler,91,82,107,178,472,0,10,0,300,200,1,11,0,115,156,90,81,107,363,516
Andir,118,460,17,382,1487,0,0,0,400,300,5,10,2,87,2,113,450,15,695,1785
Cicendo,81,44,12,496,616,20,0,0,0,0,9,29,0,56,13,92,15,12,440,603
Sukajadi,14,30,0,48,175,139,0,0,503,300,146,19,0,497,235,7,11,0,54,240
Cidadap,94,32,30,621,1492,0,0,0,200,0,19,11,0,137,20,75,21,30,684,1472
Bandung Wetan,97,46,29,738,1410,0,0,10,0,0,5,8,0,59,10,92,38,39,679,1400
Astana Anyar,193,34,13,655,777,0,0,0,0,0,106,2,3,162,49,87,32,10,493,728
Regol,227,154,31,1430,1397,0,0,0,0,200,64,18,0,53,60,163,136,31,1377,1537
Batununggal,108,71,23,532,1231,0,0,0,500,100,20,5,1,142,62,88,66,22,890,1269
Lengkong,158,65,32,415,1415,0,0,0,0,0,3,6,1,87,31,155,59,31,328,1384
Cibeunying Kidul,69,20,16,261,1055,0,0,0,300,100,4,5,0,86,46,65,15,16,475,1109
Bandung Kulon,97,15,22,532,1491,0,30,0,0,0,11,19,0,132,18,86,26,22,400,1473
Kiaracondong,81,27,3,315,666,0,0,15,200,206,7,3,0,83,21,74,24,18,432,851
Bojongloa Kidul,38,7,17,548,570,0,0,10,0,0,2,3,0,12,2,36,4,27,536,568
Cibeunying Kaler,91,14,19,164,274,0,0,11,400,400,8,14,1,42,130,83,0,29,522,544
Sumur Bandung,0,0,0,0,0,0,0,0,0,0,0,0,0,0,0,0,0,0,0,0
Antapani,131,87,29,202,1605,0,0,0,400,100,3,0,0,88,96,128,87,29,514,1609
Bandung Kidul,147,25,26,410,896,0,0,0,0,0,6,10,1,27,32,141,15,25,383,864
Buahbatu,67,12,22,241,737,0,0,0,300,200,6,6,1,145,26,61,6,21,396,911
Rancasari,69,185,34,260,402,0,0,0,0,0,15,4,0,202,112,54,181,34,58,290
Arcamanik,151,173,8,126,365,0,0,0,200,100,7,0,0,83,100,144,173,8,243,365
Cibiru,79,77,20,242,277,0,100,0,600,500,1,2,0,110,171,78,175,20,732,606
Ujung Berung,6,1,9,372,119,0,0,0,0,180,5,0,0,46,37,1,1,9,326,262
Gedebage,33,28,0,298,944,0,0,0,0,0,1,2,0,43,52,32,26,0,255,892
Panyileukan,75,9,131,150,134,0,24,100,200,100,6,12,21,68,52,69,21,210,282,182
Cinambo,100,102,59,347,731,0,0,0,200,0,34,2,1,17,0,66,100,58,530,731
Mandalajati,178,145,,,,,,,,,,,,,,,,,,