nama_kecamatan,jumlah_pus,jml_pus_kps_ksi,persentase_pus_kps_ks1,jml_pus_jkn_penerima_bantuan,persentase_pus_jkn_terima_bantuan,jml_pus_jkn_bukan_penerima_bantuan,persentase_pus_jkn_bukan_penerima_bantuan,jml_pus_jkn,persentase_pus_jkn
Sukasari,9240,3500,37.88,0,0,0,0,0,0
Coblong,17159,6869,40.03,319,1.86,281,1.64,600,3.5
Babakan Ciparay,22885,4821,21.07,4643,20.29,140,0.61,4783,20.9
Bojongloa Kaler,18326,4729,25.8,7859,42.88,9954,54.32,17813,97.2
Andir,14148,378,2.67,0,0,0,0,0,0
Cicendo,14687,9388,63.92,0,0,0,0,0,0
Sukajadi,17665,14297,80.93,0,0,0,0,0,0
Cidadap,8441,4287,50.79,4287,50.79,4154,49.21,8441,100
Bandung Wetan,5242,3928,74.93,0,0,0,0,0,0
Astana Anyar,10311,3711,35.99,1625,15.76,2493,24.18,4118,39.94
Regol,12898,3642,28.24,3583,27.78,9099,70.55,12682,98.33
Batununggal,18913,9305,49.2,0,0,0,0,0,0
Lengkong,7548,3155,41.8,499,6.61,6749,89.41,7248,96.03
Cibeunying Kidul,17520,9080,51.83,9069,51.76,7168,40.91,16237,92.68
Bandung Kulon,19543,9716,49.72,4512,23.09,5131,26.25,9643,49.34
Kiaracondong,20413,6224,30.49,0,0,0,0,0,0
Bojongloa Kidul,12904,6998,54.23,2228,17.27,7756,60.11,9984,77.37
Cibeunying Kaler,9682,2896,29.91,2801,28.93,4033,41.65,6834,70.58
Sumur Bandung,3368,1162,34.5,0,0,0,0,0,0
Antapani,10816,1353,12.51,1353,12.51,9463,87.49,10816,100
Bandung Kidul,9311,4039,43.38,3985,42.8,5326,57.2,9311,100
Buahbatu,13423,2635,19.63,1458,10.86,4250,31.66,5708,42.52
Rancasari,11122,3420,30.75,1516,13.63,1904,17.12,3420,30.75
Arcamanik,9978,2520,25.26,2208,22.13,5975,59.88,8183,82.01
Cibiru,11490,5002,43.53,1955,17.01,2541,22.11,4496,39.13
Ujung Berung,23179,19337,83.42,5473,23.61,6136,26.47,11609,50.08
Gedebage,10813,3654,33.79,1110,10.27,2954,27.32,4064,37.58
Panyileukan,6142,1532,24.94,872,14.2,603,9.82,1475,24.01
Cinambo,4945,1498,30.29,777,15.71,1511,30.56,2288,46.27
Mandalajati,12433,5181,41.67,3432,27.6,2489,20.02,5921,47.62