nama_kecamatan,iud_sisa_bulan_lalu,kondom_sisa_bulan_lalu,implant_sisa_bulan_lalu,suntikan_sisa_bulan_lalu,pil_sisa_bulan_lalu,iud_diterima_bulan_ini,kondom_diterima_bulan_ini,implant_diterima_bulan_ini,suntikan_diterima_bulan_ini,pil_keluar_bulan_ini,iud_keluar_bulan_ini,kondom_keluar_bulan_ini,implant_keluar_bulan_ini,suntikan_keluar_bulan_ini,pil_diterima_bulan_ini,iud_sisa_akhir_bulan_ini,kondom_sisa_akhir_bulan_ini,implant_sisa_akhir_bulan_ini,suntikan_sisa_akhir_bulan_ini,pil_sisa_akhir_bulan_ini
Sukasari,120,16,37,656,817,0,0,0,20,0,8,0,0,208,119,112,16,37,468,698
Coblong,107,39,48,715,1567,10,0,5,0,0,16,7,6,174,29,101,32,47,541,1538
Babakan Ciparay,84,4,9,348,646,0,0,0,0,0,32,1,7,133,70,52,3,2,215,576
Bojongloa Kaler,76,323,105,230,574,0,288,0,200,200,25,16,0,170,61,51,595,105,260,713
Andir,101,438,13,584,1781,0,0,0,0,0,4,30,1,102,41,97,408,12,482,1740
Cicendo,84,3,12,396,584,0,5,0,0,0,8,7,0,48,19,76,1,12,348,565
Sukajadi,15,22,0,19,52,164,72,0,358,300,121,45,0,370,265,58,49,0,7,87
Cidadap,75,21,30,585,1472,0,0,0,0,0,6,6,2,127,23,69,15,28,458,1449
Bandung Wetan,27,27,28,371,998,0,0,0,0,0,1,5,0,47,14,26,22,28,324,984
Astana Anyar,80,98,14,657,764,0,1,0,10,0,4,8,3,88,38,76,91,11,579,726
Regol,101,114,31,1300,1579,14,0,0,0,0,20,0,0,78,20,95,114,31,1222,1559
Batununggal,81,64,22,804,1214,65,0,14,0,0,53,2,14,159,48,93,62,22,645,1166
Lengkong,155,29,27,670,1360,0,0,0,0,0,1,2,0,105,30,154,27,27,565,1330
Cibeunying Kidul,56,14,10,342,1103,0,0,0,0,0,10,0,0,55,26,46,14,10,287,1077
Bandung Kulon,82,20,17,362,1446,0,0,0,0,0,6,12,1,82,31,76,8,16,280,1415
Kiaracondong,69,18,17,330,840,0,0,0,0,0,8,4,1,81,28,61,14,16,249,812
Bojongloa Kidul,32,4,27,529,564,0,0,0,0,0,3,2,0,13,4,29,2,27,516,560
Cibeunying Kaler,77,0,23,481,408,0,0,0,0,0,4,0,0,28,12,73,0,23,453,396
Sumur Bandung,23,2,0,264,270,0,0,0,100,100,5,0,0,40,30,18,2,0,324,340
Antapani,125,79,13,389,1533,0,0,0,0,0,2,9,0,112,76,123,70,13,277,1457
Bandung Kidul,70,10,14,629,1111,0,0,0,0,0,13,6,1,76,62,57,4,13,553,1049
Buahbatu,55,4,17,214,830,20,0,5,0,0,26,1,8,97,23,49,3,14,117,807
Rancasari,24,138,34,362,563,0,0,0,0,0,2,14,0,173,80,22,124,34,189,483
Arcamanik,141,124,8,161,353,0,0,0,120,0,8,11,1,90,53,133,113,7,191,300
Cibiru,76,114,29,679,656,0,0,0,0,0,3,74,1,106,197,73,40,28,573,459
Ujung Berung,0,0,7,289,336,18,0,0,0,0,18,0,0,42,10,0,0,7,247,326
Gedebage,55,31,8,236,762,25,0,0,100,100,3,11,8,35,49,77,20,0,301,813
Panyileukan,64,27,6,220,127,0,0,0,0,0,4,5,0,82,3,60,22,6,138,124
Cinambo,44,98,58,503,722,41,0,11,0,0,62,12,12,13,8,23,86,57,490,714
Mandalajati,181,122,28,796,1409,0,0,10,0,0,0,0,3,82,7,181,122,35,714,1402