Nama Kecamatan;A;B;AB;O;A+;A-;B+;B-;AB+;AB-;O+;O-;Tidak Tahu
 SUKASARI; 19.214 ; 9.548 ; 5.772 ; 13.692 ; 37 ; 5 ; 28 ; 5 ; 40 ; 8 ; 37 ; 16 ; 35.024 
 COBLONG; 36.320 ; 16.512 ; 12.659 ; 24.823 ; 43 ; 1 ; 33 ; 4 ; 79 ; 25 ; 41 ; 163 ; 42.505 
 BABAKAN CIPARAY; 25.333 ; 4.274 ; 3.139 ; 7.814 ; 45 ; 3 ; 14 ; 1 ; 14 ; 26 ; 17 ; 72 ; 91.538 
 BOJONGLOA KALER; 8.291 ; 7.265 ; 6.454 ; 12.828 ; 33 ; 4 ; 20 ; 2 ; 25 ; 21 ; 16 ; 32 ; 89.819 
 ANDIR; 25.841 ; 8.692 ; 6.327 ; 14.600 ; 37 ; 5 ; 19 ; 6 ; 9 ; 10 ; 8 ; 23 ; 64.097 
 CICENDO; 21.557 ; 9.100 ; 5.273 ; 14.706 ; 53 ; 8 ; 40 ; 12 ; 33 ; 33 ; 47 ; 107 ; 60.788 
 SUKAJADI; 28.332 ; 9.815 ; 6.156 ; 14.820 ; 59 ; 6 ; 50 ; 9 ; 63 ; 42 ; 32 ; 204 ; 47.491 
 CIDADAP; 16.347 ; 3.930 ; 2.776 ; 6.739 ; 13 ; 1 ; 19 ; 4 ; 17 ; 20 ; 13 ; 20 ; 26.070 
 BANDUNG WETAN; 11.702 ; 3.907 ; 3.476 ; 4.870 ; 27 ; - ; 22 ; 2 ; 36 ; 7 ; 26 ; 10 ; 14.623 
 ASTANA ANYAR; 11.309 ; 7.537 ; 4.617 ; 13.868 ; 57 ; 2 ; 28 ; 6 ; 25 ; 30 ; 33 ; 13 ; 45.359 
 REGOL; 29.939 ; 11.593 ; 9.156 ; 15.995 ; 33 ; - ; 21 ; 12 ; 24 ; 12 ; 10 ; 153 ; 44.263 
 BATUNUNGGAL; 40.778 ; 11.194 ; 9.148 ; 16.342 ; 131 ; 4 ; 11 ; 7 ; 88 ; 29 ; 28 ; 41 ; 53.099 
 LENGKONG; 24.709 ; 11.906 ; 7.244 ; 16.614 ; 83 ; 2 ; 52 ; 22 ; 32 ; 27 ; 41 ; 16 ; 31.307 
 CIBEUNYING KIDUL; 29.698 ; 11.245 ; 7.159 ; 16.659 ; 46 ; 4 ; 27 ; 11 ; 19 ; 25 ; 22 ; 118 ; 55.497 
 BANDUNG KULON; 16.685 ; 9.121 ; 5.014 ; 16.195 ; 61 ; 6 ; 32 ; 4 ; 32 ; 28 ; 46 ; 27 ; 90.678 
 KIARACONDONG; 31.522 ; 14.326 ; 9.559 ; 22.126 ; 30 ; 5 ; 28 ; 8 ; 21 ; 51 ; 13 ; 87 ; 54.821 
 BOJONGLOA KIDUL; 15.524 ; 5.059 ; 3.575 ; 8.495 ; 41 ; 4 ; 14 ; 10 ; 31 ; 22 ; 41 ; 62 ; 54.470 
 CIBEUNYING KALER; 17.748 ; 9.761 ; 5.874 ; 13.729 ; 27 ; 3 ; 19 ; 10 ; 8 ; 17 ; 6 ; 15 ; 28.381 
 SUMUR BANDUNG; 7.455 ; 3.128 ; 2.060 ; 5.230 ; 20 ; - ; 8 ; - ; 3 ; 5 ; 8 ; 16 ; 26.084 
 ANTAPANI; 23.399 ; 11.914 ; 7.516 ; 15.269 ; 78 ; 4 ; 74 ; 23 ; 88 ; 27 ; 77 ; 52 ; 18.418 
 BANDUNG KIDUL; 10.690 ; 5.576 ; 3.155 ; 9.507 ; 20 ; 4 ; 14 ; 2 ; 19 ; 7 ; 23 ; 24 ; 30.549 
 BUAH BATU; 26.185 ; 12.830 ; 8.281 ; 17.904 ; 62 ; 5 ; 22 ; 8 ; 132 ; 14 ; 15 ; 23 ; 47.578 
 RANCASARI; 27.358 ; 11.014 ; 6.929 ; 14.916 ; 53 ; 6 ; 84 ; 14 ; 125 ; 37 ; 38 ; 17 ; 32.353 
 ARCAMANIK; 18.385 ; 9.181 ; 5.708 ; 13.396 ; 36 ; 4 ; 30 ; 5 ; 33 ; 18 ; 24 ; 33 ; 26.872 
 CIBIRU; 22.197 ; 4.361 ; 4.095 ; 5.899 ; 22 ; - ; 12 ; 6 ; 13 ; 13 ; 9 ; 16 ; 50.927 
 UJUNGBERUNG; 19.873 ; 7.635 ; 5.170 ; 12.492 ; 39 ; 7 ; 38 ; 13 ; 32 ; 14 ; 45 ; 36 ; 40.551 
 GEDEBAGE; 7.594 ; 4.520 ; 2.485 ; 6.497 ; 15 ; 1 ; 20 ; 5 ; 19 ; 32 ; 20 ; 18 ; 20.590 
 PANYILEUKAN; 6.167 ; 4.205 ; 2.393 ; 5.977 ; 22 ; 4 ; 10 ; 6 ; 7 ; 5 ; 19 ; 29 ; 21.147 
 CINAMBO; 3.819 ; 1.731 ; 1.296 ; 2.939 ; 5 ; - ; 4 ; 1 ; 6 ; 3 ; 1 ; 11 ; 16.584 
 MANDALAJATI; 15.380 ; 5.729 ; 3.575 ; 8.224 ; 17 ; 2 ; 23 ; 4 ; 175 ; 10 ; 6 ; 30 ; 40.356 
