lokasi,nama_komoditas,2017-11-01,2017-11-02,2017-11-03,2017-11-04,2017-11-05,2017-11-06,2017-11-07,2017-11-08,2017-11-09,2017-11-10,2017-11-11,2017-11-12,2017-11-13,2017-11-14,2017-11-15,2017-11-16,2017-11-17,2017-11-18,2017-11-19,2017-11-20,2017-11-21,2017-11-22,2017-11-23,2017-11-24,2017-11-25,2017-11-26,2017-11-27,2017-11-28,2017-11-29,2017-11-30
"Pasar Andir","Beras Medium",10000,10000,10000,0,0,10000,0,10000,10000,10000,0,0,10000,10000,10000,10000,10000,0,0,10000,10000,10000,0,10000,0,0,10000,0,10000,10000
"Pasar Andir","Cabe Merah",35000,35000,35000,0,0,35000,0,35000,35000,35000,0,0,35000,35000,35000,35000,35000,0,0,45000,45000,45000,0,45000,0,0,45000,0,45000,45000
"Pasar Andir","Bawang Merah",20000,20000,20000,0,0,20000,0,20000,20000,20000,0,0,20000,20000,20000,20000,20000,0,0,20000,20000,20000,0,20000,0,0,20000,0,20000,20000
"Pasar Andir","Daging Ayam Ras",30000,30000,30000,0,0,31000,0,31000,31000,31000,0,0,31000,31000,31000,31000,31000,0,0,32000,32000,32000,0,32000,0,0,32000,0,32000,32000
"Pasar Andir","Telur Ayam Ras",20000,20000,20000,0,0,20000,0,20000,20000,20000,0,0,20000,20000,20000,20000,20000,0,0,21000,21000,21000,0,21000,0,0,21000,0,23000,23000
"Pasar Andir","Daging Sapi",120000,120000,120000,0,0,120000,0,120000,120000,120000,0,0,120000,120000,120000,120000,120000,0,0,120000,120000,120000,0,120000,0,0,120000,0,120000,120000
"Pasar Andir","Minyak Goreng",14500,14500,14500,0,0,14500,0,14500,14500,14500,0,0,14500,14500,14500,14500,14500,0,0,14500,14500,14500,0,14500,0,0,14500,0,14500,14500
"Pasar Andir","Gula Pasir",15000,15000,15000,0,0,15000,0,15000,15000,15000,0,0,15000,15000,15000,15000,15000,0,0,15000,15000,15000,0,15000,0,0,15000,0,15000,15000
"Pasar Andir",Kentang,14000,14000,14000,0,0,14000,0,14000,14000,14000,0,0,14000,14000,14000,14000,14000,0,0,14000,14000,14000,0,14000,0,0,14000,0,14000,14000
"Pasar Andir",Kedelai,11000,11000,11000,0,0,11000,0,11000,11000,11000,0,0,11000,11000,11000,11000,11000,0,0,11000,11000,11000,0,11000,0,0,11000,0,11000,11000
"Pasar Andir","Tepung Terigu",7500,7500,7500,0,0,7500,0,7500,7500,7500,0,0,7500,7500,7500,7500,7500,0,0,7500,7500,7500,0,7500,0,0,7500,0,7500,7500
"Pasar Andir","Bawang Putih",25000,25000,25000,0,0,25000,0,25000,25000,25000,0,0,25000,25000,25000,25000,25000,0,0,25000,25000,25000,0,25000,0,0,25000,0,25000,25000
"Pasar Andir","Cabe Keriting",28000,28000,28000,0,0,30000,0,30000,30000,30000,0,0,35000,35000,35000,35000,35000,0,0,35000,35000,35000,0,35000,0,0,35000,0,35000,35000
"Pasar Andir","Cabe Rawit",20000,20000,20000,0,0,20000,0,20000,20000,20000,0,0,20000,20000,20000,20000,20000,0,0,20000,20000,20000,0,20000,0,0,20000,0,20000,20000
"Pasar Andir","Kacang Tanah",25000,25000,25000,0,0,27000,0,27000,27000,27000,0,0,27000,27000,27000,27000,27000,0,0,27000,27000,27000,0,27000,0,0,27000,0,27000,27000
"Pasar Andir","Ubi Kayu",3000,3000,3000,0,0,3000,0,3000,3000,3000,0,0,3000,3000,3000,3000,3000,0,0,3000,3000,3000,0,3000,0,0,3000,0,3000,3000
"Pasar Andir","Ubi Jalar",0,0,0,0,0,0,0,0,0,0,0,0,0,0,0,0,0,0,0,0,0,0,0,0,0,0,0,0,0,0
"Pasar Andir",Jagung,9000,9000,9000,0,0,9000,0,9000,9000,9000,0,0,9000,9000,9000,9000,9000,0,0,9000,9000,9000,0,9000,0,0,9000,0,9000,9000
"Pasar Andir","Ikan Olahan",70000,70000,70000,0,0,70000,0,70000,70000,70000,0,0,70000,70000,70000,70000,70000,0,0,70000,70000,70000,0,70000,0,0,0,0,70000,70000
"Pasar Andir","Beras Premium",0,0,0,0,0,0,0,0,0,0,0,0,0,0,0,0,0,0,0,0,0,0,0,0,0,0,0,0,0,0
"Pasar Andir","Minyak Goreng Curah",11500,11500,11500,0,0,11500,0,11500,11500,11500,0,0,11500,11500,11500,11500,11500,0,0,11500,11500,11500,0,11500,0,0,11500,0,11500,11500
"Pasar Andir","Daging Ayam Kampung",75000,75000,75000,0,0,75000,0,75000,75000,75000,0,0,75000,7500,7500,7500,7500,0,0,75000,75000,75000,0,75000,0,0,75000,0,75000,75000
"Pasar Andir","Telur Ayam Kampung",40000,40000,40000,0,0,40000,0,40000,40000,40000,0,0,40000,40000,40000,40000,40000,0,0,40000,40000,40000,0,40000,0,0,40000,0,40000,40000
"Pasar Andir","Susu Kental Manis Merk Bendera",9500,9500,9500,0,0,9500,0,9500,9500,9500,0,0,9500,9500,9500,9500,9500,0,0,9500,9500,9500,0,9500,0,0,9500,0,9500,9500
"Pasar Andir","Susu Kental Manis Merk Indomilk",9000,9000,9000,0,0,9000,0,9000,9000,9000,0,0,9000,9000,9000,9000,9000,0,0,9000,9000,9000,0,9000,0,0,9000,0,9000,9000
"Pasar Andir","Garam Beryodium Bata",2000,2000,2000,0,0,2000,0,2000,2000,2000,0,0,2000,2000,2000,0,0,0,0,0,2000,2000,0,0,0,0,2000,0,2000,2000
"Pasar Andir","Garam Beryodium Halus",8000,8000,8000,0,0,8000,0,8000,8000,8000,0,0,8000,8000,8000,8000,8000,0,0,8000,8000,8000,0,8000,0,0,8000,0,8000,8000
"Pasar Andir","Tepung Terigu Cakra Kembar",7500,7500,7500,0,0,7500,0,7500,7500,7500,0,0,7500,7500,7500,7500,7500,0,0,7500,7500,7500,0,7500,0,0,7500,0,7500,7500
"Pasar Andir","Tepung Terigu Kunci",7500,7000,7000,0,0,7000,0,7000,7000,7000,0,0,7000,7000,7000,7000,7000,0,0,7000,7000,7000,0,7000,0,0,7000,0,7000,7000
"Pasar Andir","Mie Instan",2000,2000,2000,0,0,2000,0,2000,2000,2000,0,0,2000,2000,2000,2000,2000,0,0,2000,2000,2000,0,2000,0,0,2000,0,2000,2000
"Pasar Andir","Cabe Rawit Hijau",20000,20000,20000,0,0,20000,0,20000,20000,20000,0,0,20000,20000,20000,20000,20000,0,0,20000,20000,20000,0,20000,0,0,20000,0,20000,20000
"Pasar Andir","Kacang Hijau",20000,20000,20000,0,0,20000,0,20000,20000,20000,0,0,20000,20000,20000,20000,20000,0,0,20000,20000,20000,0,20000,0,0,20000,0,20000,20000
"Pasar Andir","Susu Bubuk Dancow",35000,35000,35000,0,0,35000,0,35000,35000,35000,0,0,35000,35000,35000,35000,35000,0,0,35000,35000,35000,0,35000,0,0,35000,0,35000,35000
"Pasar Andir","Susu Bubuk Indomilk",32000,32000,32000,0,0,32000,0,32000,32000,32000,0,0,32000,32000,32000,32000,32000,0,0,32000,32000,32000,0,32000,0,0,32000,0,32000,32000
"Pasar Andir","Ikan Kembung",0,0,0,0,0,0,0,0,0,0,0,0,0,0,0,32000,32000,0,0,32000,0,0,0,32000,0,0,32000,0,35000,35000
