lokasi,nama_komoditas,2016-02-05,2016-02-12,2016-02-19,2016-02-26,2016-02-01,2016-02-02,2016-02-03,2016-02-09,2016-02-10,2016-02-11,2016-02-15,2016-02-16,2016-02-17,2016-02-18,2016-02-23,2016-02-24,2016-02-25,2016-02-29,2016-02-04,2016-02-06,2016-02-22
Pasar Sederhana,Beras Medium,10500,10500,0,0,0,0,10500,10500,10500,10500,10500,10500,10500,10500,10500,0,10500,10500,10500,0,10500
Pasar Sederhana,Cabe Merah,45000,55000,0,0,0,45000,50000,55000,55000,55000,60000,60000,60000,60000,50000,0,0,80000,50000,50000,50000
Pasar Sederhana,Bawang Merah,30000,30000,0,0,0,30000,30000,40000,30000,30000,30000,30000,30000,30000,30000,0,30000,44000,30000,30000,30000
Pasar Sederhana,Daging Ayam Ras,35000,34000,0,0,0,35000,35000,34000,34000,34000,34000,34000,34000,34000,34000,0,34000,30000,35000,0,34000
Pasar Sederhana,Telur Ayam Ras,25000,22000,0,0,0,25000,23000,23000,22000,22000,22000,22000,22000,22000,23000,0,23000,19000,23000,23000,23000
Pasar Sederhana,Daging Sapi,120000,120000,0,0,0,120000,120000,120000,120000,120000,120000,120000,120000,0,0,0,120000,115000,120000,0,120000
Pasar Sederhana,Minyak Goreng,14500,14500,0,0,0,14500,14500,14500,14500,14500,14500,14500,14500,14500,14500,0,14500,14500,14500,14500,14500
Pasar Sederhana,Gula Pasir,13500,13500,0,0,0,13500,13500,13500,13500,13500,13500,13500,13500,13500,13500,0,0,13000,13500,13500,13500
Pasar Sederhana,Kentang,15000,15000,0,0,0,15000,15000,12000,15000,15000,15000,0,15000,15000,15000,0,15000,12000,15000,15000,15000
Pasar Sederhana,Kedelai,12000,12000,0,0,0,12000,12000,12000,12000,12000,12000,12000,12000,12000,12000,0,12000,12000,12000,12000,12000
Pasar Sederhana,Tepung Terigu,7500,7500,0,0,0,7500,7500,7500,7500,7500,7500,7500,7500,7500,7500,0,7500,7500,7500,0,0
Pasar Sederhana,Bawang Putih,32000,32000,0,0,0,32000,30000,30000,32000,32000,32000,32000,32000,32000,30000,0,30000,40000,30000,30000,30000
Pasar Sederhana,Cabe Keriting,28000,28000,0,0,0,28000,28000,50000,28000,28000,28000,28000,28000,28000,28000,0,28000,50000,28000,28000,28000
Pasar Sederhana,Cabe Rawit,35000,30000,0,0,0,35000,30000,40000,30000,30000,30000,30000,30000,30000,0,0,30000,60000,30000,30000,30000
Pasar Sederhana,Kacang Tanah,26000,26000,0,0,0,26000,26000,26000,26000,26000,26000,26000,26000,26000,26000,0,0,26000,26000,26000,26000
Pasar Sederhana,Ubi Kayu,4000,4000,0,0,0,4000,4000,4000,4000,4000,4000,4000,4000,4000,4000,0,4000,4000,4000,4000,4000
Pasar Sederhana,Ubi Jalar,0,0,0,0,0,0,0,0,0,0,0,0,0,0,0,0,0,0,0,0,0
Pasar Sederhana,Jagung,7000,7000,0,0,0,7000,7000,7000,7000,7000,7000,7000,7000,7000,0,0,7000,7000,7000,7000,7000
Pasar Sederhana,Ikan Olahan,70000,70000,0,0,0,70000,70000,70000,70000,70000,70000,70000,70000,70000,70000,0,0,70000,70000,70000,70000
Pasar Sederhana,Beras Premium,0,0,0,0,0,0,0,0,0,0,0,0,0,0,0,0,0,0,0,0,0
Pasar Sederhana,Minyak Goreng Curah,11000,11000,0,0,0,11000,11000,11000,11000,11000,11000,11000,11000,11000,11000,0,11000,10000,11000,11000,11000
Pasar Sederhana,Daging Ayam Kampung,60000,60000,0,0,0,60000,60000,60000,60000,60000,60000,60000,60000,60000,60000,0,60000,60000,60000,0,60000
Pasar Sederhana,Telur Ayam Kampung,44000,44000,0,0,0,44000,44000,44000,44000,44000,44000,44000,44000,44000,44000,0,44000,44000,44000,44000,44000
Pasar Sederhana,Susu Kental Manis Merk Bendera,10000,10000,0,0,0,10000,10000,10000,10000,10000,10000,10000,10000,10000,10000,0,10000,10000,10000,10000,10000
Pasar Sederhana,Susu Kental Manis Merk Indomilk,9500,9500,0,0,0,9500,9500,9500,9500,9500,9500,9500,9500,9500,9500,0,9500,9500,9500,0,9500
Pasar Sederhana,Garam Beryodium Bata,1000,1000,0,0,0,1000,1500,1500,1000,1000,1500,1500,1500,1500,1500,0,1500,1500,1500,1500,1500
Pasar Sederhana,Garam Beryodium Halus,4000,4000,0,0,0,4000,6000,6000,4000,4000,6000,6000,6000,6000,6000,0,6000,6000,6000,6000,6000
Pasar Sederhana,Tepung Terigu Cakra Kembar,8500,8500,0,0,0,8500,8500,8500,8500,8500,8500,8500,8500,8500,8500,0,8500,8500,8500,8500,8500
Pasar Sederhana,Tepung Terigu Kunci,7500,7500,0,0,0,7500,7500,7500,7500,7500,7500,7500,7500,7500,7500,0,7500,7500,7500,7500,7500
Pasar Sederhana,Mie Instan,2000,2000,0,0,0,2000,2000,2000,0,2000,2000,2000,0,2000,2000,0,2000,2000,2000,2000,2000
Pasar Sederhana,Cabe Rawit Hijau,25000,25000,0,0,0,25000,30000,40000,25000,25000,25000,25000,25000,25000,30000,0,30000,50000,30000,30000,30000
Pasar Sederhana,Kacang Hijau,0,22000,0,0,0,22000,22000,22000,22000,22000,22000,22000,22000,22000,22000,0,22000,22000,22000,22000,22000
Pasar Sederhana,Susu Bubuk Dancow,38300,38300,0,0,0,38300,38300,38300,38300,38300,38300,38300,38300,38300,38300,0,38300,38300,38300,38300,38300
Pasar Sederhana,Susu Bubuk Indomilk,36500,36500,0,0,0,36500,36500,36500,36500,36500,36500,36500,36500,36500,36500,0,36500,36500,36500,0,36500
Pasar Sederhana,Ikan Kembung,32000,32000,0,0,0,32000,32000,32000,32000,32000,32000,32000,32000,32000,32000,0,32000,32000,32000,32000,32000
