nama_kecamatan,jumlah_pengguna_IUD,persentase_pengguna_IUD,jumlah_pengguna_MOW,persentase_pengguna_MOW,jumlah_pengguna_MOP,persentase_pengguna_MOP,jumlah_pengguna_kondom,persentase_pengguna_kondom,jumlah_pengguna_implan,persentase_pengguna_implan,jumlah_pengguna_suntikan,persentase_pengguna_suntikan,jumlah_pengguna_pil,persentase_pengguna_pil,jumlah_peserta_kb_aktif
Sukasari ,2144,32.34,191,2.88,14,0.21,128,1.93,104,1.57,2696,40.66,1353,20.41,6630
Coblong ,4590,35.67,1217,9.46,23,0.18,680,5.28,302,2.35,4609,35.82,1447,11.24,12868
Babakan Ciparay ,3526,19.29,250,1.37,33,0.18,102,0.56,254,1.39,11405,62.38,2712,14.83,18282
Bojongloa Kaler ,5636,40.81,449,3.25,61,0.44,225,1.63,201,1.46,4346,31.47,2891,20.94,13809
Andir ,2762,2.59,907,0.85,21,0.02,80269,75.41,299,0.28,4716,4.43,17465,16.41,106439
Cicendo ,2812,27.61,527,5.17,5,0.05,228,2.24,222,2.18,4343,42.65,2047,20.1,10184
Sukajadi ,3302,26.6,1813,14.6,19,0.15,538,4.33,199,1.6,4017,32.36,2526,20.35,12414
Cidadap ,1477,21.04,301,4.29,7,0.1,143,2.04,592,8.43,3468,49.41,1031,14.69,7019
Bandung Wetan ,1725,46.42,459,12.35,73,1.96,87,2.34,126,3.39,783,21.07,463,12.46,3716
Astana Anyar ,2567,35.3,275,3.78,42,0.58,89,1.22,230,3.16,3186,43.82,882,12.13,7271
Regol ,4665,50.49,391,4.23,48,0.52,304,3.29,172,1.86,3037,32.87,622,6.73,9239
Batununggal ,3863,30.02,278,2.16,19,0.15,210,1.63,115,0.89,6367,49.48,2016,15.67,12868
Lengkong ,2207,41.55,218,4.1,3,0.06,203,3.82,203,3.82,1908,35.92,570,10.73,5312
Cibeunying Kidul ,4297,31.84,1144,8.48,1,0.01,291,2.16,326,2.42,5875,43.53,1563,11.58,13497
Bandung Kulon ,5483,49.59,318,2.88,10,0.09,221,2,451,4.08,2817,25.48,1757,15.89,11057
Kiaracondong ,4207,29.28,247,1.72,17,0.12,446,3.1,206,1.43,6779,47.18,2467,17.17,14369
Bojongloa Kidul ,2376,24.09,150,1.52,12,0.12,90,0.91,245,2.48,6169,62.55,821,8.32,9863
Cibeunying Kaler ,2610,37.44,302,4.33,27,0.39,124,1.78,59,0.85,2537,36.39,1312,18.82,6971
Sumur Bandung ,901,35.7,103,4.08,3,0.12,146,5.78,93,3.68,881,34.9,397,15.73,2524
Antapani ,3008,37.82,176,2.21,31,0.39,235,2.95,96,1.21,3422,43.03,985,12.39,7953
Bandung Kidul ,1742,27.58,123,1.95,7,0.11,173,2.74,71,1.12,3031,47.98,1170,18.52,6317
Buahbatu ,3014,33.11,160,1.76,17,0.19,176,1.93,171,1.88,4324,47.51,1240,13.62,9102
Rancasari ,2509,36.87,149,2.19,11,0.16,248,3.64,48,0.71,2741,40.28,1099,16.15,6805
Arcamanik ,2467,33.99,239,3.29,24,0.33,111,1.53,422,5.81,3181,43.83,814,11.22,7258
Cibiru ,1859,22.2,173,2.07,33,0.39,147,1.76,242,2.89,4162,49.71,1757,20.98,8373
Ujung Berung ,10441,72.27,132,0.91,58,0.4,258,1.79,361,2.5,1564,10.83,1634,11.31,14448
Gedebage ,2598,37.48,575,8.29,102,1.47,197,2.84,144,2.08,2235,32.24,1081,15.59,6932
Panyileukan ,1698,37.77,150,3.34,3,0.07,217,4.83,122,2.71,1713,38.1,593,13.19,4496
Cinambo ,970,28.63,68,2.01,9,0.27,61,1.8,58,1.71,1667,49.2,555,16.38,3388
Mandalajati ,2062,23.3,300,3.39,13,0.15,198,2.24,169,1.91,4374,49.42,1734,19.59,8850
