Sukasari,2250,32.58,195,2.82,14,0.2,129,1.87,129,1.87,2808,40.65,1382,20.01,6907
Coblong,4626,36.16,1218,9.52,23,0.18,680,5.32,305,2.38,4531,35.42,1410,11.02,12793
Babakan Ciparay,3742,19.89,254,1.35,33,0.18,113,0.6,316,1.68,11602,61.68,2751,14.62,18811
Bojongloa Kaler,5766,40.38,454,3.18,63,0.44,280,1.96,229,1.6,4522,31.67,2966,20.77,14280
Andir,3306,25.66,1033,8.02,21,0.16,278,2.16,242,1.88,5520,42.84,2484,19.28,12884
Cicendo,2839,27.28,550,5.28,5,0.05,234,2.25,228,2.19,4482,43.06,2070,19.89,10408
Sukajadi,962,38.08,107,4.24,5,0.2,150,5.94,99,3.92,838,33.17,365,14.45,2526
Cidadap,1421,21.85,249,3.83,6,0.09,85,1.31,557,8.57,3214,49.42,971,14.93,6503
Bandung Wetan,1809,45.52,459,11.55,60,1.51,89,2.24,130,3.27,851,21.41,576,14.49,3974
Astana Anyar,2682,39.08,265,3.86,26,0.38,68,0.99,226,3.29,2677,39.01,919,13.39,6863
Regol,4776,49.96,391,4.09,48,0.5,325,3.4,195,2.04,3178,33.24,647,6.77,9560
Batununggal,4125,30.47,278,2.05,19,0.14,235,1.74,137,1.01,6712,49.57,2034,15.02,13540
Lengkong,2332,42.4,223,4.05,3,0.05,210,3.82,217,3.95,1934,35.16,581,10.56,5500
Cibeunying Kidul,4501,32.45,1144,8.25,6,0.04,301,2.17,331,2.39,6011,43.34,1575,11.36,13869
Bandung Kulon,6370,41.44,333,2.17,10,0.07,630,4.1,749,4.87,3993,25.98,3286,21.38,15371
Kiaracondong,4572,29.81,259,1.69,17,0.11,356,2.32,234,1.53,7473,48.72,2427,15.82,15338
Bojongloa Kidul,2514,25.02,154,1.53,12,0.12,92,0.92,247,2.46,6199,61.71,828,8.24,10046
Cibeunying Kaler,4262,57.45,364,4.91,27,0.36,141,1.9,108,1.46,1211,16.33,1305,17.59,7418
Sumur Bandung,951,38.07,107,4.28,5,0.2,147,5.88,95,3.8,834,33.39,359,14.37,2498
Antapani,3101,39.08,177,2.23,31,0.39,240,3.02,116,1.46,3350,42.21,921,11.61,7936
Bandung Kidul,1929,27.8,121,1.74,7,0.1,315,4.54,128,1.84,3147,45.35,1292,18.62,6939
Buahbatu,3304,30.77,167,1.56,21,0.2,193,1.8,202,1.88,5557,51.76,1292,12.03,10736
Rancasari,2724,37.62,149,2.06,11,0.15,251,3.47,71,0.98,2928,40.44,1107,15.29,7241
Arcamanik,2378,31.24,237,3.11,12,0.16,355,4.66,198,2.6,3050,40.07,1382,18.16,7612
Cibiru,1990,25.43,223,2.85,33,0.42,180,2.3,284,3.63,4462,57.02,653,8.35,7825
Ujung Berung,3512,37.36,356,3.79,15,0.16,149,1.58,163,1.73,3593,38.22,1613,17.16,9401
Gedebage,2987,36.93,536,6.63,102,1.26,199,2.46,166,2.05,2674,33.06,1425,17.62,8089
Panyileukan,1806,39.81,154,3.39,2,0.04,217,4.78,134,2.95,1676,36.94,548,12.08,4537
Cinambo,1082,29.99,69,1.91,9,0.25,62,1.72,73,2.02,1758,48.73,555,15.38,3608
Mandalajati,2115,23.01,296,3.22,13,0.14,228,2.48,182,1.98,4576,49.79,1781,19.38,9191