NAMA_KEC,DESA_KEL,0Thn_LP,1Thn_LP,2Thn_LP,3Thn_LP,4Thn_LP,5Thn_LP,6Thn_LP,7Thn_LP,8Thn_LP,9Thn_LP,10Thn_LP,11Thn_LP,12Thn_LP,13Thn_LP,14Thn_LP,15Thn_LP,16Thn_LP,17Thn_LP,18Thn_LP,19Thn_LP,20Thn_LP,21Thn_LP,22Thn_LP,23Thn_LP,24Thn_LP,25Thn_LP,26Thn_LP,27Thn_LP,28Thn_LP,29Thn_LP,30Thn_LP,31Thn_LP,32Thn_LP,33Thn_LP,34Thn_LP,35Thn_LP,36Thn_LP,37Thn_LP,38Thn_LP,39Thn_LP,40Thn_LP,41Thn_LP,42Thn_LP,43Thn_LP,44Thn_LP,45Thn_LP,46Thn_LP,47Thn_LP,48Thn_LP,49Thn_LP,50Thn_LP,51Thn_LP,52Thn_LP,53Thn_LP,54Thn_LP,55Thn_LP,56Thn_LP,57Thn_LP,58Thn_LP,59Thn_LP,60Thn_LP,61Thn_LP,62Thn_LP,63Thn_LP,64Thn_LP,65Thn_LP,66Thn_LP,67Thn_LP,68Thn_LP,69Thn_LP,70Thn_LP,71Thn_LP,72Thn_LP,73Thn_LP,74Thn_LP,75Thn_LP,76Thn_LP,77Thn_LP,78Thn_LP,79Thn_LP,80Thn_LP,81Thn_LP,82Thn_LP,83Thn_LP,84Thn_LP,85Thn_LP,86Thn_LP,87Thn_LP,88Thn_LP,89Thn_LP,90Thn_LP,91Thn_LP,92Thn_LP,93Thn_LP,94Thn_LP,95Thn_LP,96Thn_LP,97Thn_LP,98Thn_LP,99Thn_LP,100Thn_LP,>100Thn_LP,JML_DUK
SUKASARI,SUKARASA,0,107,177,171,182,196,203,212,208,206,221,214,187,194,210,193,209,209,157,174,190,193,178,200,187,207,155,197,198,192,193,157,183,215,256,232,220,227,167,200,188,225,234,183,189,185,180,172,178,169,151,162,154,148,138,145,97,138,135,105,94,93,83,105,85,89,61,90,74,67,66,52,54,43,44,44,35,30,24,19,19,18,16,13,9,15,8,12,7,5,10,4,6,1,3,1,3,0,0,0,0,1,"12,256"
SUKASARI,GEGERKALONG,0,208,287,294,314,293,319,361,344,344,329,369,324,361,387,398,323,316,310,323,356,294,324,331,303,338,287,311,320,321,310,311,343,297,328,389,377,369,399,355,349,356,402,321,372,359,342,351,332,356,303,283,303,268,216,220,215,255,250,204,187,196,171,189,156,146,135,144,113,114,102,102,106,87,93,115,69,92,67,63,49,53,49,32,35,30,21,34,19,16,13,8,7,5,3,1,1,0,0,0,0,1,"21,748"
SUKASARI,ISOLA,0,131,191,190,190,223,207,224,189,219,222,192,187,239,250,232,168,205,179,201,176,191,203,191,178,196,202,171,190,189,208,196,197,230,227,230,228,231,202,201,203,202,193,212,214,224,172,175,208,167,156,158,179,135,148,161,109,137,135,134,107,114,102,102,92,112,69,84,62,37,34,30,52,36,39,54,27,38,23,26,13,21,16,10,16,8,1,6,7,4,3,3,2,1,0,2,1,0,1,1,0,0,"12,654"
SUKASARI,SARIJADI,0,300,424,376,378,380,411,392,419,399,426,392,387,423,370,396,340,341,319,390,387,355,394,411,380,389,344,414,393,398,394,376,391,430,420,469,450,448,447,462,424,455,412,419,418,400,391,419,420,347,384,325,358,291,301,276,251,280,259,221,229,216,219,195,194,211,155,165,170,148,142,102,158,125,138,158,88,92,83,56,56,43,33,28,26,25,12,17,10,9,7,4,7,1,6,2,0,2,1,0,0,1,"25,800"
COBLONG,CIPAGANTI,0,99,175,171,180,175,178,179,180,193,175,178,181,191,182,200,192,217,166,150,162,181,202,176,205,180,184,176,206,173,175,170,175,198,194,220,210,235,200,188,201,206,218,182,189,191,172,168,192,171,170,142,150,128,157,126,110,114,121,100,112,102,103,92,88,86,55,66,58,61,48,42,54,42,38,46,24,37,34,33,23,17,18,13,15,15,13,11,3,1,3,1,4,6,0,2,0,0,1,0,0,2,"11,749"
COBLONG,LEBAKGEDE,0,105,165,153,138,148,160,177,159,173,142,145,143,155,168,148,146,173,148,135,156,166,147,158,148,158,150,146,152,162,157,169,172,161,188,181,191,186,177,200,183,215,159,159,144,158,159,156,184,146,143,101,131,130,127,132,103,112,103,117,89,107,103,80,84,85,46,72,62,56,41,48,49,46,42,59,29,47,49,23,26,20,23,15,14,11,12,9,7,4,7,7,5,1,1,0,0,0,0,2,0,0,"10,449"
COBLONG,SADANGSERANG,0,254,389,377,435,427,423,428,420,421,428,401,442,454,458,444,431,422,357,436,425,421,420,410,412,397,396,411,401,375,448,435,446,448,478,523,490,470,451,437,440,437,409,414,404,453,397,415,421,399,342,329,377,307,299,304,217,268,212,247,222,194,217,201,180,203,92,144,116,95,100,64,106,82,86,117,51,83,88,56,42,46,44,24,21,22,12,28,24,8,10,7,6,7,3,5,0,2,1,0,0,1,"26,442"
COBLONG,DAGO,0,339,465,476,511,530,503,597,505,479,533,528,522,495,560,554,540,505,437,505,459,511,571,508,512,513,498,512,512,477,484,515,470,555,560,666,613,551,539,504,490,438,502,456,463,530,446,471,461,415,390,388,416,351,356,363,300,335,317,313,283,265,271,252,245,249,149,174,138,128,115,98,129,96,105,126,80,109,91,54,66,53,46,55,39,42,28,31,11,11,8,3,9,3,11,5,2,2,1,2,1,5,"31,906"
COBLONG,SEKELOA,0,288,405,405,446,456,432,435,431,441,420,437,408,404,451,417,407,399,371,402,407,360,432,372,402,419,443,444,415,407,411,460,456,473,455,551,505,533,418,408,427,424,444,373,387,414,366,392,397,341,336,305,306,312,278,295,231,241,251,219,235,206,178,194,202,185,116,137,139,105,107,79,157,90,105,142,60,84,76,52,51,35,44,44,18,20,6,21,9,7,7,7,9,7,4,1,1,2,0,0,1,3,"26,311"
COBLONG,LEBAK SILIWANGI,0,40,50,50,53,52,64,73,65,61,53,48,54,57,69,56,63,49,61,77,57,61,68,63,55,65,65,61,58,70,53,66,65,54,59,68,68,66,83,80,53,59,53,51,63,70,62,62,58,48,51,50,66,43,50,41,52,40,50,40,38,41,33,24,44,27,25,25,19,16,16,13,18,19,10,19,8,13,13,10,7,6,16,5,6,5,5,5,8,3,1,2,4,1,1,0,0,0,1,0,0,0,"3,949"
BABAKAN CIPARAY,BABAKAN CIPARAY,0,327,489,506,511,539,503,568,512,558,499,541,532,565,565,541,511,541,495,556,530,496,515,540,542,546,486,516,494,461,534,482,574,608,563,705,527,596,505,508,506,517,519,441,442,422,364,452,391,398,344,335,342,298,274,295,218,305,280,237,228,213,211,199,169,188,107,148,97,74,74,66,106,72,60,76,40,54,34,30,21,20,20,15,14,10,6,9,1,1,11,0,2,1,1,2,2,1,0,1,0,0,"30,351"
BABAKAN CIPARAY,BABAKAN,0,297,496,480,530,504,536,528,501,436,545,488,543,552,485,549,505,552,460,475,454,448,536,487,494,522,502,461,472,450,498,483,535,550,534,572,528,520,521,485,481,467,444,402,395,423,329,366,379,309,290,271,329,289,268,286,220,307,276,232,201,232,207,193,184,195,92,121,111,88,72,63,85,60,71,73,30,58,45,21,23,18,26,21,11,13,4,11,6,7,2,2,2,0,2,1,1,1,0,0,0,1,"28,631"
BABAKAN CIPARAY,SUKAHAJI,0,275,438,501,487,452,504,517,522,544,525,539,489,536,559,548,481,579,464,453,463,478,502,518,453,492,417,455,444,450,433,482,506,471,562,539,496,570,505,450,438,455,465,424,404,461,378,403,386,351,313,311,357,277,304,316,246,286,260,276,225,220,203,200,189,167,134,146,88,118,88,80,122,73,74,106,44,70,46,49,28,32,26,11,18,16,8,11,8,11,7,3,3,5,1,1,2,1,1,1,0,0,"28,846"
BABAKAN CIPARAY,MARGAHAYU UTARA,0,225,336,339,318,381,349,376,383,350,351,346,372,354,340,422,372,339,288,335,332,296,313,351,352,308,328,323,358,329,326,364,381,410,401,443,388,386,408,372,398,338,385,285,327,312,259,319,273,263,218,232,227,191,198,190,147,185,184,196,187,145,185,136,157,141,101,118,87,78,51,47,83,45,41,53,26,45,28,23,20,9,24,13,13,7,5,7,4,1,6,1,4,1,2,0,1,1,1,0,0,1,"20,770"
BABAKAN CIPARAY,MARGASUKA,0,96,174,186,191,192,199,206,178,191,204,196,185,199,219,231,200,226,162,207,212,166,218,184,192,189,179,188,185,182,195,202,224,209,207,236,206,211,220,193,185,185,167,136,191,189,138,175,159,117,151,104,136,96,102,109,79,117,106,84,84,80,80,65,51,62,58,66,44,23,22,25,39,26,24,23,14,19,15,13,12,12,8,2,5,5,3,5,1,4,0,2,2,3,0,0,0,1,0,0,0,1,"11,265"
BABAKAN CIPARAY,CIRANGRANG,0,96,186,177,190,164,185,214,171,158,172,168,183,180,182,168,204,184,146,204,176,176,176,187,172,189,186,202,204,166,160,187,195,206,195,224,193,211,179,157,174,177,193,157,148,148,113,141,153,121,122,86,130,110,100,125,90,119,113,84,84,89,79,79,70,72,53,53,39,34,37,25,34,20,27,33,16,16,9,9,11,5,8,7,2,3,5,7,1,1,2,0,1,1,0,0,0,0,0,0,1,0,"10,610"
BOJONGLOA KALER,KOPO,0,361,439,474,471,488,497,547,527,547,539,544,562,555,558,563,489,541,382,461,436,541,486,483,509,471,468,483,472,445,480,482,537,578,601,604,514,553,518,512,475,467,478,446,435,441,372,414,404,386,356,309,392,286,317,295,240,292,239,249,221,219,203,200,192,187,141,138,100,84,63,74,112,80,72,88,46,59,46,48,45,40,27,25,24,22,13,7,11,4,4,3,1,0,1,2,0,2,0,0,0,1,"29,616"
BOJONGLOA KALER,BABAKAN TAROGONG,0,290,448,476,464,479,501,534,491,533,497,506,455,483,517,530,488,526,425,472,469,472,489,489,431,472,483,466,435,434,459,457,493,560,503,597,517,516,539,478,447,461,478,402,427,398,358,366,396,331,366,315,352,291,270,295,242,339,270,243,225,234,232,206,192,172,131,147,119,86,61,80,110,60,59,83,38,72,45,32,26,29,34,26,21,18,9,14,3,6,5,3,3,3,0,0,2,1,0,0,0,1,"28,509"
BOJONGLOA KALER,JAMIKA,0,283,423,418,400,461,474,476,469,474,439,483,449,460,498,505,495,509,400,431,434,439,417,429,418,413,390,429,424,376,433,436,463,504,501,560,509,502,487,464,428,446,413,402,409,471,343,394,383,389,351,295,360,301,312,326,244,301,276,242,232,214,261,213,181,171,146,163,131,138,114,91,103,79,87,101,57,75,82,40,46,42,44,33,24,17,17,28,7,10,8,6,4,3,2,2,2,3,0,0,0,1,"27,639"
BOJONGLOA KALER,BABAKAN ASIH,0,162,239,241,247,254,283,312,266,281,296,321,259,269,313,314,316,314,205,284,255,275,282,268,260,253,246,246,260,260,231,258,289,274,306,353,288,278,300,248,271,294,252,234,267,256,235,227,238,233,197,199,206,188,163,180,145,177,168,165,130,125,131,140,93,109,54,91,89,67,41,46,78,56,51,61,25,36,33,31,21,26,27,13,11,6,2,6,3,1,3,4,2,1,3,1,1,1,0,0,0,0,"16,520"
BOJONGLOA KALER,SUKA ASIH,0,204,289,326,282,297,322,326,343,346,318,322,305,318,369,335,321,350,301,304,337,317,340,318,281,330,316,305,289,281,292,301,339,348,332,351,334,335,329,325,285,295,299,293,285,305,270,247,250,215,219,192,258,202,177,208,163,190,197,162,161,163,119,129,139,114,77,110,72,64,53,46,78,60,50,56,38,35,26,19,13,22,17,17,15,8,5,11,1,2,4,1,3,3,0,3,1,1,0,0,0,0,"18,826"
ANDIR,MALEBER,0,209,302,294,293,303,312,320,328,326,315,337,312,315,341,382,349,324,280,328,301,304,328,301,303,304,295,292,267,301,280,294,337,353,323,365,358,375,380,359,335,358,330,337,338,370,318,311,312,298,244,216,252,250,219,207,147,215,207,185,180,168,175,162,140,138,101,121,125,95,80,72,102,69,74,93,56,58,57,33,33,33,24,14,22,18,14,12,7,9,6,3,8,1,0,0,1,0,1,0,0,0,"20,144"
ANDIR,DUNGUS CARIANG,0,174,241,286,281,279,340,324,341,294,295,319,302,299,339,343,319,355,261,292,285,330,317,324,311,276,270,264,282,258,294,294,290,329,328,363,379,352,330,318,341,341,370,325,318,335,285,298,291,299,269,253,282,203,198,208,162,193,196,184,154,159,157,150,122,137,101,128,105,73,73,47,74,66,74,82,49,56,41,42,33,27,40,18,22,15,17,17,8,6,9,5,5,7,8,1,2,0,0,0,1,1,"19,361"
ANDIR,CIROYOM,0,215,325,312,335,334,309,354,372,341,339,322,345,357,357,340,313,343,289,321,315,287,321,302,314,345,302,309,304,291,286,307,325,337,355,380,351,374,336,324,314,316,278,276,236,310,228,260,289,229,247,250,228,227,200,211,144,193,200,176,166,161,141,150,144,130,87,105,77,77,58,66,91,61,64,73,40,65,41,25,27,33,29,18,16,25,12,18,9,7,12,5,5,1,2,4,0,0,1,1,0,0,"19,547"
ANDIR,KEBON JERUK,0,104,129,145,160,166,166,171,150,174,162,192,174,195,190,220,188,217,191,231,201,223,240,219,212,220,180,227,196,187,217,219,212,262,260,305,247,316,293,279,274,302,266,270,255,274,285,268,268,257,262,220,243,209,229,192,184,176,141,140,144,144,108,134,123,123,94,114,99,91,65,67,82,71,60,73,54,54,44,41,39,25,35,29,27,26,19,20,16,10,11,6,7,4,3,3,1,0,0,2,0,3,"14,826"
ANDIR,GARUDA,0,103,144,145,139,141,162,179,147,164,151,165,176,179,171,179,181,186,139,158,159,163,166,171,173,164,149,158,155,159,150,127,169,188,173,189,200,189,172,193,169,189,181,159,157,183,143,168,194,170,147,126,142,137,96,119,87,106,134,112,95,89,85,109,70,68,59,66,58,53,55,35,71,42,35,56,22,44,25,28,28,22,21,12,8,7,8,9,3,5,3,5,3,0,3,2,0,1,0,0,0,1,"10,601"
ANDIR,CAMPAKA,0,177,222,263,256,290,277,319,260,311,325,281,313,281,332,316,326,313,264,292,284,289,336,262,285,289,254,260,259,272,258,253,276,281,310,335,334,333,286,296,297,296,292,300,279,319,266,241,290,245,227,218,237,185,180,206,146,162,169,161,145,143,109,113,114,119,74,94,58,52,54,54,72,44,44,69,33,35,27,24,21,21,17,18,12,11,4,11,5,2,5,3,3,0,0,1,0,0,0,0,0,0,"17,497"
CICENDO,HUSEN SASTRANEGARA,0,155,227,267,222,229,264,267,257,261,281,269,250,275,281,289,290,316,242,260,292,259,269,301,238,254,218,253,228,244,226,226,259,253,288,302,248,309,270,245,230,218,251,223,251,272,200,252,240,221,220,212,232,208,164,184,143,173,169,150,133,115,120,115,93,97,68,71,57,59,48,45,50,39,37,60,30,42,28,28,18,28,23,13,19,13,6,11,8,4,4,4,9,0,3,1,0,0,0,0,0,1,"15,797"
CICENDO,ARJUNA,0,116,171,174,162,187,179,170,187,164,178,192,197,227,187,212,200,226,174,198,195,201,224,213,220,216,210,210,195,225,207,212,230,212,225,293,244,243,222,226,236,213,228,217,227,206,214,205,204,194,197,200,220,189,184,178,139,171,145,147,150,140,118,157,128,120,92,91,96,86,67,64,80,56,54,71,72,61,49,42,39,37,43,38,29,26,15,27,15,16,6,9,11,8,4,2,2,6,1,4,2,1,"13,973"
CICENDO,PAJAJARAN,0,283,370,432,417,421,386,473,437,389,415,415,424,468,441,460,412,451,379,404,388,399,409,381,404,373,357,358,363,361,343,318,408,459,463,478,453,435,479,480,418,436,368,390,377,417,321,339,345,330,306,311,340,262,270,270,245,261,209,217,209,193,162,169,174,152,127,114,97,91,80,62,91,67,65,81,47,65,44,39,44,27,27,13,16,21,9,4,4,6,4,4,1,3,2,0,0,1,0,0,0,0,"24,733"
CICENDO,PASIR KALIKI,0,86,102,100,125,108,121,110,137,123,112,93,117,142,125,121,118,127,104,121,141,108,121,141,125,126,130,117,147,128,133,143,147,154,157,144,164,165,145,148,142,162,134,137,133,118,121,139,152,139,121,124,141,113,111,110,106,91,115,105,94,104,91,101,67,81,54,71,59,67,51,57,44,53,46,43,32,48,32,40,23,30,22,24,19,15,15,17,9,10,10,7,5,3,3,3,0,2,0,2,0,1,"8,945"
CICENDO,PAMOYANAN,0,62,88,99,104,110,93,108,107,103,102,97,110,103,101,126,101,143,101,96,101,114,111,100,123,112,104,99,118,112,123,119,132,114,111,154,153,120,151,141,153,143,118,126,110,126,122,112,120,119,106,100,123,89,99,99,93,84,103,90,85,112,72,92,90,101,64,51,69,54,38,41,58,43,41,37,41,53,47,25,27,21,24,17,17,17,12,14,3,8,5,8,5,6,2,2,1,1,0,0,0,3,"8,008"
CICENDO,SUKARAJA,0,249,336,293,380,355,352,364,348,378,364,354,396,362,426,400,398,374,371,352,404,380,369,369,379,419,380,345,371,328,292,373,307,396,399,413,398,365,389,324,375,371,408,336,369,367,337,348,323,311,284,284,300,228,258,225,187,265,234,194,167,163,161,134,138,135,98,113,93,83,76,58,104,66,63,81,28,51,41,25,27,32,12,14,12,12,10,9,8,4,5,4,3,1,1,1,0,0,0,0,0,1,"22,290"
SUKAJADI,PASTEUR,0,180,244,228,247,269,273,304,273,248,269,269,254,293,290,315,287,351,243,302,279,269,264,285,247,309,264,250,250,269,254,230,280,293,300,323,279,309,294,279,255,290,277,277,267,299,229,266,280,266,260,210,273,227,217,211,175,198,204,164,200,152,168,143,146,133,90,110,101,96,71,64,91,70,62,85,39,63,63,40,46,34,40,27,20,24,17,22,13,13,6,10,3,2,5,1,2,3,1,0,0,1,"17,788"
SUKAJADI,CIPEDES,0,281,405,459,440,472,475,532,515,474,517,502,437,519,507,480,547,507,422,476,464,471,426,442,457,463,433,488,442,447,433,435,517,528,542,578,519,510,473,456,465,458,445,465,442,456,381,434,394,392,367,341,376,326,289,313,263,304,268,269,223,240,222,219,198,180,132,150,109,105,75,92,112,73,77,82,60,55,48,44,27,30,38,25,18,27,11,21,5,8,8,7,4,4,2,2,1,2,0,2,1,1,"28,679"
SUKAJADI,SUKAWARNA,0,140,220,239,189,229,224,219,220,223,234,227,182,220,240,228,211,214,192,215,208,233,233,202,231,219,248,224,205,214,224,224,242,257,249,264,228,238,248,231,200,216,227,204,215,213,215,166,182,162,155,172,173,150,140,163,116,151,148,146,121,105,95,115,101,105,55,81,74,55,60,53,84,50,42,58,29,45,22,20,20,23,13,13,13,6,5,12,5,7,5,3,6,2,3,3,1,1,0,1,0,0,"13,714"
SUKAJADI,SUKAGALIH,0,191,282,283,256,308,299,307,262,288,325,237,268,274,281,300,321,309,250,239,244,264,270,268,269,335,286,254,294,290,299,296,337,330,328,368,284,337,296,284,313,282,273,263,256,277,250,246,244,217,188,175,210,163,177,173,127,187,177,153,144,153,131,140,118,132,105,112,88,102,74,64,81,54,42,77,32,48,33,37,15,29,24,13,9,17,7,19,8,9,1,6,2,4,4,2,1,1,0,0,0,1,"17,503"
SUKAJADI,SUKABUNGAH,0,221,311,324,329,336,326,356,329,373,335,355,358,369,371,411,362,378,309,354,308,335,343,351,308,339,329,317,321,295,328,322,324,349,326,409,376,405,361,346,330,360,314,338,311,354,301,307,300,267,269,273,315,229,243,220,213,222,239,198,184,195,176,193,163,143,121,126,109,101,80,52,105,59,64,92,44,62,51,52,41,39,32,19,18,17,14,12,7,5,8,4,10,6,1,1,2,2,0,2,1,0,"21,315"
CIDADAP,HEGARMANAH,0,169,287,304,315,316,317,322,351,312,326,310,298,316,329,296,318,357,285,312,306,276,343,325,343,282,284,308,316,327,294,318,340,359,366,383,371,362,346,293,324,291,311,322,311,340,289,303,327,245,257,260,280,254,248,256,219,246,214,201,189,163,167,153,142,147,106,120,117,92,71,62,97,62,60,95,57,79,54,54,37,26,23,24,22,13,18,18,18,8,12,5,4,3,4,3,3,1,0,1,0,0,"20,210"
CIDADAP,CIUMBULEUIT,0,244,345,373,373,378,388,381,362,367,384,363,348,351,363,386,406,404,362,336,331,363,379,380,353,369,350,336,325,338,323,298,370,379,372,413,373,373,373,315,330,329,313,319,321,351,266,314,282,299,288,227,279,236,242,204,178,229,203,171,215,185,175,143,141,146,84,124,77,82,56,42,89,62,64,91,53,48,42,27,40,23,19,22,8,14,13,16,2,6,8,4,6,1,4,3,2,0,0,0,0,1,"21,546"
CIDADAP,LEDENG,0,95,157,163,160,154,189,173,180,169,182,168,167,160,188,151,192,175,166,144,167,159,171,169,145,168,150,128,145,168,162,161,164,177,225,203,195,185,167,197,150,170,175,131,155,165,156,143,159,143,129,132,119,133,121,117,73,99,96,80,90,85,81,77,69,78,56,49,38,57,39,33,47,38,31,51,32,27,26,35,16,18,13,5,6,7,11,9,4,7,4,1,3,2,4,1,1,0,0,0,0,0,"10,336"
BANDUNG WETAN,CIHAPIT,0,44,45,46,42,45,39,55,51,37,51,42,51,46,68,54,67,54,51,44,53,55,52,58,75,52,69,51,68,57,79,72,77,65,74,79,79,73,67,76,96,62,89,57,64,60,55,65,83,51,66,54,60,50,65,76,74,65,71,69,81,54,67,69,64,52,41,36,41,36,37,26,34,25,30,29,25,19,22,21,14,18,23,13,16,14,15,10,4,8,11,8,9,7,2,1,3,4,1,1,1,0,"4,587"
BANDUNG WETAN,TAMANSARI,0,187,305,299,337,290,330,355,361,345,350,353,346,345,374,392,364,386,310,384,369,362,394,374,343,320,346,372,319,371,339,360,377,404,398,458,375,433,375,427,386,395,384,401,359,368,341,384,353,334,312,300,313,315,267,244,199,244,235,213,219,189,187,208,160,166,130,121,106,87,83,66,92,74,62,109,64,90,59,62,68,43,43,39,27,29,18,38,17,12,8,9,10,5,3,2,5,5,1,2,0,2,"22,996"
BANDUNG WETAN,CITARUM,0,8,26,19,23,16,23,33,17,30,34,23,22,26,29,36,41,32,44,35,36,45,44,43,52,34,34,45,40,34,45,39,55,56,35,60,85,75,72,73,68,52,54,60,58,65,57,87,77,59,57,64,51,66,52,53,63,57,51,49,53,50,39,42,35,47,27,30,24,22,18,22,17,9,13,20,17,22,12,16,14,15,15,8,7,7,8,9,6,7,4,6,4,2,3,3,0,2,0,0,0,1,"3,375"
ASTANA ANYAR,KARASAK,0,135,200,193,213,199,221,199,191,215,221,231,196,218,226,225,224,235,160,214,205,222,186,225,201,217,186,195,169,171,180,200,209,243,232,283,278,227,219,208,232,233,235,226,219,240,170,177,212,188,179,154,179,153,164,135,114,152,112,125,152,122,109,105,110,113,91,109,79,71,71,54,59,42,61,64,39,45,34,23,26,27,22,18,12,12,7,6,4,4,3,3,2,4,2,1,0,0,2,0,0,0,"13,479"
ASTANA ANYAR,NYENGSERET,0,97,183,162,205,191,176,212,224,196,184,180,202,197,204,207,197,211,181,170,188,189,188,214,192,204,176,204,162,180,176,181,180,210,211,223,233,202,221,204,198,190,193,204,168,196,160,189,165,160,168,125,152,171,137,121,131,129,140,106,127,107,95,96,101,80,65,60,70,62,43,54,47,31,40,40,34,45,34,26,25,20,24,12,18,16,9,15,1,11,4,4,1,1,1,1,0,0,1,1,0,0,"12,142"
ASTANA ANYAR,KARANGANYAR,0,50,47,79,82,75,98,97,83,83,88,84,78,73,92,78,99,115,72,91,88,104,85,87,80,85,107,89,75,115,101,93,99,110,97,114,105,121,121,93,91,100,93,102,104,90,100,102,97,91,98,97,106,86,74,79,76,89,71,82,104,81,75,100,74,86,74,64,78,58,53,56,49,40,47,36,34,38,28,24,22,30,23,21,18,11,17,16,6,10,4,6,4,8,1,1,1,1,1,0,0,2,"6,763"
ASTANA ANYAR,PANJUNAN,0,69,100,104,105,120,131,138,156,128,127,123,110,123,152,145,122,140,111,140,136,125,130,104,117,115,109,138,126,112,117,131,123,121,144,172,111,136,145,116,112,117,115,123,96,111,86,118,102,108,72,94,91,88,82,102,65,105,94,65,57,78,64,59,66,37,39,49,30,41,36,32,31,22,23,35,23,30,17,19,22,20,7,12,6,12,6,10,3,8,2,1,1,2,1,2,0,1,0,0,0,0,"7,722"
ASTANA ANYAR,CIBADAK,0,113,149,175,168,191,202,188,193,175,198,204,216,187,208,204,179,236,154,190,178,222,193,170,196,198,221,195,189,199,208,204,196,220,222,251,240,242,211,229,209,199,197,204,192,207,175,178,187,196,152,185,203,175,160,168,143,164,139,147,150,145,142,133,113,121,107,118,110,90,84,70,89,67,62,60,49,61,55,47,41,29,28,20,14,22,16,17,13,13,11,2,2,4,3,4,1,1,3,0,0,0,"13,411"
ASTANA ANYAR,PELINDUNG HEWAN,0,235,313,295,346,320,315,334,305,347,362,345,360,339,369,356,328,353,342,318,332,284,365,338,330,326,308,329,304,277,327,308,340,382,352,403,351,392,374,303,318,322,313,300,309,289,292,280,284,247,273,215,260,244,203,207,187,195,213,185,184,144,139,148,128,120,83,120,102,75,56,78,78,61,61,74,42,42,32,38,30,25,25,17,14,18,11,14,2,6,1,4,3,3,1,0,0,1,2,0,0,2,"20,127"
REGOL,CIGERELENG,0,114,158,151,156,169,151,158,189,144,153,165,172,166,150,183,175,198,162,156,178,197,180,168,180,206,189,144,162,188,171,190,176,170,183,196,227,200,209,175,198,179,196,169,170,182,173,182,166,170,166,137,171,163,145,151,143,156,116,126,143,110,111,122,126,113,77,98,84,75,82,67,72,59,47,53,40,43,39,29,30,29,20,14,14,18,8,12,9,6,1,4,8,3,1,0,0,2,0,2,0,0,"11,789"
REGOL,ANCOL,0,105,156,161,138,144,172,165,159,149,169,163,178,175,172,191,149,215,167,179,174,183,178,198,165,176,203,171,154,162,181,174,184,178,192,217,231,200,212,202,184,176,199,194,160,188,166,177,183,141,190,130,171,128,146,144,122,127,129,142,89,117,103,104,104,100,77,76,80,68,64,63,63,64,59,58,39,44,36,22,24,23,27,14,21,7,11,7,8,4,3,2,0,3,3,3,0,0,1,0,1,0,"11,631"
REGOL,PUNGKUR,0,60,84,93,85,102,96,100,99,123,126,112,106,136,115,132,131,133,122,131,147,122,140,137,157,132,152,116,130,128,127,131,140,163,159,158,178,171,161,197,184,179,196,171,166,149,145,166,134,115,127,114,146,124,114,114,105,116,93,77,78,91,69,77,70,67,50,75,47,50,52,37,50,31,37,43,28,37,31,23,19,20,21,15,12,15,8,11,4,4,8,2,2,3,0,0,1,1,0,0,0,0,"8,956"
REGOL,BALONGGEDE,0,78,98,116,130,120,142,112,104,126,117,127,111,124,128,115,106,129,89,130,128,124,122,117,104,129,129,111,130,136,124,135,164,145,158,168,172,163,154,147,163,131,143,129,138,124,135,132,110,129,107,122,112,121,97,106,83,104,87,74,92,71,97,85,78,85,64,67,61,50,58,49,48,28,40,28,36,34,38,27,22,17,17,12,8,17,7,15,2,6,3,5,4,1,3,1,1,3,1,0,0,1,"8,591"
REGOL,CISEUREUH,0,148,224,276,246,247,246,339,277,297,289,277,294,286,302,311,316,284,273,274,290,256,314,260,238,259,229,238,254,240,247,256,270,272,306,331,288,326,301,331,277,308,288,297,240,261,204,243,231,224,209,195,196,167,201,170,123,168,133,152,136,107,122,113,110,111,83,102,64,54,47,42,67,36,49,48,26,37,47,24,28,18,27,12,20,9,9,8,8,3,7,7,0,0,0,2,0,0,1,1,0,0,"16,584"
REGOL,CIATEUL,0,50,86,110,97,91,104,117,101,105,122,114,110,113,125,125,122,153,93,130,124,149,112,108,120,115,131,115,115,116,105,123,126,129,124,119,133,154,149,145,126,119,122,141,135,142,110,137,114,136,120,123,96,117,80,115,85,66,92,81,72,63,70,62,64,54,62,64,42,41,45,41,43,37,34,45,29,33,28,32,30,31,24,13,10,13,7,16,9,3,6,5,7,2,0,3,0,1,1,0,1,3,"7,983"
REGOL,PASIRLUYU,0,183,254,279,246,268,261,263,256,274,249,309,288,265,323,309,298,299,273,259,283,276,267,257,255,281,266,242,238,230,212,235,299,287,302,360,336,296,278,293,268,263,264,241,255,264,233,214,226,206,173,189,174,171,144,202,130,166,147,151,134,114,99,129,100,102,70,99,72,54,65,52,51,32,51,53,28,29,23,27,20,17,10,10,12,5,5,7,6,4,2,1,2,2,2,1,0,1,0,1,0,0,"16,222"
BATUNUNGGAL,GUMURUH,0,150,272,281,278,261,287,296,282,306,323,277,263,294,328,326,312,317,302,300,277,310,329,331,299,302,257,295,244,270,280,277,283,321,301,366,308,347,343,341,280,324,314,295,283,300,263,304,271,269,231,240,239,221,192,206,155,192,164,167,164,147,134,141,139,136,105,123,103,71,76,66,85,72,73,81,56,78,53,30,34,33,28,15,14,18,9,13,5,7,8,1,6,1,3,0,1,0,1,1,0,0,"18,577"
BATUNUNGGAL,MALEER,0,143,251,256,248,251,273,276,248,230,252,266,254,282,292,300,286,272,251,284,288,266,313,296,272,279,254,241,259,252,233,233,277,289,278,308,282,316,289,279,240,229,242,258,240,241,228,265,279,213,233,194,252,196,206,188,172,180,142,176,138,135,139,125,111,106,59,97,69,48,56,43,58,50,42,71,32,53,34,23,19,31,23,15,15,15,5,12,6,5,8,2,4,1,1,0,0,1,0,0,0,0,"16,445"
BATUNUNGGAL,CIBANGKONG,0,128,258,267,271,275,274,307,273,302,291,306,256,332,303,332,300,307,272,307,290,317,309,304,291,286,275,263,279,264,275,249,302,304,312,382,297,320,286,259,299,296,261,330,260,340,248,283,271,263,240,226,265,226,253,215,155,214,174,168,135,137,156,124,128,125,91,99,66,71,66,46,84,55,57,69,47,62,61,38,33,25,27,15,20,20,4,11,17,9,3,4,2,0,1,0,3,1,0,0,0,0,"18,124"
BATUNUNGGAL,KACAPIRING,0,68,115,123,139,131,129,128,129,130,128,155,142,167,157,127,138,166,119,138,134,148,160,156,133,119,132,144,127,123,128,139,128,125,126,142,147,143,141,132,139,169,157,160,146,172,126,145,160,154,163,116,137,115,111,126,96,105,83,94,91,79,70,79,65,68,49,49,46,34,35,42,45,29,37,48,17,34,35,30,16,20,20,22,14,11,4,17,4,3,4,2,2,5,1,0,2,1,0,0,0,1,"9,061"
BATUNUNGGAL,KEBONWARU,0,123,173,210,229,216,223,213,245,224,237,210,207,234,268,279,256,282,222,228,233,254,282,237,252,235,178,231,233,195,195,217,223,250,253,249,243,227,226,238,240,224,252,222,258,227,220,239,221,229,203,203,221,195,181,180,129,139,147,146,124,124,111,102,80,98,56,89,69,55,42,44,57,43,36,59,23,48,34,25,22,22,11,15,12,8,7,11,4,8,4,4,2,0,3,1,1,1,0,0,0,0,"14,461"
BATUNUNGGAL,KEBONGEDANG,0,81,141,144,141,135,156,158,153,158,160,158,172,181,154,153,163,148,139,170,150,167,149,151,144,145,137,133,126,133,116,137,146,153,152,186,182,166,167,160,150,166,145,168,176,168,139,137,145,139,150,126,134,102,124,114,90,99,90,92,92,81,81,63,73,77,43,49,45,29,25,34,37,31,42,45,25,38,26,26,22,20,8,15,5,10,7,2,3,1,6,0,2,0,2,1,0,0,0,1,0,0,"9,586"
BATUNUNGGAL,SAMOJA,0,100,187,176,214,196,202,244,207,198,211,211,236,208,271,236,222,218,208,216,201,229,237,216,212,221,189,198,172,195,192,204,214,230,235,240,214,200,208,218,205,168,219,189,177,222,161,190,192,196,199,159,178,169,146,146,120,135,118,115,108,112,102,94,76,83,56,63,46,45,34,32,60,37,32,46,25,42,30,20,21,23,21,14,6,11,3,10,4,1,6,5,0,2,2,0,0,3,0,1,0,0,"12,866"
BATUNUNGGAL,BINONG,0,186,256,285,270,283,301,313,285,286,302,296,312,285,326,337,318,309,265,281,275,264,320,297,288,286,285,271,264,262,243,278,285,306,268,333,299,320,300,323,290,324,292,275,285,308,227,258,299,243,243,203,248,169,194,176,143,183,151,149,136,140,124,154,128,98,69,108,71,56,54,38,88,57,45,45,29,43,35,18,30,15,22,8,11,9,9,10,3,0,5,4,1,0,1,0,1,1,0,0,0,0,"17,589"
LENGKONG,CIJAGRA,0,119,141,178,156,165,195,188,157,190,180,192,180,210,195,212,198,194,185,186,188,212,200,168,186,183,155,180,184,151,189,173,183,236,206,212,197,193,221,209,201,196,227,198,184,214,204,170,220,190,153,164,163,146,129,152,122,126,119,137,105,107,114,91,107,71,60,96,63,71,53,54,60,51,49,58,39,43,47,41,28,31,31,24,22,13,13,11,6,3,7,2,7,3,2,1,2,1,0,0,0,1,"12,250"
LENGKONG,LINGKAR SELATAN,0,83,144,121,155,150,161,150,148,159,168,195,172,162,182,191,189,205,197,180,198,201,198,198,220,209,168,160,172,171,166,158,165,161,172,181,176,176,176,192,155,169,184,161,200,200,203,203,219,176,207,149,189,153,145,131,106,120,92,90,60,60,63,58,63,54,38,40,37,50,35,34,55,33,38,53,29,28,26,28,15,18,15,11,12,10,7,15,6,8,9,7,7,2,3,1,2,1,0,0,1,0,"11,014"
LENGKONG,BURANGRANG,0,105,137,132,142,129,155,158,143,145,153,145,162,165,160,153,158,157,139,127,145,157,171,152,155,153,149,160,154,152,166,151,158,193,170,171,177,176,184,147,170,158,170,135,148,157,144,149,168,120,138,138,138,129,103,133,110,140,102,100,90,74,73,92,65,76,68,82,69,57,51,32,47,37,47,53,33,47,42,26,19,32,23,23,11,16,6,17,12,8,8,1,0,2,1,1,1,0,3,1,1,0,"10,103"
LENGKONG,PALEDANG,0,61,70,74,94,93,79,81,86,86,99,78,71,100,89,102,107,89,78,91,106,88,103,99,93,96,96,103,87,96,78,96,103,107,109,114,121,117,109,95,94,83,106,88,92,105,68,79,98,97,107,87,104,89,84,92,67,90,67,64,69,70,73,68,71,63,39,53,54,33,31,40,29,32,28,37,21,21,16,22,19,13,20,10,13,12,6,7,5,5,7,2,1,2,1,2,0,0,1,3,1,0,"6,405"
LENGKONG,TURANGGA,0,128,179,193,161,159,185,192,207,199,227,233,198,215,233,255,261,287,221,230,242,221,205,221,192,184,177,177,207,195,214,182,184,185,205,252,226,213,245,219,199,220,240,233,207,257,250,256,245,251,210,221,210,187,187,182,132,156,150,150,155,111,115,124,126,123,112,84,103,76,82,85,93,102,92,111,55,54,82,60,52,57,45,33,44,35,26,23,22,11,11,5,4,7,3,0,1,0,1,0,0,1,"14,578"
LENGKONG,MALABAR,0,62,113,117,117,140,115,126,120,116,113,101,116,140,132,125,135,147,106,120,144,137,133,129,132,133,103,125,135,139,161,134,136,153,155,159,128,144,152,142,107,142,129,124,124,134,100,110,125,105,123,124,141,90,103,93,82,93,97,95,86,94,86,80,82,62,66,62,38,52,43,41,41,38,38,31,29,33,34,41,12,23,23,17,16,17,19,11,10,6,5,4,2,5,2,1,1,0,3,1,0,2,"8,533"
LENGKONG,CIKAWAO,0,79,134,118,123,105,130,135,169,129,134,142,127,145,142,156,156,145,115,109,128,158,131,127,154,129,126,118,127,151,119,135,150,155,125,147,117,139,155,138,136,132,143,119,126,149,121,142,128,118,104,115,126,114,103,118,105,106,97,109,77,80,87,63,68,54,53,55,49,30,49,31,45,31,29,28,22,34,28,19,11,10,16,10,17,13,7,14,6,4,7,4,0,4,0,2,1,0,1,0,1,1,"8,694"
CIBEUNYING KIDUL,PADASUKA,0,159,257,259,248,256,258,279,274,283,250,278,285,303,290,294,285,276,238,306,245,280,298,252,259,269,268,280,267,209,239,249,264,260,270,317,310,308,310,260,279,269,265,243,257,304,238,251,250,241,227,176,233,195,191,183,155,196,164,173,162,147,139,135,112,126,68,96,60,56,59,40,85,43,51,63,34,38,45,29,43,22,23,20,7,14,7,15,3,10,2,3,5,4,3,2,0,2,1,2,0,3,"16,761"
CIBEUNYING KIDUL,CIKUTRA,0,207,328,319,329,362,364,388,386,389,353,382,381,378,384,370,370,366,312,320,342,345,352,339,309,337,290,318,338,329,317,348,376,337,374,440,383,390,401,385,343,399,375,357,350,342,330,337,322,322,309,275,274,238,205,217,203,232,246,243,231,162,181,179,162,146,117,152,108,103,83,77,110,90,100,129,61,101,65,62,63,45,37,29,18,24,20,22,11,9,8,7,5,7,5,2,0,1,1,1,0,1,"22,392"
CIBEUNYING KIDUL,CICADAS,0,162,253,254,237,284,267,247,256,303,281,282,264,276,254,298,275,288,252,271,274,244,278,268,237,258,237,234,252,219,235,273,245,259,254,272,303,269,283,290,275,285,258,235,261,276,240,251,255,223,225,175,228,184,173,164,122,169,157,130,119,95,111,105,98,85,57,93,61,53,59,33,61,46,39,62,34,49,41,31,20,22,27,15,13,15,11,22,7,6,9,7,0,4,3,3,0,1,0,0,0,0,"15,991"
CIBEUNYING KIDUL,SUKAMAJU,0,93,134,146,166,157,147,160,165,194,150,186,163,162,182,177,158,191,157,175,172,173,183,177,150,175,161,159,175,160,154,168,151,169,165,195,149,204,173,183,173,156,166,172,173,187,177,164,163,185,138,165,174,162,142,155,117,137,125,126,139,101,119,93,87,88,53,72,50,45,35,44,49,40,41,61,20,46,26,30,24,26,31,15,10,18,13,15,7,8,3,3,6,6,1,3,0,0,1,0,0,0,"11,045"
CIBEUNYING KIDUL,SUKAPADA,0,215,336,343,363,336,337,356,369,333,355,387,345,350,369,393,403,375,316,321,364,344,369,373,348,384,351,343,378,340,320,336,359,380,378,409,367,406,347,321,314,342,309,319,305,322,287,317,329,276,286,264,280,240,241,248,199,252,251,239,207,201,179,165,149,163,79,108,72,55,53,46,99,55,47,78,38,51,33,25,20,15,15,19,7,15,13,17,3,5,5,3,1,1,3,0,0,0,0,0,0,1,"21,485"
CIBEUNYING KIDUL,PASIRLAYUNG,0,217,335,364,337,340,396,369,360,356,337,339,365,334,387,378,340,367,310,300,320,334,358,305,312,352,342,347,343,286,329,352,329,367,395,436,417,394,396,390,347,352,307,303,294,303,288,304,270,298,258,254,263,248,238,238,191,224,211,215,239,192,214,171,181,158,121,121,106,71,68,53,66,49,63,94,36,55,62,35,22,21,38,29,11,8,12,14,7,4,3,1,2,3,2,0,0,0,0,0,0,1,"21,374"
BANDUNG KULON,CIJERAH,0,195,325,378,359,362,386,409,412,404,415,427,419,391,445,448,412,446,374,390,340,449,400,381,353,374,353,361,344,345,354,362,369,441,403,519,454,471,456,454,396,432,425,370,414,393,338,383,363,329,286,270,291,234,241,214,166,245,241,178,169,167,178,163,154,150,82,107,89,100,77,79,98,58,66,92,41,47,38,28,36,33,30,12,17,13,9,18,5,4,3,2,1,1,1,0,1,0,1,0,0,0,"23,759"
BANDUNG KULON,CIBUNTU,0,164,279,286,274,284,293,346,335,309,353,300,340,323,356,367,329,331,302,281,281,325,326,287,302,308,290,285,308,258,280,299,321,356,313,372,343,345,347,289,294,284,300,305,295,270,247,260,260,207,222,186,226,209,166,179,138,178,144,172,142,122,127,124,116,105,68,82,64,61,46,49,67,50,47,58,25,33,32,26,21,22,27,11,10,11,4,8,4,5,2,1,2,1,2,2,1,2,0,1,0,1,"18,211"
BANDUNG KULON,WARUNG MUNCANG,0,191,312,348,348,357,404,395,371,387,387,422,401,347,425,426,371,395,341,357,329,356,366,397,345,336,306,321,326,314,316,332,379,393,405,450,373,363,396,364,336,340,346,313,333,322,272,257,269,233,239,202,245,201,196,213,145,214,186,148,157,127,117,118,134,135,73,92,75,83,58,51,72,52,47,66,31,53,37,23,25,22,24,20,11,12,6,11,5,6,6,4,0,0,2,0,0,1,0,2,0,3,"20,923"
BANDUNG KULON,CARINGIN,0,85,145,151,161,151,154,140,173,157,153,170,169,138,171,173,143,164,157,138,146,139,157,140,165,125,141,153,173,158,146,173,188,183,175,195,184,185,178,173,141,181,127,138,118,147,117,121,112,115,99,84,109,82,86,94,86,97,107,74,84,76,85,76,73,52,48,59,52,28,32,25,42,23,24,36,9,26,11,13,11,12,9,10,9,4,5,6,4,1,3,1,0,0,1,1,1,0,0,0,0,0,"9,357"
BANDUNG KULON,CIGONDEWAH KALER,0,188,316,333,320,359,364,401,370,379,386,364,409,337,409,423,377,386,361,388,345,343,347,372,313,346,311,345,307,346,318,314,373,371,394,388,325,381,322,363,313,332,335,297,299,318,214,270,240,196,184,148,192,144,132,128,81,152,91,77,85,71,80,84,67,57,44,66,49,37,31,23,56,29,30,27,7,24,14,19,12,7,17,5,2,3,7,4,0,3,3,0,1,2,3,0,1,0,0,0,1,1,"18,909"
BANDUNG KULON,GEMPOLSARI,0,197,320,336,301,282,316,321,340,327,329,378,322,348,346,368,377,378,315,346,354,344,331,357,376,388,362,351,359,340,354,386,377,340,326,403,363,363,352,324,315,319,345,307,298,321,279,314,309,248,275,246,280,261,273,262,229,253,236,175,197,181,153,136,115,95,62,89,76,46,59,49,38,30,46,51,19,44,33,24,20,14,15,9,6,8,4,11,3,3,5,2,3,5,0,3,0,0,0,0,0,1,"20,597"
BANDUNG KULON,CIGONDEWAH RAHAYU,0,108,173,149,198,169,187,190,176,173,169,178,164,183,207,190,188,219,174,185,193,196,224,192,170,190,156,215,197,168,150,168,177,172,200,229,154,198,179,159,143,166,153,146,122,153,134,131,165,121,108,100,125,128,105,102,72,86,91,63,63,49,58,66,39,33,21,39,42,26,17,17,40,28,19,10,12,11,16,9,9,11,11,9,5,3,4,2,4,0,0,1,1,1,0,0,0,0,0,1,0,1,"10,159"
BANDUNG KULON,CIGONDEWAH KIDUL,0,80,139,135,141,135,140,146,173,158,153,141,144,144,147,177,165,191,163,167,165,173,161,163,150,164,139,149,155,138,136,151,135,158,141,174,152,150,154,139,150,121,140,139,125,128,122,138,114,109,115,77,97,128,76,75,69,72,63,34,54,41,50,57,44,44,25,27,38,26,31,17,34,26,10,22,13,17,21,14,7,7,12,8,5,2,1,3,3,2,3,3,1,0,0,0,1,1,0,0,0,0,"8,648"
KIARACONDONG,SUKAPURA,0,277,427,401,380,402,412,405,407,437,419,375,384,441,432,452,422,459,378,441,413,466,428,445,407,397,436,371,411,399,371,342,365,411,422,441,414,431,413,413,382,389,419,365,413,395,405,326,400,371,365,325,340,312,295,294,246,278,248,261,209,209,187,179,172,160,104,125,87,86,84,65,95,59,67,72,43,68,33,47,26,23,29,9,10,12,9,11,5,4,7,4,2,2,1,2,0,1,0,0,0,1,"25,085"
KIARACONDONG,KEBON JAYANTI,0,120,189,199,197,193,214,201,193,187,243,220,218,218,216,239,222,226,191,197,238,224,197,221,175,175,192,193,180,179,178,174,165,171,179,206,186,197,229,226,194,208,212,206,224,205,195,197,201,194,182,162,198,160,151,164,99,119,126,114,121,98,84,114,83,93,61,73,40,59,47,58,50,48,46,56,35,45,47,37,24,15,23,13,6,9,7,13,7,1,4,2,3,1,0,0,0,0,0,0,0,1,"12,703"
KIARACONDONG,BABAKAN SURABAYA,0,221,290,282,308,265,318,316,361,349,311,316,315,345,341,357,350,327,309,298,329,295,339,339,309,325,300,332,295,285,283,290,276,326,316,372,339,312,317,306,302,327,315,301,260,290,233,275,297,278,254,222,252,229,202,205,160,192,173,156,166,161,141,144,115,108,84,105,82,75,53,71,64,38,40,62,23,33,26,23,21,20,20,11,6,10,5,7,4,5,3,1,1,0,4,3,0,0,0,0,0,0,"18,922"
KIARACONDONG,CICAHEUM,0,169,259,262,254,259,284,265,243,276,273,275,280,278,269,321,291,277,279,270,263,273,297,265,279,274,249,235,295,244,237,273,252,275,292,332,258,291,298,246,271,266,246,231,248,256,245,260,254,231,192,232,243,196,203,181,146,156,174,172,171,125,137,134,127,117,66,77,61,66,53,43,65,49,32,58,30,38,32,26,14,15,15,14,7,7,3,14,3,4,7,2,1,0,0,0,0,1,0,0,0,0,"16,529"
KIARACONDONG,BABAKANSARI,0,393,575,570,651,573,602,653,609,624,636,649,542,604,626,642,645,639,536,581,574,605,586,600,538,554,532,537,538,532,558,591,604,634,655,727,722,666,673,658,585,578,576,610,568,565,536,529,552,479,424,452,473,461,400,382,312,401,361,353,346,325,283,285,307,259,198,198,173,140,98,121,129,97,97,126,62,91,82,70,47,36,28,21,23,14,8,15,8,6,9,3,5,3,0,1,0,1,0,0,0,0,"36,746"
KIARACONDONG,KEBON KANGKUNG,0,120,210,181,172,193,186,220,202,206,192,195,170,231,184,236,225,235,173,205,202,195,208,203,177,156,172,181,176,198,168,202,173,189,195,230,216,211,198,191,222,205,207,214,200,197,174,197,167,177,185,157,180,156,145,126,130,147,119,110,100,96,109,77,98,104,56,79,64,42,42,33,54,44,40,57,22,49,27,22,12,24,22,13,7,6,4,8,4,5,2,3,2,3,3,1,0,0,0,1,0,0,"12,327"
BOJONGLOA KIDUL,SITUSAEUR,0,210,321,329,335,330,326,366,367,368,394,376,312,351,362,369,371,375,297,376,321,358,329,316,329,370,315,335,329,322,338,312,374,367,393,419,396,395,361,344,364,328,342,362,291,335,266,317,316,312,246,260,283,256,235,235,208,198,206,181,200,159,183,159,154,144,94,132,90,94,81,69,108,75,57,101,35,62,54,47,23,30,33,17,16,15,10,17,9,10,6,6,3,4,0,0,1,1,0,0,0,1,"21,399"
BOJONGLOA KIDUL,KEBON LEGA,0,225,370,383,399,363,367,443,412,382,399,354,384,384,408,467,386,421,317,367,343,365,360,381,382,372,355,401,364,357,357,371,397,399,473,536,443,435,456,442,394,435,365,382,358,381,311,317,328,259,280,245,293,269,225,244,206,255,217,209,202,204,172,197,166,153,110,140,111,98,78,70,90,64,72,90,50,76,56,34,22,32,34,27,11,31,15,17,3,11,5,4,2,3,0,1,1,1,1,1,1,1,"23,650"
BOJONGLOA KIDUL,CIBADUYUT,0,139,217,186,190,238,210,252,222,225,200,207,206,217,262,222,204,232,193,219,186,193,194,211,209,228,185,193,203,182,198,223,224,249,249,253,231,232,231,209,201,204,196,185,172,199,160,182,146,129,140,95,151,119,107,112,85,93,98,96,69,76,66,60,52,52,31,46,35,29,22,15,37,17,16,29,13,12,6,9,6,9,10,4,2,4,0,4,2,3,2,1,1,0,0,0,0,0,0,0,1,1,"11,936"
BOJONGLOA KIDUL,MEKARWANGI,0,92,153,160,191,173,191,169,188,195,163,195,168,186,194,196,182,201,138,158,138,149,158,156,153,154,145,148,144,146,146,151,147,209,192,231,191,182,194,178,176,181,177,146,136,187,138,156,139,108,105,102,109,132,104,100,79,90,82,81,70,60,55,67,49,48,31,42,33,34,22,20,25,18,22,24,20,16,17,8,5,6,10,4,5,6,2,4,2,1,0,2,1,3,1,0,0,0,0,0,0,0,"9,866"
BOJONGLOA KIDUL,CIBADUYUT KIDUL,0,102,145,163,151,167,167,181,166,172,145,163,166,188,177,158,136,176,138,152,139,151,178,170,146,152,167,146,136,149,152,141,180,158,180,186,140,181,168,139,147,150,145,136,137,162,100,122,109,98,98,74,100,81,73,98,60,71,68,58,66,65,64,43,52,49,35,38,34,26,14,18,35,18,14,17,12,14,16,5,7,8,4,7,1,4,4,4,0,3,0,2,0,0,1,0,0,0,1,0,0,1,"8,941"
BOJONGLOA KIDUL,CIBADUYUT WETAN,0,85,131,130,120,119,127,153,147,164,140,135,138,127,143,151,140,134,123,115,129,120,118,116,115,87,108,100,109,117,117,116,118,154,137,157,139,152,148,144,143,143,138,116,143,146,110,131,104,100,103,76,76,67,52,68,41,58,58,45,49,39,40,44,38,29,19,33,37,22,22,21,19,25,14,13,12,8,17,11,7,4,11,6,1,3,1,3,1,0,2,2,1,1,0,1,0,0,0,0,0,0,"7,497"
CIBEUNYING KALER,CIHAUR GEULIS,0,82,138,179,164,143,175,186,196,195,208,186,199,208,230,218,236,231,199,204,187,179,180,191,212,170,156,174,168,158,154,156,168,201,177,219,189,212,198,203,220,188,212,204,216,234,188,247,208,202,209,182,196,168,153,161,124,133,127,121,121,94,96,97,86,92,59,65,45,48,53,38,62,50,51,71,25,40,31,32,28,32,24,15,17,21,6,13,9,11,5,7,3,0,2,2,0,0,0,1,1,0,"12,375"
CIBEUNYING KALER,SUKALUYU,0,137,220,218,237,219,249,239,239,234,242,243,242,262,248,274,262,272,223,255,251,256,251,250,229,250,222,234,247,247,262,232,224,258,277,271,235,276,266,253,268,239,244,230,246,238,241,257,234,239,268,203,239,184,184,178,178,156,187,160,135,134,100,126,123,88,89,112,70,72,64,62,84,58,73,70,37,70,53,38,39,37,30,18,24,22,16,17,7,9,7,5,2,1,3,1,2,0,1,1,1,0,"15,780"
CIBEUNYING KALER,NEGLASARI,0,87,122,143,164,157,153,162,162,167,161,163,149,150,167,177,141,169,136,167,131,137,140,148,148,173,129,126,151,142,132,124,144,144,152,185,167,179,161,177,150,143,151,150,153,144,117,169,146,137,119,106,136,117,102,100,92,103,88,90,76,63,92,76,57,55,40,59,40,51,43,33,58,44,35,43,12,42,27,19,16,15,23,8,11,11,5,8,4,2,5,1,0,0,0,1,1,2,0,0,0,1,"9,479"
CIBEUNYING KALER,CIGADUNG,0,314,490,466,458,473,531,520,481,518,477,489,491,484,510,508,527,515,492,461,488,498,487,500,486,478,466,544,507,464,494,491,512,545,548,591,529,599,519,498,496,489,461,438,481,431,386,398,406,359,342,370,380,316,334,318,289,335,334,277,282,267,243,271,212,229,160,170,106,108,90,80,105,95,103,124,64,104,72,41,43,48,32,20,18,28,14,20,8,10,4,3,2,5,2,6,0,0,0,0,0,1,"30,279"
SUMUR BANDUNG,BRAGA,0,60,73,54,71,80,74,73,86,101,115,83,78,88,79,109,96,105,75,79,84,82,89,97,97,93,86,84,90,85,101,88,100,106,108,84,87,104,127,97,98,91,99,93,86,75,79,96,96,74,68,75,83,65,66,84,54,63,58,60,60,68,67,76,73,54,59,52,52,36,36,31,41,23,26,31,20,21,17,16,22,11,11,6,6,6,7,5,3,4,5,2,1,3,0,2,1,0,2,0,2,0,"5,989"
SUMUR BANDUNG,MERDEKA,0,76,142,141,134,146,156,122,132,132,157,131,153,153,157,192,204,176,161,168,161,171,176,173,146,175,167,155,174,163,161,160,175,165,158,144,136,137,127,136,138,151,122,151,152,156,175,136,144,137,130,123,171,134,115,117,82,101,90,81,69,84,70,54,43,53,35,41,52,35,31,24,35,42,29,31,22,20,30,20,23,21,11,9,10,9,5,12,7,11,3,2,4,7,1,2,3,1,0,0,0,3,"9,563"
SUMUR BANDUNG,KEBON PISANG,0,120,157,148,166,184,177,175,198,199,193,185,212,214,197,239,242,212,190,199,193,176,195,196,166,180,175,181,188,155,154,155,191,202,200,212,203,193,193,226,167,174,217,173,177,208,159,176,175,183,168,151,172,143,136,145,109,124,114,127,125,121,104,84,86,85,61,73,68,60,41,42,54,35,34,62,34,37,35,23,30,28,23,13,22,10,12,12,2,3,8,8,4,3,1,2,1,1,0,2,0,0,"11,988"
SUMUR BANDUNG,BABAKAN CIAMIS,0,91,121,109,109,116,137,107,113,126,105,112,125,142,138,142,157,125,125,152,137,112,125,106,122,105,116,120,123,113,124,129,131,108,153,136,134,150,141,130,128,129,132,131,116,111,114,130,131,130,88,103,125,100,122,97,67,92,79,81,73,76,74,60,59,67,36,36,43,35,24,30,41,13,28,28,12,23,26,20,24,19,14,12,11,8,6,9,4,3,2,2,2,3,1,0,1,0,0,0,0,0,"7,998"
ANTAPANI,ANTAPANI KULON,0,116,186,159,154,149,177,151,173,165,171,169,172,153,185,166,160,166,147,180,147,161,174,178,156,191,166,178,179,186,155,186,189,183,180,200,195,186,186,159,157,163,177,121,161,148,138,127,170,139,139,117,107,129,106,142,111,109,108,124,107,104,114,111,84,71,61,42,42,40,28,30,36,14,34,20,15,23,9,9,11,8,13,7,3,2,4,7,2,3,2,0,1,2,0,0,1,0,0,0,0,0,"10,387"
ANTAPANI,ANTAPANI WETAN,0,173,263,331,308,276,284,300,309,283,293,315,250,290,279,300,302,309,266,256,289,270,301,281,275,284,311,286,298,273,281,270,307,323,357,334,323,302,266,281,280,282,266,256,270,254,212,255,222,205,234,211,215,234,193,225,171,201,183,182,180,166,137,131,107,109,76,85,66,48,51,33,41,29,30,30,18,26,28,27,17,6,8,9,2,8,5,14,1,2,2,1,3,1,2,2,0,2,0,0,0,0,"17,353"
ANTAPANI,ANTAPANI TENGAH,0,266,370,356,369,358,362,354,344,309,344,270,323,321,304,305,330,311,310,281,304,310,358,355,357,361,399,383,409,394,392,412,419,421,440,504,462,385,405,376,335,320,324,286,271,278,243,239,244,226,237,201,228,221,278,317,273,287,310,336,290,275,239,254,243,210,151,159,122,85,60,66,72,54,52,69,25,37,36,25,20,17,14,10,13,18,6,11,2,4,4,5,2,1,0,2,0,2,0,0,0,0,"22,142"
ANTAPANI,ANTAPANI KIDUL,0,243,388,374,324,362,362,338,365,344,341,309,308,328,365,345,350,349,358,379,407,398,422,419,441,430,436,449,442,435,453,399,379,380,424,457,401,414,402,389,353,328,360,305,291,299,271,332,312,276,277,287,337,309,342,345,311,352,320,332,297,264,264,278,208,206,172,149,134,122,88,62,101,83,67,66,41,47,27,32,23,21,23,16,19,16,11,15,8,2,6,2,5,2,1,2,0,0,0,0,0,0,"24,128"
BANDUNG KIDUL,BATUNUNGGAL,0,193,290,278,270,287,290,294,297,297,277,304,305,327,332,307,321,272,287,279,272,316,283,307,259,272,277,254,266,272,270,239,258,290,292,377,302,313,313,332,315,299,295,265,278,293,278,274,248,220,240,221,274,211,203,198,165,192,183,147,135,144,151,134,128,123,113,102,99,73,85,66,90,52,74,78,42,48,39,28,28,35,29,21,15,13,7,14,8,7,6,1,6,3,4,2,1,2,1,0,0,0,"18,077"
BANDUNG KIDUL,WATES,0,84,120,161,149,139,143,142,157,120,151,127,158,152,148,159,132,135,110,138,161,132,142,141,118,131,117,126,101,107,129,125,126,148,166,170,143,153,157,165,150,152,152,117,141,135,112,117,117,98,107,104,101,92,82,80,54,82,66,61,53,66,57,58,48,38,28,31,20,19,30,13,25,18,22,22,6,18,10,12,7,6,7,4,4,3,1,3,0,1,2,0,1,1,1,0,1,0,0,0,0,0,"8,139"
BANDUNG KIDUL,MENGGER,0,71,144,141,138,185,172,150,154,197,167,173,177,192,176,196,175,187,166,154,182,187,160,190,159,166,161,171,159,157,137,157,167,191,165,177,169,192,181,167,174,160,184,155,156,153,121,140,145,158,136,121,144,124,140,110,83,102,91,88,75,84,60,61,50,44,31,47,29,31,24,35,38,20,27,34,25,21,11,16,9,9,7,10,9,4,6,10,2,0,3,1,0,1,0,1,2,1,0,0,0,0,"10,033"
BANDUNG KIDUL,KUJANGSARI,0,228,351,324,354,338,318,344,383,339,370,342,344,352,376,377,418,377,309,337,336,356,325,371,321,321,330,311,334,272,320,320,323,374,351,358,384,397,383,355,331,345,334,302,302,332,343,297,330,274,273,244,266,267,205,238,162,218,181,171,164,142,152,141,141,118,91,131,85,57,67,52,76,45,36,63,25,45,31,30,24,20,21,12,7,1,6,11,7,6,3,2,4,2,2,1,0,0,0,1,0,0,"20,660"
BUAHBATU,SEKEJATI,0,72,127,117,127,129,137,127,130,119,134,135,120,124,132,123,146,167,131,158,144,156,144,146,148,153,127,140,127,125,147,141,156,151,162,159,146,140,156,129,125,101,140,117,120,110,125,130,129,142,108,107,120,114,98,118,110,89,86,111,75,85,70,89,64,70,54,45,40,36,43,25,28,20,15,28,6,18,12,8,12,13,5,4,2,4,1,5,3,1,1,1,2,3,1,0,1,0,1,0,0,0,"8,543"
BUAHBATU,MARGASARI,0,422,591,583,626,574,605,640,680,634,636,634,607,627,684,632,608,650,554,624,580,606,599,597,589,546,557,539,597,560,570,571,631,640,641,728,645,682,669,625,559,624,610,567,559,634,518,525,534,468,466,415,495,395,375,382,301,349,326,287,309,292,269,257,225,235,183,212,163,133,141,125,158,97,101,107,83,106,71,47,48,41,43,17,28,21,17,21,8,14,9,7,3,2,2,1,0,2,0,0,0,0,"36,770"
BUAHBATU,CIJAURA,0,265,383,444,445,430,451,468,438,475,438,442,440,447,461,474,439,488,395,417,442,442,416,462,400,437,398,417,441,423,422,408,478,474,401,491,464,490,484,459,413,429,417,397,378,409,328,347,383,354,305,300,341,289,299,288,222,279,250,244,227,231,232,192,172,187,109,164,120,98,67,80,104,63,66,84,42,60,32,38,25,27,24,14,9,13,9,9,6,3,1,3,2,1,1,0,0,0,0,0,0,0,"26,276"
BUAHBATU,JATISARI,0,240,350,389,383,375,354,399,393,386,373,374,350,405,423,417,387,427,372,410,400,445,462,481,453,442,441,456,461,447,463,449,401,417,393,412,421,397,417,386,364,361,368,357,349,329,299,335,370,331,348,313,366,364,378,395,304,370,300,245,249,215,204,228,184,175,111,135,105,72,66,55,89,59,46,73,27,61,45,39,30,20,27,15,14,13,7,17,5,8,2,1,4,3,5,1,0,0,0,0,0,0,"25,107"
RANCASARI,CIPAMOKOLAN,0,233,369,388,336,404,386,391,390,363,375,378,350,375,426,401,362,429,358,349,382,353,405,373,348,368,382,408,406,361,385,374,390,391,370,413,392,355,368,342,378,365,364,328,366,336,304,328,325,288,292,249,298,264,251,297,188,258,233,196,194,189,179,159,169,129,89,119,84,64,63,45,72,47,55,68,25,42,28,30,19,25,24,14,15,15,10,13,10,6,8,2,7,3,1,0,1,1,0,1,0,1,"22,563"
RANCASARI,DERWATI,0,171,240,261,263,303,275,265,268,283,292,258,285,279,327,345,330,348,288,310,333,306,317,352,304,326,318,280,306,232,257,269,263,269,239,315,252,286,287,289,267,262,271,242,257,274,224,288,271,259,272,203,277,242,215,251,172,201,157,166,134,108,107,118,81,109,57,75,59,33,43,30,58,30,30,46,16,41,21,20,19,11,15,10,10,16,5,11,5,1,1,3,2,0,3,1,0,0,0,0,0,1,"17,292"
RANCASARI,MUNJAHLEGA,0,252,318,338,327,319,303,375,360,326,365,318,324,323,323,286,333,361,327,337,354,334,317,363,356,332,300,336,367,315,384,386,406,418,406,480,437,435,439,395,324,368,377,329,299,311,305,293,285,265,207,230,236,246,221,204,171,202,205,236,245,223,244,266,256,236,189,230,183,136,107,140,144,99,105,133,70,83,67,60,37,38,44,18,20,19,9,12,10,10,10,4,5,3,2,1,2,1,0,1,0,0,"22,551"
RANCASARI,MEKARMULYA,0,197,287,276,281,305,280,311,326,326,292,291,332,296,328,289,318,330,210,259,243,242,265,266,241,243,230,264,243,268,281,254,290,301,275,368,304,322,331,295,292,267,310,268,250,313,239,253,254,229,202,204,177,163,146,154,127,160,135,118,129,109,122,112,118,126,78,89,68,66,52,49,58,34,44,51,25,34,25,20,11,20,13,9,5,7,7,7,3,2,1,2,3,1,1,0,0,1,0,0,0,0,"16,823"
ARCAMANIK,SUKAMISKIN,0,220,283,297,310,305,320,311,274,309,277,288,278,325,323,285,317,360,293,300,306,348,379,329,348,334,382,357,377,358,356,351,311,378,362,395,337,310,317,277,282,278,263,279,271,287,257,288,282,257,277,251,313,272,292,295,240,250,241,234,239,208,218,195,181,175,102,125,114,97,79,76,72,58,42,72,35,48,36,37,33,22,17,22,20,15,7,14,5,9,5,3,2,1,0,1,1,0,0,0,2,0,"20,384"
ARCAMANIK,CISARANTEN BINA HARAPAN,0,135,170,203,196,197,198,215,227,195,192,209,193,168,201,214,209,185,157,201,189,168,212,176,178,153,137,185,187,168,151,169,187,201,201,203,211,210,196,219,183,187,183,174,190,188,158,154,158,138,131,148,141,119,104,116,59,112,113,87,90,97,92,96,78,78,57,74,51,39,38,40,43,22,32,46,17,25,17,18,20,10,12,13,5,11,5,10,0,4,3,1,1,1,1,0,0,0,1,1,0,3,"11,361"
ARCAMANIK,CISARANTEN KULON,0,238,389,377,340,364,346,393,381,366,348,367,365,378,367,409,318,326,341,332,314,339,307,295,336,290,315,321,372,285,305,337,333,413,372,426,383,399,340,334,334,340,331,323,314,316,270,285,297,285,275,218,250,211,189,195,193,206,146,168,179,154,148,138,127,142,71,109,74,64,62,54,67,54,50,68,31,51,34,38,25,32,13,14,15,17,6,8,7,6,4,4,4,2,0,0,0,1,0,0,0,2,"20,582"
ARCAMANIK,SINDANGLAYA/CISANTREN ENDAH,0,185,285,264,294,269,308,309,313,314,321,331,355,351,304,359,339,338,337,307,362,347,347,401,329,287,285,310,270,282,272,267,319,324,306,315,290,317,326,296,280,283,271,275,289,289,244,289,273,257,263,203,277,247,212,220,160,186,194,145,140,129,131,110,108,103,65,77,39,34,50,23,46,37,25,33,20,30,28,16,19,6,19,10,4,14,3,11,4,4,3,0,2,2,1,0,0,2,0,0,0,0,"18,340"
CIBIRU,PALASARI,0,244,354,338,356,354,368,396,402,361,345,353,377,393,396,402,375,396,342,389,376,409,451,388,359,397,374,328,353,321,336,304,351,356,324,423,391,353,398,372,325,342,339,360,338,345,279,379,347,276,244,247,290,250,250,237,156,210,194,183,145,144,147,142,129,120,70,90,68,66,50,46,79,43,35,54,25,44,24,21,20,9,9,14,5,11,6,10,5,5,2,2,4,1,0,2,1,0,1,0,0,2,"21,547"
CIBIRU,CIPADUNG,0,146,204,229,220,199,205,211,218,213,225,233,227,243,225,226,258,237,172,195,207,211,209,221,208,201,187,205,227,189,193,164,177,165,202,210,204,209,197,173,192,169,184,157,192,215,169,166,172,145,153,130,145,130,141,124,90,117,96,87,119,77,85,71,81,75,39,49,42,24,32,22,33,20,36,48,17,27,22,24,14,12,18,7,5,10,4,2,3,7,2,1,4,0,1,0,1,0,0,0,0,2,"12,055"
CIBIRU,PASIR BIRU,0,242,318,314,346,350,368,388,383,369,373,380,368,395,383,436,384,411,348,358,380,402,383,384,357,331,383,350,339,351,345,337,332,339,366,405,364,387,386,375,325,320,306,326,355,365,302,328,349,308,262,283,284,229,232,259,174,211,201,181,157,131,140,131,121,136,83,103,63,48,44,50,56,45,44,58,29,25,29,24,13,15,18,8,8,11,5,8,2,6,3,2,1,1,0,1,1,1,1,1,0,1,"21,434"
CIBIRU,CISURUPAN,0,188,270,237,259,255,287,281,299,277,313,291,253,314,282,295,293,291,275,219,224,247,251,256,234,269,218,249,241,217,216,218,241,259,243,276,281,278,324,290,215,275,264,198,203,290,218,241,237,211,163,149,184,189,154,139,135,166,119,90,114,106,89,100,67,81,38,54,47,41,28,21,36,40,21,55,22,25,18,12,13,9,23,5,7,10,5,13,2,1,4,3,2,1,0,0,0,1,0,0,0,0,"15,165"
UJUNG BERUNG,CIGENDING,0,174,217,229,243,234,263,274,271,315,247,272,270,282,287,302,313,271,247,256,270,274,235,245,266,271,239,234,230,214,227,222,242,276,273,264,258,261,281,246,238,261,242,239,253,264,198,251,235,208,204,205,220,175,202,185,148,183,176,157,126,119,134,125,115,99,74,76,63,46,59,41,43,43,45,53,35,28,29,28,18,22,23,10,13,8,1,12,5,6,5,4,4,0,0,3,1,3,2,2,0,1,"15,763"
UJUNG BERUNG,PASANGGRAHAN,0,205,292,334,286,309,325,331,335,344,329,332,338,343,325,368,366,364,297,310,279,304,318,307,291,286,308,294,303,267,258,246,259,294,316,303,312,298,303,313,272,273,290,302,294,326,277,280,279,266,232,179,255,189,171,200,141,158,142,124,131,128,103,122,92,111,74,98,67,50,61,35,66,47,49,62,24,47,21,26,16,11,25,9,9,9,6,7,6,3,5,3,2,1,1,1,1,1,0,0,1,1,"18,174"
UJUNG BERUNG,PASIR ENDAH,0,176,245,232,260,242,246,239,274,246,232,277,216,259,276,274,279,265,227,214,250,270,276,263,260,229,240,222,249,234,233,244,268,264,273,307,245,288,266,228,218,227,226,206,205,244,228,210,231,221,201,185,177,183,165,174,144,171,175,159,154,123,128,120,116,107,83,88,72,58,42,36,76,37,29,47,19,37,23,20,18,16,15,13,5,8,5,10,4,6,5,2,1,0,2,1,1,1,0,0,0,0,"15,266"
UJUNG BERUNG,PASIR JATI,0,164,251,248,284,285,308,308,270,314,299,281,286,306,262,322,277,295,253,255,272,258,287,254,237,250,257,255,224,237,227,231,248,252,269,309,290,329,258,249,240,252,276,243,254,264,204,254,216,215,206,176,199,147,168,175,106,138,143,118,106,101,94,87,97,97,50,66,41,45,34,26,67,34,28,51,26,32,22,18,13,21,21,12,5,8,10,10,4,2,6,0,0,1,1,0,0,0,0,0,0,1,"15,692"
UJUNG BERUNG,PASIRWANGI,0,164,261,297,279,242,292,269,308,270,305,282,272,273,286,270,257,252,215,253,228,266,260,254,236,244,231,234,233,195,203,206,252,233,247,308,280,293,277,243,242,253,248,209,220,240,198,232,209,185,182,146,167,145,126,141,107,136,101,96,105,111,94,78,91,67,40,71,47,43,34,21,58,34,31,30,21,37,25,12,19,10,16,9,6,12,4,11,2,1,3,3,3,1,1,0,0,1,0,0,0,0,"14,705"
GEDEBAGE,CIMENERANG,0,216,290,301,293,317,269,317,291,319,331,290,298,303,304,308,337,307,267,333,321,331,343,375,341,331,359,354,319,339,289,330,328,299,333,354,313,359,342,329,297,276,270,281,252,297,231,273,251,215,287,221,250,245,255,247,189,254,197,206,182,159,159,182,150,135,98,108,88,62,64,55,75,59,70,62,35,43,33,40,18,17,24,24,19,15,15,17,7,11,9,6,5,3,1,1,2,0,0,0,0,0,"19,427"
GEDEBAGE,CISANTREN KIDUL,0,48,78,61,76,57,58,86,79,71,91,90,53,74,80,89,76,72,61,52,60,62,67,52,55,46,49,63,43,53,42,57,51,61,52,81,74,75,78,76,67,94,87,69,76,66,62,54,61,46,40,39,32,33,34,31,15,32,33,26,20,17,25,28,9,15,7,14,8,9,4,2,15,5,2,5,3,5,2,2,0,1,3,3,1,1,0,0,1,0,0,2,0,1,0,1,0,0,1,0,0,0,"3,758"
GEDEBAGE,RANCABOLANG,0,31,68,69,53,69,62,95,87,95,101,103,95,110,120,126,116,136,106,94,96,84,76,78,59,54,46,51,65,40,50,57,53,30,48,67,63,68,77,65,73,84,82,99,105,107,104,102,101,80,81,72,73,57,44,44,29,39,31,32,22,23,26,16,24,13,13,14,9,12,12,12,15,3,9,11,3,5,5,2,1,2,0,0,1,0,2,1,0,1,0,0,2,0,0,0,0,0,0,0,0,1,"4,662"
GEDEBAGE,RANCANUMPANG,0,101,159,180,210,192,197,219,207,227,198,204,216,178,179,190,172,179,128,152,142,133,131,122,123,110,103,127,126,130,148,134,156,167,171,199,174,213,233,205,215,224,209,185,178,186,143,156,144,120,132,97,103,103,70,65,62,83,50,65,51,45,44,46,34,37,31,24,29,19,14,9,24,25,19,15,6,16,5,3,3,5,9,3,3,3,0,2,2,3,0,1,1,0,1,0,0,0,0,0,0,0,"9,657"
PANYILEUKAN,CIPADUNG KULON,0,79,118,118,123,101,82,108,95,90,85,97,82,93,88,100,97,107,88,85,111,123,140,120,139,131,151,166,153,135,154,137,144,152,141,124,111,106,103,81,74,82,81,73,57,72,69,68,75,61,83,76,111,100,122,131,132,139,112,110,91,78,66,70,47,46,25,17,20,17,11,9,10,11,7,10,4,9,5,3,7,5,6,3,2,4,3,4,3,0,1,1,0,0,0,0,0,0,0,0,0,0,"6,881"
PANYILEUKAN,CIPADUNG KIDUL,0,134,191,202,235,193,214,217,191,198,210,211,212,220,234,220,234,250,201,240,236,258,251,250,218,253,232,211,209,224,192,181,189,197,194,224,199,208,208,182,188,209,185,184,154,212,169,172,178,172,180,142,185,163,158,179,130,148,121,127,120,100,98,90,85,81,43,49,40,36,29,30,34,26,27,36,17,21,17,10,12,17,7,4,5,6,0,2,3,0,1,0,3,0,2,1,1,1,0,1,0,0,"12,734"
PANYILEUKAN,CIPADUNG WETAN,0,131,197,213,162,178,174,178,168,207,210,199,198,220,242,266,301,254,253,273,290,317,315,311,293,298,287,288,271,242,215,201,188,178,176,180,184,175,177,168,178,193,165,169,177,221,197,227,251,242,268,257,272,273,269,263,240,232,214,177,134,105,97,104,94,82,49,51,48,50,29,36,37,26,29,32,11,29,22,17,12,11,7,10,7,3,7,8,0,5,2,1,2,0,1,0,0,0,0,0,0,0,"14,421"
PANYILEUKAN,MEKAR MULYA,0,41,49,77,67,45,69,59,48,49,54,64,54,63,56,62,62,78,50,63,51,73,57,59,50,62,51,52,67,51,37,46,58,53,59,71,63,69,71,54,54,66,58,46,46,62,31,43,47,41,47,38,54,31,37,27,19,39,28,27,27,28,24,23,14,17,11,10,5,13,10,5,10,4,6,10,2,10,3,2,3,3,2,6,0,1,0,3,1,2,0,0,0,2,1,0,0,2,0,0,0,0,"3,365"
CINAMBO,CISARANTEN WETAN,0,62,120,114,100,105,115,106,120,107,109,115,86,95,96,124,109,87,104,95,88,100,105,100,111,88,95,104,115,112,111,103,106,130,132,124,86,122,127,102,96,98,84,91,93,110,85,73,95,103,74,67,76,55,53,54,41,52,55,28,42,33,33,19,32,33,17,23,23,14,17,17,20,10,13,22,9,16,12,14,4,8,3,2,1,3,2,1,2,1,1,0,2,0,0,1,0,0,0,0,0,0,"6,063"
CINAMBO,PAKEMITAN,0,50,82,94,95,91,92,112,94,98,102,90,91,99,90,106,104,100,81,90,100,73,95,91,95,86,86,77,78,65,91,81,101,87,88,103,75,102,105,92,86,94,86,90,77,84,89,73,82,76,72,61,62,47,64,52,53,66,60,37,40,54,33,40,39,37,25,25,30,13,15,12,24,12,14,23,11,11,14,4,13,4,3,4,2,4,3,1,2,1,1,0,1,0,0,0,0,0,0,0,0,0,"5,458"
CINAMBO,SUKAMULYA,0,77,104,108,100,102,99,99,93,99,95,93,89,87,113,103,89,106,77,95,89,95,94,83,76,97,83,92,86,62,86,82,64,101,90,115,87,105,114,102,99,115,95,81,75,111,86,66,71,67,51,69,84,41,44,44,46,55,42,46,53,48,40,34,35,36,16,29,23,19,15,13,12,12,11,15,10,6,6,5,3,6,8,3,3,5,3,1,1,2,0,0,1,0,3,1,0,0,0,0,0,0,"5,497"
CINAMBO,BABAKAN PENGHULU,0,73,118,119,107,126,138,110,126,124,135,99,119,129,138,133,115,112,118,114,122,115,128,112,102,113,101,99,135,94,103,110,127,111,104,141,113,147,122,120,131,137,128,100,129,118,92,83,84,90,99,74,85,72,71,63,51,73,63,51,49,38,53,39,19,39,25,20,15,14,15,6,24,11,10,17,10,15,15,6,7,7,9,1,3,4,1,5,1,3,2,1,0,0,1,1,0,1,0,0,0,0,"6,853"
MANDALAJATI,JATIHANDAP,0,301,430,463,406,410,444,476,443,451,433,472,384,440,468,445,437,445,362,414,368,442,421,368,376,413,403,369,379,393,379,377,418,434,462,508,474,456,505,478,424,366,388,360,368,342,317,364,320,287,303,290,302,280,248,253,192,252,214,213,227,162,178,171,165,153,111,101,97,53,65,51,92,54,53,78,38,43,38,26,26,24,13,16,11,17,12,11,5,3,4,0,0,1,1,1,1,0,0,0,0,0,"24,732"
MANDALAJATI,KARANG PAMULANG,0,190,293,271,282,270,317,293,304,289,284,305,312,314,306,305,264,294,289,258,246,282,308,283,315,235,259,306,303,262,278,272,273,294,275,333,292,282,312,253,242,236,237,269,251,248,195,227,264,233,204,205,231,186,195,204,141,201,151,124,155,138,123,130,84,100,55,72,48,51,38,37,53,34,31,58,23,33,21,14,19,11,16,11,4,8,4,8,3,2,2,2,1,0,2,0,0,0,0,0,0,0,"16,738"
MANDALAJATI,PASIR IMPUN,0,126,189,192,209,229,223,218,202,190,228,194,218,232,207,188,193,230,188,189,203,196,196,195,186,202,194,195,184,202,173,181,201,204,159,212,229,192,210,181,144,173,172,159,153,191,177,152,162,143,124,130,139,130,118,119,94,117,112,97,92,102,94,79,57,66,44,54,27,48,38,23,43,23,20,26,20,23,19,12,10,8,7,6,7,6,0,2,2,1,2,0,2,0,0,0,0,0,0,0,0,0,"11,509"
MANDALAJATI,SINDANG JAYA,0,151,223,213,218,214,250,255,217,223,240,222,203,214,243,256,217,225,190,183,214,198,223,217,201,230,219,216,225,180,199,195,198,244,221,268,283,253,231,234,211,202,251,210,212,200,168,174,188,178,180,132,158,125,146,149,121,127,138,125,130,98,120,114,97,113,69,85,51,52,41,54,51,27,37,48,21,28,13,17,21,12,17,11,15,3,1,5,2,1,2,1,2,1,1,0,0,0,0,0,0,0,"13,362"
