lokasi,nama_komoditas,2017-08-01,2017-08-02,2017-08-03,2017-08-04,2017-08-05,2017-08-06,2017-08-07,2017-08-08,2017-08-09,2017-08-10,2017-08-11,2017-08-12,2017-08-13,2017-08-14,2017-08-15,2017-08-16,2017-08-17,2017-08-18,2017-08-19,2017-08-20,2017-08-21,2017-08-22,2017-08-23,2017-08-24,2017-08-25,2017-08-26,2017-08-27,2017-08-28,2017-08-29,2017-08-30,2017-08-31
"Pasar Kosambi","Beras Medium",10000,10000,10000,10000,0,0,0,0,10000,10000,10000,0,0,10000,10000,10000,0,10000,0,0,10000,10000,0,10000,10000,0,0,10000,10000,10000,10000
"Pasar Kosambi","Cabe Merah",30000,30000,30000,30000,0,0,0,0,40000,40000,40000,0,0,40000,40000,40000,0,40000,0,0,40000,40000,0,40000,40000,0,0,40000,40000,40000,60000
"Pasar Kosambi","Bawang Merah",30000,30000,30000,30000,0,0,0,0,30000,30000,30000,0,0,30000,30000,30000,0,30000,0,0,30000,30000,0,30000,30000,0,0,30000,30000,30000,30000
"Pasar Kosambi","Daging Ayam Ras",35000,35000,35000,35000,0,0,0,0,33000,33000,33000,0,0,33000,33000,33000,0,33000,0,0,33000,33000,0,33000,33000,0,0,33000,33000,33000,35000
"Pasar Kosambi","Telur Ayam Ras",23000,23000,23000,23000,0,0,0,0,22500,22500,22500,0,0,22500,20000,20000,0,20000,0,0,21000,21000,0,21000,21000,0,0,21000,21000,21000,21000
"Pasar Kosambi","Daging Sapi",120000,120000,120000,120000,0,0,0,0,120000,120000,120000,0,0,120000,120000,120000,0,120000,0,0,120000,120000,0,120000,120000,0,0,120000,120000,120000,120000
"Pasar Kosambi","Minyak Goreng",15000,15000,15000,15000,0,0,0,0,15000,15000,15000,0,0,15000,15000,15000,0,15000,0,0,15000,15000,0,15000,15000,0,0,15000,15000,15000,15000
"Pasar Kosambi","Gula Pasir",14000,14000,14000,14000,0,0,0,0,14000,14000,14000,0,0,14000,14000,14000,0,14000,0,0,14000,14000,0,14000,14000,0,0,14000,14000,14000,14000
"Pasar Kosambi",Kentang,15000,15000,15000,15000,0,0,0,0,15000,15000,15000,0,0,15000,15000,15000,0,15000,0,0,15000,15000,0,15000,15000,0,0,15000,15000,15000,18000
"Pasar Kosambi",Kedelai,11000,11000,11000,11000,0,0,0,0,11000,11000,11000,0,0,11000,11000,11000,0,11000,0,0,11000,11000,0,11000,11000,0,0,11000,11000,11000,11000
"Pasar Kosambi","Tepung Terigu",7500,7500,7500,7500,0,0,0,0,7500,7500,7500,0,0,7500,7500,7500,0,7500,0,0,7500,7500,0,7500,7500,0,0,7500,7500,7500,7500
"Pasar Kosambi","Bawang Putih",30000,30000,30000,30000,0,0,0,0,30000,30000,30000,0,0,30000,30000,30000,0,30000,0,0,30000,30000,0,30000,30000,0,0,35000,35000,35000,35000
"Pasar Kosambi","Cabe Keriting",30000,30000,30000,30000,0,0,0,0,30000,30000,30000,0,0,30000,30000,30000,0,30000,0,0,40000,40000,0,40000,40000,0,0,40000,40000,40000,40000
"Pasar Kosambi","Cabe Rawit",50000,50000,50000,50000,0,0,0,0,50000,50000,50000,0,0,50000,50000,50000,0,50000,0,0,30000,30000,0,30000,30000,0,0,30000,30000,30000,40000
"Pasar Kosambi","Kacang Tanah",28000,28000,28000,28000,0,0,0,0,28000,28000,28000,0,0,28000,28000,28000,0,28000,0,0,28000,28000,0,28000,28000,0,0,28000,28000,28000,28000
"Pasar Kosambi","Ubi Kayu",4000,4000,4000,4000,0,0,0,0,4000,4000,4000,0,0,4000,4000,4000,0,4000,0,0,4000,4000,0,4000,4000,0,0,4000,4000,4000,4000
"Pasar Kosambi","Ubi Jalar",0,0,0,0,0,0,0,0,0,0,0,0,0,0,0,0,0,0,0,0,0,0,0,0,0,0,0,0,0,0,0
"Pasar Kosambi",Jagung,10000,10000,10000,10000,0,0,0,0,10000,10000,10000,0,0,10000,10000,10000,0,10000,0,0,10000,10000,0,10000,10000,0,0,10000,10000,10000,10000
"Pasar Kosambi","Ikan Olahan",80000,80000,80000,0,0,0,0,0,0,0,0,0,0,0,0,0,0,0,0,0,0,0,0,0,0,0,0,0,0,0,0
"Pasar Kosambi","Beras Premium",0,0,0,0,0,0,0,0,0,0,0,0,0,0,0,0,0,0,0,0,0,0,0,0,0,0,0,0,0,0,0
"Pasar Kosambi","Minyak Goreng Curah",12000,12000,12000,12000,0,0,0,0,12000,12000,12000,0,0,11500,11500,11500,0,11500,0,0,11500,11500,0,11500,11500,0,0,11500,11500,11500,11500
"Pasar Kosambi","Daging Ayam Kampung",75000,75000,75000,75000,0,0,0,0,75000,75000,75000,0,0,75000,75000,75000,0,75000,0,0,75000,75000,0,75000,75000,0,0,75000,75000,75000,75000
"Pasar Kosambi","Telur Ayam Kampung",40000,40000,40000,40000,0,0,0,0,40000,40000,40000,0,0,40000,40000,40000,0,40000,0,0,40000,40000,0,40000,40000,0,0,40000,40000,40000,40000
"Pasar Kosambi","Susu Kental Manis Merk Bendera",10000,10000,10000,10000,0,0,0,0,10000,10000,10000,0,0,10000,10000,10000,0,10000,0,0,10000,10000,0,10000,10000,0,0,10000,10000,10000,10000
"Pasar Kosambi","Susu Kental Manis Merk Indomilk",9500,9500,9500,9500,0,0,0,0,9500,9500,9500,0,0,9500,9500,9500,0,9500,0,0,9500,9500,0,9500,9500,0,0,9500,9500,9500,9500
"Pasar Kosambi","Garam Beryodium Bata",2500,2500,2500,2500,0,0,0,0,2500,2500,2500,0,0,2500,2500,2500,0,2500,0,0,2500,2500,0,2500,2500,0,0,2500,2500,2500,2500
"Pasar Kosambi","Garam Beryodium Halus",12000,12000,12000,12000,0,0,0,0,12000,12000,12000,0,0,12000,12000,12000,0,12000,0,0,12000,12000,0,12000,12000,0,0,12000,12000,12000,12000
"Pasar Kosambi","Tepung Terigu Cakra Kembar",7500,7500,7500,7500,0,0,0,0,7500,7500,7500,0,0,7500,7500,7500,0,7500,0,0,7500,7500,0,7500,7500,0,0,7500,7500,7500,7500
"Pasar Kosambi","Tepung Terigu Kunci",7000,7000,7000,7000,0,0,0,0,7000,7000,7000,0,0,7000,7000,7000,0,7000,0,0,7000,7000,0,7000,7000,0,0,7000,7000,7000,7000
"Pasar Kosambi","Mie Instan",2300,2300,2300,2300,0,0,0,0,2300,2300,2300,0,0,2300,2300,2300,0,2300,0,0,2300,2300,0,2300,2300,0,0,2300,2300,2300,2300
"Pasar Kosambi","Cabe Rawit Hijau",40000,40000,40000,40000,0,0,0,0,40000,40000,40000,0,0,40000,40000,40000,0,40000,0,0,40000,40000,0,40000,40000,0,0,40000,40000,40000,40000
"Pasar Kosambi","Kacang Hijau",19000,19000,19000,19000,0,0,0,0,19000,19000,19000,0,0,19000,19000,19000,0,19000,0,0,19000,19000,0,19000,19000,0,0,19000,19000,19000,19000
"Pasar Kosambi","Susu Bubuk Dancow",0,0,0,34500,0,0,0,0,34500,34500,34500,0,0,34500,34500,34500,0,34500,0,0,34500,34500,0,34500,34500,0,0,34500,34500,34500,34500
"Pasar Kosambi","Susu Bubuk Indomilk",30000,30000,30000,30000,0,0,0,0,30000,30000,30000,0,0,30000,30000,30000,0,30000,0,0,30000,30000,0,30000,30000,0,0,30000,30000,30000,30000
"Pasar Kosambi","Ikan Kembung",35000,35000,35000,35000,0,0,0,0,35000,35000,35000,0,0,35000,35000,35000,0,35000,0,0,35000,35000,0,35000,35000,0,0,35000,35000,35000,35000
