lokasi,nama_komoditas,2015-01-01,2015-01-02,2015-01-03,2015-01-04,2015-01-05,2015-01-06,2015-01-07,2015-01-08,2015-01-09,2015-01-10,2015-01-11,2015-01-12,2015-01-13,2015-01-14,2015-01-15,2015-01-16,2015-01-17,2015-01-18,2015-01-19,2015-01-20,2015-01-21,2015-01-22,2015-01-23,2015-01-24,2015-01-25,2015-01-26,2015-01-27,2015-01-28,2015-01-29,2015-01-30,2015-01-31
"Pasar Sederhana","Beras Medium",0,0,0,0,0,0,0,9500,9500,9500,9500,0,0,0,0,9500,9500,0,0,0,10000,10000,10000,10000,10000,0,0,10000,0,0,0
"Pasar Sederhana","Cabe Merah",0,0,0,0,0,0,70000,70000,70000,65000,65000,0,0,0,0,40000,40000,0,0,0,30000,30000,30000,30000,30000,0,0,30000,0,0,0
"Pasar Sederhana","Bawang Merah",0,0,0,0,0,0,18000,18000,18000,18000,18000,0,0,0,0,18000,18000,0,0,0,18000,18000,18000,18000,18000,0,0,18000,0,0,0
"Pasar Sederhana","Daging Ayam Ras",0,0,0,0,0,0,31000,31000,31000,31000,31000,0,0,0,0,31000,31000,0,0,0,32000,32000,32000,32000,32000,0,0,30000,0,0,0
"Pasar Sederhana","Telur Ayam Ras",0,0,0,0,0,0,21000,21000,21000,21000,21000,0,0,0,0,22000,22000,0,0,0,23000,23000,23000,23000,0,0,0,23000,0,0,0
"Pasar Sederhana","Daging Sapi",0,0,0,0,0,0,100000,100000,100000,100000,100000,0,0,0,0,100000,100000,0,0,0,100000,0,0,100000,100000,0,0,100000,0,0,0
"Pasar Sederhana","Minyak Goreng",0,0,0,0,0,0,14000,14000,14000,14000,14000,0,0,0,0,14000,14000,0,0,0,14000,14000,14000,14000,14000,0,0,14000,0,0,0
"Pasar Sederhana","Gula Pasir",0,0,0,0,0,0,11000,0,0,0,0,0,0,0,0,0,0,0,0,0,0,11000,11000,11000,11000,0,0,11000,0,0,0
"Pasar Sederhana",Kentang,0,0,0,0,0,0,12000,12000,12000,12000,12000,0,0,0,0,12000,12000,0,0,0,12000,0,0,0,0,0,0,0,0,0,0
"Pasar Sederhana",Kedelai,0,0,0,0,0,0,12000,12000,12000,12000,12000,0,0,0,0,12000,12000,0,0,0,12000,12000,12000,12000,12000,0,0,12000,0,0,0
"Pasar Sederhana","Tepung Terigu",0,0,0,0,0,0,8000,8000,8000,8000,8000,0,0,0,0,8000,8000,0,0,0,8000,8000,8000,8000,8000,0,0,8000,0,0,0
"Pasar Sederhana","Bawang Putih",0,0,0,0,0,0,16000,16000,16000,16000,16000,0,0,0,0,16000,16000,0,0,0,16000,16000,16000,16000,16000,0,0,16000,0,0,0
"Pasar Sederhana","Cabe Keriting",0,0,0,0,0,0,70000,70000,70000,70000,70000,0,0,0,0,60000,60000,0,0,0,35000,35000,35000,35000,30000,0,0,30000,0,0,0
"Pasar Sederhana","Cabe Rawit",0,0,0,0,0,0,110000,110000,110000,100000,100000,0,0,0,0,100000,100000,0,0,0,70000,70000,70000,70000,70000,0,0,60000,0,0,0
"Pasar Sederhana","Kacang Tanah",0,0,0,0,0,0,20000,20000,20000,20000,20000,0,0,0,0,20000,20000,0,0,0,20000,0,0,0,0,0,0,0,0,0,0
"Pasar Sederhana","Ubi Kayu",0,0,0,0,0,0,4000,4000,4000,4000,4000,0,0,0,0,4000,4000,0,0,0,4000,0,0,0,0,0,0,0,0,0,0
"Pasar Sederhana","Ubi Jalar",0,0,0,0,0,0,0,0,0,0,0,0,0,0,0,0,0,0,0,0,0,0,0,0,0,0,0,0,0,0,0
"Pasar Sederhana",Jagung,0,0,0,0,0,0,8000,8000,8000,7000,7000,0,0,0,0,7000,7000,0,0,0,7000,7000,7000,7000,7000,0,0,7000,0,0,0
"Pasar Sederhana","Ikan Olahan",0,0,0,0,0,0,70000,70000,70000,70000,70000,0,0,0,0,70000,70000,0,0,0,70000,70000,70000,70000,70000,0,0,70000,0,0,0
"Pasar Sederhana","Beras Premium",0,0,0,0,0,0,0,0,0,0,0,0,0,0,0,0,0,0,0,0,0,0,0,0,0,0,0,0,0,0,0
"Pasar Sederhana","Minyak Goreng Curah",0,0,0,0,0,0,11000,11000,11000,11000,11000,0,0,0,0,11000,11000,0,0,0,11000,10000,11000,11000,11000,0,0,11000,0,0,0
"Pasar Sederhana","Daging Ayam Kampung",0,0,0,0,0,0,0,0,0,0,0,0,0,0,0,0,0,0,0,0,0,0,0,0,0,0,0,0,0,0,0
"Pasar Sederhana","Telur Ayam Kampung",0,0,0,0,0,0,45000,45000,45000,45000,45000,0,0,0,0,45000,45000,0,0,0,45000,45000,45000,45000,45000,0,0,45000,0,0,0
"Pasar Sederhana","Susu Kental Manis Merk Bendera",0,0,0,0,0,0,9500,9500,9500,9500,9500,0,0,0,0,9500,9500,0,0,0,9500,9500,9500,9500,9500,0,0,9500,0,0,0
"Pasar Sederhana","Susu Kental Manis Merk Indomilk",0,0,0,0,0,0,0,0,0,0,0,0,0,0,0,0,0,0,0,0,0,0,0,0,0,0,0,0,0,0,0
"Pasar Sederhana","Garam Beryodium Bata",0,0,0,0,0,0,1000,1000,1000,1000,1000,0,0,0,0,1000,1000,0,0,0,1000,1000,1000,1000,1000,0,0,1000,0,0,0
"Pasar Sederhana","Garam Beryodium Halus",0,0,0,0,0,0,4000,4000,4000,4000,4000,0,0,0,0,4000,4000,0,0,0,4000,4000,4000,4000,4000,0,0,4000,0,0,0
"Pasar Sederhana","Tepung Terigu Cakra Kembar",0,0,0,0,0,0,8500,8500,8500,8500,8500,0,0,0,0,8500,8500,0,0,0,8500,8500,8500,8500,8500,0,0,8500,0,0,0
"Pasar Sederhana","Tepung Terigu Kunci",0,0,0,0,0,0,7500,7500,7500,7500,7500,0,0,0,0,7500,7500,0,0,0,7500,7500,7500,0,7500,0,0,7500,0,0,0
"Pasar Sederhana","Mie Instan",0,0,0,0,0,0,0,0,0,0,0,0,0,0,0,0,0,0,0,0,0,0,0,0,0,0,0,0,0,0,0
"Pasar Sederhana","Cabe Rawit Hijau",0,0,0,0,0,0,70000,70000,70000,70000,70000,0,0,0,0,45000,45000,0,0,0,40000,40000,40000,40000,30000,0,0,30000,0,0,0
"Pasar Sederhana","Kacang Hijau",0,0,0,0,0,0,0,0,0,0,0,0,0,0,0,0,0,0,0,0,0,0,0,0,0,0,0,0,0,0,0
"Pasar Sederhana","Susu Bubuk Dancow",0,0,0,0,0,0,0,0,0,0,0,0,0,0,0,0,0,0,0,0,0,0,0,0,0,0,0,0,0,0,0
"Pasar Sederhana","Susu Bubuk Indomilk",0,0,0,0,0,0,0,0,0,0,0,0,0,0,0,0,0,0,0,0,0,0,0,0,0,0,0,0,0,0,0
"Pasar Sederhana","Ikan Kembung",0,0,0,0,0,0,0,0,0,0,0,0,0,0,0,0,0,0,0,0,0,0,0,0,0,0,0,0,0,0,0
