lokasi,nama_komoditas,2016-04-01,2016-04-08,2016-04-15,2016-04-22,2016-04-29,2016-04-04,2016-04-05,2016-04-06,2016-04-07,2016-04-11,2016-04-12,2016-04-13,2016-04-14,2016-04-18,2016-04-19,2016-04-20,2016-04-21,2016-04-25,2016-04-26,2016-04-27,2016-04-28,2016-04-02
Pasar Andir,Beras Medium,10000,10000,10000,10000,0,10000,10000,10000,10000,10000,10000,10000,10000,10000,10000,10000,10000,10000,10000,10000,10000,0
Pasar Andir,Cabe Merah,45000,43000,30000,27000,0,43000,43000,43000,43000,30000,30000,30000,30000,27000,27000,27000,27000,18000,18000,18000,18000,30000
Pasar Andir,Bawang Merah,40000,45000,38000,38000,0,45000,45000,45000,45000,38000,38000,38000,38000,38000,38000,38000,38000,38000,38000,38000,38000,38000
Pasar Andir,Daging Ayam Ras,28000,28000,28000,29000,0,28000,28000,28000,28000,28000,28000,28000,28000,29000,29000,29000,29000,29000,29000,29000,29000,0
Pasar Andir,Telur Ayam Ras,18000,18500,19000,19000,0,18000,18500,18500,18500,19000,19000,19000,19000,19000,19000,19000,19000,19000,19000,19000,19000,19000
Pasar Andir,Daging Sapi,115000,115000,115000,115000,0,115000,115000,115000,115000,115000,115000,115000,115000,115000,115000,115000,115000,115000,115000,115000,115000,0
Pasar Andir,Minyak Goreng,14000,14000,14000,14000,0,14000,14000,14000,14000,14000,14000,14000,14000,14000,14000,14000,14000,14000,14000,14000,14000,14000
Pasar Andir,Gula Pasir,13000,13000,13000,13000,0,13000,13000,13000,13000,13000,13000,13000,13000,13000,13000,13000,13000,13000,13000,13000,13000,13000
Pasar Andir,Kentang,10000,10000,9000,9000,0,10000,10000,10000,10000,9000,9000,9000,9000,9000,9000,9000,9000,9000,9000,9000,9000,9000
Pasar Andir,Kedelai,11000,11000,11000,11000,0,11000,11000,11000,11000,11000,11000,11000,11000,11000,11000,11000,11000,11000,11000,11000,11000,11000
Pasar Andir,Tepung Terigu,7500,7500,7500,7500,0,7500,7500,7500,7500,7500,7500,7500,7500,7500,7500,7500,7500,7500,7500,7500,7500,0
Pasar Andir,Bawang Putih,40000,45000,38000,38000,0,45000,45000,45000,45000,38000,38000,38000,38000,38000,38000,38000,38000,38000,38000,38000,38000,38000
Pasar Andir,Cabe Keriting,45000,43000,30000,23000,0,43000,43000,43000,43000,30000,30000,30000,30000,23000,23000,0,23000,18000,18000,18000,18000,30000
Pasar Andir,Cabe Rawit,55000,55000,40000,30000,0,55000,55000,55000,55000,33000,40000,40000,40000,30000,30000,30000,0,22000,22000,22000,22000,40000
Pasar Andir,Kacang Tanah,28000,28000,28000,28000,0,28000,28000,28000,28000,28000,28000,28000,28000,28000,28000,28000,28000,3000,3000,28000,28000,28000
Pasar Andir,Ubi Kayu,3000,3000,3000,3000,0,3000,3000,3000,3000,3000,3000,3000,3000,3000,3000,3000,3000,3000,3000,3000,3000,3000
Pasar Andir,Ubi Jalar,0,0,0,0,0,0,0,0,0,0,0,0,0,0,0,0,0,0,0,0,0,0
Pasar Andir,Jagung,7000,7000,7000,8000,0,7000,7000,7000,7000,7000,7000,7000,7000,8000,8000,8000,8000,8000,8000,8000,8000,7000
Pasar Andir,Ikan Olahan,60000,60000,60000,60000,0,60000,60000,60000,60000,60000,60000,60000,60000,60000,60000,60000,60000,60000,60000,60000,60000,60000
Pasar Andir,Beras Premium,0,0,0,0,0,0,0,0,0,0,0,0,0,0,0,0,0,0,0,0,0,0
Pasar Andir,Minyak Goreng Curah,11000,10000,11000,11000,0,11000,11000,10000,10000,11000,11000,11000,11000,11000,11000,11000,11000,11000,11000,11000,11000,11000
Pasar Andir,Daging Ayam Kampung,60000,60000,60000,60000,0,60000,60000,60000,60000,60000,60000,60000,60000,60000,60000,60000,60000,60000,60000,60000,60000,0
Pasar Andir,Telur Ayam Kampung,40000,40000,40000,40000,0,40000,40000,40000,40000,40000,40000,40000,40000,40000,40000,40000,40000,40000,40000,40000,40000,40000
Pasar Andir,Susu Kental Manis Merk Bendera,9500,9500,9500,9500,0,9500,9500,9500,9500,9500,9500,9500,9500,9500,9500,9500,9500,9500,9500,9500,9500,9500
Pasar Andir,Susu Kental Manis Merk Indomilk,9000,9000,9000,9000,0,9000,9000,9000,9000,9000,9000,9000,9000,9000,9000,9000,9000,9000,9000,9000,9000,0
Pasar Andir,Garam Beryodium Bata,1000,1000,1000,1000,0,1000,1000,1000,1000,1000,5000,1000,1000,1000,1000,1000,1000,1000,1000,1000,1000,1000
Pasar Andir,Garam Beryodium Halus,5000,5000,5000,5000,0,5000,5000,5000,5000,5000,5000,5000,5000,5000,5000,5000,5000,0,0,0,5000,5000
Pasar Andir,Tepung Terigu Cakra Kembar,7500,7500,7500,7500,0,7500,7500,7500,7500,7500,7500,7500,7500,7500,7500,7500,7500,7500,7500,7500,7500,7500
Pasar Andir,Tepung Terigu Kunci,7000,7000,7000,7000,0,7000,7000,7000,7000,7000,7000,7000,7000,7000,7000,7000,7000,7000,7000,7000,7000,7000
Pasar Andir,Mie Instan,2000,2000,2000,2000,0,2000,2000,2000,2000,2000,2000,2000,2000,2000,2000,2000,2000,2000,2000,2000,2000,2000
Pasar Andir,Cabe Rawit Hijau,40000,38000,33000,18000,0,38000,38000,38000,38000,33000,33000,33000,33000,18000,18000,18000,18000,18000,18000,18000,18000,33000
Pasar Andir,Kacang Hijau,21000,21000,21000,21000,0,21000,21000,21000,21000,21000,21000,21000,21000,21000,21000,21000,21000,21000,21000,21000,21000,21000
Pasar Andir,Susu Bubuk Dancow,35000,35000,35000,35000,0,35000,35000,35000,35000,35000,35000,35000,35000,35000,35000,35000,35000,35000,35000,35000,35000,35000
Pasar Andir,Susu Bubuk Indomilk,32000,32000,32000,32000,0,32000,32000,32000,32000,32000,32000,32000,32000,32000,32000,32000,32000,32000,32000,32000,32000,0
Pasar Andir,Ikan Kembung,30000,30000,30000,30000,0,30000,30000,30000,30000,30000,30000,30000,30000,30000,30000,30000,30000,0,30000,30000,30000,30000
