lokasi,nama_komoditas,2018-01-01,2018-01-02,2018-01-03,2018-01-04,2018-01-05,2018-01-06,2018-01-07,2018-01-08,2018-01-09,2018-01-10,2018-01-11,2018-01-12,2018-01-13,2018-01-14,2018-01-15,2018-01-16,2018-01-17,2018-01-18,2018-01-19,2018-01-20,2018-01-21,2018-01-22,2018-01-23,2018-01-24,2018-01-25,2018-01-26,2018-01-27,2018-01-28,2018-01-29,2018-01-30,2018-01-31
"Pasar Kosambi","Beras Medium",0,11000,11000,11000,11000,0,0,11000,11000,11000,12000,12000,0,0,12000,13000,13000,13000,13000,0,0,13000,12500,12500,12500,12500,0,0,12500,12500,12500
"Pasar Kosambi","Cabe Merah",0,50000,50000,50000,50000,0,0,50000,50000,50000,50000,50000,0,0,50000,50000,50000,50000,50000,0,0,50000,50000,50000,50000,50000,0,0,50000,50000,50000
"Pasar Kosambi","Bawang Merah",0,32000,32000,32000,32000,0,0,32000,32000,32000,25000,25000,0,0,25000,25000,25000,25000,60000,0,0,25000,25000,25000,25000,25000,0,0,25000,25000,25000
"Pasar Kosambi","Daging Ayam Ras",0,37000,37000,37000,37000,0,0,36000,36000,36000,37000,37000,0,0,36000,36000,40000,40000,42000,0,0,37000,36000,36000,36000,36000,0,0,35000,35000,35000
"Pasar Kosambi","Telur Ayam Ras",0,27000,27000,27000,27000,0,0,26000,26000,26000,25500,25500,0,0,25500,25000,25000,25000,25000,0,0,25000,25000,25000,25000,25000,0,0,24000,24000,24000
"Pasar Kosambi","Daging Sapi",0,120000,120000,120000,120000,0,0,0,120000,120000,120000,120000,0,0,120000,120000,120000,120000,120000,0,0,120000,120000,120000,120000,120000,0,0,120000,120000,120000
"Pasar Kosambi","Minyak Goreng",0,15000,15000,15000,15000,0,0,15000,15000,15000,15000,15000,0,0,15000,15000,15000,15000,15000,0,0,15000,15000,15000,15000,15000,0,0,15000,15000,15000
"Pasar Kosambi","Gula Pasir",0,12500,12500,12500,12500,0,0,12500,12500,12500,12500,12500,0,0,12500,12500,12500,12500,12500,0,0,12500,12500,12500,12500,12500,0,0,12500,12500,12500
"Pasar Kosambi",Kentang,0,15000,15000,15000,15000,0,0,15000,15000,15000,15000,15000,0,0,15000,15000,15000,15000,17000,0,0,17000,17000,17000,17000,17000,0,0,17000,17000,17000
"Pasar Kosambi",Kedelai,0,11000,11000,11000,11000,0,0,11000,11000,11000,11000,11000,0,0,11000,11000,11000,11000,11000,0,0,11000,11000,11000,11000,11000,0,0,11000,11000,11000
"Pasar Kosambi","Tepung Terigu",0,7500,7500,7500,7500,0,0,7500,7500,7500,7500,7500,0,0,7500,7500,7500,7500,7500,0,0,7500,7500,7500,7500,7500,0,0,7500,7500,7500
"Pasar Kosambi","Bawang Putih",0,30000,30000,30000,30000,0,0,30000,30000,30000,22000,22000,0,0,22000,22000,22000,22000,22000,0,0,30000,30000,22000,22000,22000,0,0,30000,30000,30000
"Pasar Kosambi","Cabe Keriting",0,40000,40000,40000,40000,0,0,40000,40000,40000,40000,40000,0,0,40000,40000,40000,40000,40000,0,0,40000,40000,40000,40000,40000,0,0,40000,40000,40000
"Pasar Kosambi","Cabe Rawit",0,60000,60000,60000,60000,0,0,60000,60000,60000,60000,60000,0,0,50000,60000,60000,60000,60000,0,0,60000,60000,60000,60000,60000,0,0,60000,60000,60000
"Pasar Kosambi","Kacang Tanah",0,28000,28000,28000,28000,0,0,28000,28000,28000,28000,28000,0,0,28000,28000,28000,28000,28000,0,0,28000,28000,28000,28000,28000,0,0,28000,28000,28000
"Pasar Kosambi","Ubi Kayu",0,4000,4000,4000,4000,0,0,4000,4000,4000,4000,4000,0,0,4000,4000,4000,4000,4000,0,0,4000,4000,4000,4000,4000,0,0,4000,4000,4000
"Pasar Kosambi","Ubi Jalar",0,0,0,0,0,0,0,0,0,0,0,0,0,0,0,0,0,0,0,0,0,0,0,0,0,0,0,0,0,0,0
"Pasar Kosambi",Jagung,0,10000,10000,10000,10000,0,0,10000,10000,10000,10000,10000,0,0,10000,10000,10000,10000,10000,0,0,10000,10000,10000,10000,10000,0,0,10000,10000,10000
"Pasar Kosambi","Ikan Olahan",0,0,0,0,80000,0,0,80000,80000,80000,80000,80000,0,0,80000,80000,80000,80000,80000,0,0,80000,80000,80000,0,0,0,0,80000,80000,80000
"Pasar Kosambi","Beras Premium",0,0,0,0,0,0,0,0,0,0,0,0,0,0,0,0,0,0,0,0,0,0,0,0,0,0,0,0,0,0,0
"Pasar Kosambi","Minyak Goreng Curah",0,12000,12000,12000,12000,0,0,12000,12000,12000,12000,12000,0,0,12000,12000,12000,12000,12000,0,0,12000,12000,12000,12000,12000,0,0,12000,12000,12000
"Pasar Kosambi","Daging Ayam Kampung",0,75000,75000,75000,75000,0,0,75000,75000,75000,75000,75000,0,0,75000,75000,75000,75000,75000,0,0,75000,75000,75000,75000,75000,0,0,75000,75000,75000
"Pasar Kosambi","Telur Ayam Kampung",0,40000,40000,40000,40000,0,0,40000,40000,40000,40000,40000,0,0,40000,40000,40000,40000,40000,0,0,40000,40000,40000,40000,40000,0,0,40000,40000,40000
"Pasar Kosambi","Susu Kental Manis Merk Bendera",0,10000,10000,10000,10000,0,0,10000,10000,10000,10000,10000,0,0,10000,10000,10000,10000,10000,0,0,10000,10000,10000,10000,10000,0,0,10000,10000,10000
"Pasar Kosambi","Susu Kental Manis Merk Indomilk",0,10000,10000,9500,95000,0,0,9500,9500,9500,9500,9500,0,0,9500,9500,9500,9500,9500,0,0,9500,9500,9500,9500,9500,0,0,9500,9500,9500
"Pasar Kosambi","Garam Beryodium Bata",0,2500,2500,2500,2500,0,0,2500,2500,2500,2500,2500,0,0,2500,2500,2500,2500,2500,0,0,2500,2500,2500,2500,2500,0,0,2500,2500,2500
"Pasar Kosambi","Garam Beryodium Halus",0,12000,12000,12000,12000,0,0,12000,12000,12000,12000,12000,0,0,12000,12000,12000,12000,12000,0,0,12000,12000,12000,12000,12000,0,0,12000,12000,12000
"Pasar Kosambi","Tepung Terigu Cakra Kembar",0,7500,7500,7500,7500,0,0,7500,7500,7500,7500,7500,0,0,7500,7500,7500,7500,7500,0,0,7500,7500,7500,7500,7500,0,0,7500,7500,7500
"Pasar Kosambi","Tepung Terigu Kunci",0,7000,7000,7000,7000,0,0,7000,7000,7000,7000,7000,0,0,7000,7000,7000,7000,7000,0,0,7000,7000,7000,7000,7000,0,0,7000,7000,7000
"Pasar Kosambi","Mie Instan",0,2300,2300,2300,2300,0,0,2300,2300,2300,2300,2300,0,0,2300,2300,2300,2300,2300,0,0,2300,2300,2300,2300,2300,0,0,2300,2300,2300
"Pasar Kosambi","Cabe Rawit Hijau",0,40000,40000,40000,40000,0,0,40000,40000,40000,50000,50000,0,0,50000,50000,50000,50000,50000,0,0,50000,50000,50000,50000,50000,0,0,50000,50000,50000
"Pasar Kosambi","Kacang Hijau",0,20000,20000,20000,20000,0,0,20000,20000,20000,20000,20000,0,0,20000,20000,20000,20000,20000,0,0,20000,20000,20000,20000,20000,0,0,20000,20000,20000
"Pasar Kosambi","Susu Bubuk Dancow",0,34500,34500,34500,34500,0,0,34500,34500,34500,34500,34500,0,0,34500,34500,34500,34500,34500,0,0,34500,34500,34500,34500,34500,0,0,34500,34500,34500
"Pasar Kosambi","Susu Bubuk Indomilk",0,30000,30000,30000,30000,0,0,30000,30000,30000,30000,30000,0,0,30000,30000,30000,30000,30000,0,0,30000,30000,30000,30000,30000,0,0,30000,30000,30000
"Pasar Kosambi","Ikan Kembung",0,40000,40000,40000,40000,0,0,40000,40000,40000,40000,40000,0,0,40000,40000,40000,40000,40000,0,0,40000,40000,40000,40000,40000,0,0,40000,40000,40000
