lokasi,nama_komoditas,2016-12-01,2016-12-02,2016-12-03,2016-12-04,2016-12-05,2016-12-06,2016-12-07,2016-12-08,2016-12-09,2016-12-10,2016-12-11,2016-12-12,2016-12-13,2016-12-14,2016-12-15,2016-12-16,2016-12-17,2016-12-18,2016-12-19,2016-12-20,2016-12-21,2016-12-22,2016-12-23,2016-12-24,2016-12-25,2016-12-26,2016-12-27,2016-12-28,2016-12-29,2016-12-30,2016-12-31
"Pasar Kiaracondong","Beras Medium",10000,10000,0,0,10000,10000,10000,10000,10000,0,0,0,0,10000,10000,0,0,10000,10000,10000,10000,10000,10000,0,0,0,10000,10000,10000,10000,0
"Pasar Kiaracondong","Cabe Merah",60000,50000,0,0,50000,50000,50000,50000,50000,0,0,0,0,50000,50000,0,0,50000,50000,50000,50000,50000,50000,0,0,0,40000,40000,40000,40000,0
"Pasar Kiaracondong","Bawang Merah",40000,40000,0,0,40000,40000,40000,40000,40000,0,0,0,0,40000,40000,0,0,40000,35000,30000,30000,0,30000,0,0,0,26000,26000,26000,26000,0
"Pasar Kiaracondong","Daging Ayam Ras",30000,28000,0,0,28000,28000,28000,28000,28000,0,0,0,0,28000,28000,0,0,28000,30000,32000,32000,32000,32000,0,0,0,32000,32000,32000,32000,0
"Pasar Kiaracondong","Telur Ayam Ras",19000,19000,0,0,19000,19000,19000,19000,19000,0,0,0,0,19000,19000,0,0,19000,20500,22000,10000,22000,23000,0,0,0,22000,22000,22000,22000,0
"Pasar Kiaracondong","Daging Sapi",120000,120000,0,0,120000,120000,120000,120000,120000,0,0,0,0,120000,120000,0,0,120000,120000,120000,120000,120000,120000,0,0,0,120000,120000,120000,120000,0
"Pasar Kiaracondong","Minyak Goreng",0,15000,0,0,15000,15000,15000,15000,15000,0,0,0,0,15000,15000,0,0,15000,15000,15000,15000,15000,15000,0,0,0,15000,15000,15000,15000,0
"Pasar Kiaracondong","Gula Pasir",12500,13000,0,0,13000,13000,13000,13000,13000,0,0,0,0,13000,13000,0,0,13000,13000,13000,13000,13000,13000,0,0,0,14000,14000,14000,14000,0
"Pasar Kiaracondong",Kentang,14000,12000,0,0,12000,12000,12000,0,12000,0,0,0,0,12000,12000,0,0,12000,12000,12000,12000,12000,12000,0,0,0,14000,14000,14000,14000,0
"Pasar Kiaracondong",Kedelai,10000,0,0,0,10000,0,0,10000,10000,0,0,0,0,10000,10000,0,0,10000,10000,10000,10000,10000,10000,0,0,0,11000,11000,11000,11000,0
"Pasar Kiaracondong","Tepung Terigu",7000,7000,0,0,7000,7000,7000,7000,7000,0,0,0,0,7000,7000,0,0,7000,7000,7000,7000,70000,7000,0,0,0,7000,7000,7000,7000,0
"Pasar Kiaracondong","Bawang Putih",36000,38000,0,0,38000,38000,38000,38000,38000,0,0,0,0,38000,38000,0,0,38000,37000,36000,36000,36000,0,0,0,0,37000,37000,37000,37000,0
"Pasar Kiaracondong","Cabe Keriting",60000,60000,0,0,60000,60000,60000,60000,60000,0,0,0,0,60000,60000,0,0,60000,55000,50000,50000,50000,50000,0,0,0,50000,50000,50000,50000,0
"Pasar Kiaracondong","Cabe Rawit",40000,40000,0,0,40000,40000,40000,40000,40000,0,0,0,0,90000,90000,0,0,90000,90000,90000,90000,90000,100000,0,0,0,90000,90000,90000,90000,0
"Pasar Kiaracondong","Kacang Tanah",26000,26000,0,0,26000,26000,26000,26000,26000,0,0,0,0,26000,26000,0,0,26000,25000,24000,24000,24000,24000,0,0,0,26000,26000,26000,26000,0
"Pasar Kiaracondong","Ubi Kayu",5000,5000,0,0,5000,5000,5000,5000,0,0,0,0,0,5000,5000,0,0,5000,5000,5000,5000,5000,5000,0,0,0,5000,5000,5000,5000,0
"Pasar Kiaracondong","Ubi Jalar",0,0,0,0,0,0,0,0,0,0,0,0,0,0,0,0,0,0,0,0,0,0,0,0,0,0,0,0,0,0,0
"Pasar Kiaracondong",Jagung,9000,9000,0,0,9000,9000,9000,9000,9000,0,0,0,0,9000,9000,0,0,9000,9000,9000,9000,9000,9000,0,0,0,8000,8000,8000,8000,0
"Pasar Kiaracondong","Ikan Olahan",60000,60000,0,0,60000,60000,60000,60000,60000,0,0,0,0,60000,60000,0,0,60000,60000,60000,60000,60000,60000,0,0,0,60000,60000,60000,60000,0
"Pasar Kiaracondong","Beras Premium",0,0,0,0,0,0,0,0,0,0,0,0,0,0,0,0,0,0,0,0,0,0,0,0,0,0,0,0,0,0,0
"Pasar Kiaracondong","Minyak Goreng Curah",12500,12000,0,0,12000,12000,12000,12000,12000,0,0,0,0,12000,12000,0,0,12000,12000,10000,10000,12000,12000,0,0,0,13000,11000,13000,13000,0
"Pasar Kiaracondong","Daging Ayam Kampung",75000,75000,0,0,0,75000,75000,75000,75000,0,0,0,0,75000,75000,0,0,75000,75000,75000,75000,75000,75000,0,0,0,75000,75000,75000,75000,0
"Pasar Kiaracondong","Telur Ayam Kampung",45000,45000,0,0,45000,45000,45000,45000,45000,0,0,0,0,45000,45000,0,0,45000,45000,45000,45000,45000,45000,0,0,0,45000,45000,45000,45000,0
"Pasar Kiaracondong","Susu Kental Manis Merk Bendera",11000,11000,0,0,11000,11000,11000,11000,11000,0,0,0,0,11000,11000,0,0,11000,11000,11000,11000,11000,11000,0,0,0,11000,11000,11000,11000,0
"Pasar Kiaracondong","Susu Kental Manis Merk Indomilk",10000,10000,0,0,10000,10000,10000,10000,10000,0,0,0,0,10000,10000,0,0,10000,10000,10000,10000,10000,10000,0,0,0,10000,10000,10000,10000,0
"Pasar Kiaracondong","Garam Beryodium Bata",1000,1000,0,0,1000,1000,1000,1000,1000,0,0,0,0,1000,1000,0,0,1000,1000,1000,1000,1000,1000,0,0,0,1000,1000,1000,1000,0
"Pasar Kiaracondong","Garam Beryodium Halus",6000,6000,0,0,6000,6000,6000,6000,6000,0,0,0,0,6000,6000,0,0,6000,6000,6000,6000,6000,6000,0,0,0,6000,6000,6000,6000,0
"Pasar Kiaracondong","Tepung Terigu Cakra Kembar",8000,8000,0,0,8000,8000,8000,8000,8000,0,0,0,0,8000,8000,0,0,8000,8000,8000,8000,8000,8000,0,0,0,8000,8000,8000,8000,0
"Pasar Kiaracondong","Tepung Terigu Kunci",7500,7500,0,0,7500,7500,7500,7500,7500,0,0,0,0,7500,7500,0,0,7500,7500,7500,7500,7500,7500,0,0,0,7500,7500,7500,7500,0
"Pasar Kiaracondong","Mie Instan",2500,2500,0,0,2500,2500,2500,2500,2500,0,0,0,0,2500,2500,0,0,2500,2500,2500,2500,2500,2500,0,0,0,2500,2500,2500,2500,0
"Pasar Kiaracondong","Cabe Rawit Hijau",40000,40000,0,0,40000,40000,40000,40000,40000,0,0,0,0,80000,80000,0,0,80000,80000,80000,80000,80000,80000,0,0,0,80000,80000,80000,80000,0
"Pasar Kiaracondong","Kacang Hijau",21000,20000,0,0,20000,20000,20000,20000,20000,0,0,0,0,20000,20000,0,0,20000,20500,21000,21000,21000,21000,0,0,0,21000,21000,21000,21000,0
"Pasar Kiaracondong","Susu Bubuk Dancow",38300,38300,0,0,38300,38300,38300,38300,38300,0,0,0,0,38300,38300,0,0,38300,38300,38300,38300,38300,38300,0,0,0,0,38300,38300,38300,0
"Pasar Kiaracondong","Susu Bubuk Indomilk",34950,34950,0,0,34950,34950,34950,34950,34950,0,0,0,0,34950,34950,0,0,34950,34950,34950,34950,34950,34950,0,0,0,34950,34950,34950,34950,0
"Pasar Kiaracondong","Ikan Kembung",35000,35000,0,0,35000,35000,35000,35000,35000,0,0,0,0,35000,35000,0,0,35000,35000,35000,35000,35000,35000,0,0,0,35000,35000,37000,37000,0
