lokasi,nama_komoditas,2016-02-05,2016-02-12,2016-02-19,2016-02-26,2016-02-01,2016-02-02,2016-02-03,2016-02-09,2016-02-10,2016-02-11,2016-02-15,2016-02-16,2016-02-17,2016-02-18,2016-02-23,2016-02-24,2016-02-25,2016-02-29,2016-02-04,2016-02-06,2016-02-22
Pasar Kiaracondong,Beras Medium,10000,10000,0,0,10000,10000,10000,10000,10000,10000,10000,10000,10000,10000,10000,0,10000,10000,10000,0,10000
Pasar Kiaracondong,Cabe Merah,55000,60000,0,0,0,45000,55000,60000,60000,60000,60000,60000,60000,60000,55000,0,30000,40000,55000,55000,55000
Pasar Kiaracondong,Bawang Merah,24000,20000,0,0,0,24000,24000,30000,20000,20000,24000,24000,24000,24000,24000,0,24000,40000,24000,24000,24000
Pasar Kiaracondong,Daging Ayam Ras,36000,36000,0,0,38000,36000,36000,36000,36000,36000,36000,36000,36000,36000,34000,0,34000,30000,36000,0,34000
Pasar Kiaracondong,Telur Ayam Ras,21500,22000,0,0,23000,22000,22000,21500,22000,22000,22000,22000,22000,22000,0,0,22000,19000,22000,21500,22000
Pasar Kiaracondong,Daging Sapi,120000,120000,0,0,120000,120000,120000,120000,120000,120000,120000,120000,120000,120000,120000,0,120000,120000,120000,0,120000
Pasar Kiaracondong,Minyak Goreng,15000,15000,0,0,14000,14000,15000,13000,0,15000,15000,15000,15000,15000,15000,0,15000,13000,15000,15000,0
Pasar Kiaracondong,Gula Pasir,13000,13000,0,0,13000,13000,13000,12500,13000,13000,13000,13000,13000,13000,13000,0,13000,11000,13000,13000,13000
Pasar Kiaracondong,Kentang,10000,12000,0,0,0,12000,10000,8000,12000,12000,10000,10000,10000,10000,10000,0,10000,8000,10000,10000,10000
Pasar Kiaracondong,Kedelai,10000,11000,0,0,0,10000,11000,10000,11000,11000,11000,11000,11000,11000,11000,0,10000,10000,11000,10000,11000
Pasar Kiaracondong,Tepung Terigu,7000,7000,0,0,0,7000,7000,7000,7000,7000,7000,7000,7000,7000,7000,0,7000,7000,0,0,7000
Pasar Kiaracondong,Bawang Putih,30000,30000,0,0,0,30000,30000,32000,30000,30000,30000,30000,30000,30000,30000,0,30000,40000,30000,30000,30000
Pasar Kiaracondong,Cabe Keriting,30000,30000,0,0,0,0,30000,40000,30000,30000,40000,40000,0,40000,30000,0,30000,40000,30000,30000,30000
Pasar Kiaracondong,Cabe Rawit,30000,30000,0,0,0,40000,30000,30000,30000,30000,30000,30000,30000,30000,20000,0,0,60000,30000,30000,30000
Pasar Kiaracondong,Kacang Tanah,23000,26000,0,0,0,26000,24000,23000,26000,26000,25000,0,25000,25000,24000,0,23000,24000,24000,23000,24000
Pasar Kiaracondong,Ubi Kayu,5000,5000,0,0,0,5000,5000,5000,5000,5000,5000,5000,5000,5000,5000,0,5000,5000,5000,5000,5000
Pasar Kiaracondong,Ubi Jalar,0,0,0,0,0,0,0,0,0,0,0,0,0,0,0,0,0,0,0,0,0
Pasar Kiaracondong,Jagung,6000,8000,0,0,0,8000,6000,6000,8000,8000,8000,8000,8000,8000,6000,0,6000,8000,6000,6000,6000
Pasar Kiaracondong,Ikan Olahan,60000,60000,0,0,0,60000,60000,60000,60000,60000,60000,60000,60000,60000,60000,0,60000,60000,60000,60000,60000
Pasar Kiaracondong,Beras Premium,0,0,0,0,0,0,0,0,0,0,0,0,0,0,0,0,0,0,0,0,0
Pasar Kiaracondong,Minyak Goreng Curah,10500,10000,0,0,10000,10000,11000,10500,10000,10000,10000,10000,10000,10000,11000,0,11000,11000,11000,10500,11000
Pasar Kiaracondong,Daging Ayam Kampung,65000,65000,0,0,65000,65000,65000,65000,65000,65000,65000,65000,65000,65000,45000,0,65000,65000,65000,0,65000
Pasar Kiaracondong,Telur Ayam Kampung,45000,50000,0,0,45000,45000,45000,45000,50000,50000,50000,45000,22000,45000,45000,0,45000,45000,45000,45000,45000
Pasar Kiaracondong,Susu Kental Manis Merk Bendera,11000,11000,0,0,11000,11000,11000,11000,11000,11000,11000,11000,11000,11000,11000,0,11000,11000,11000,11000,11000
Pasar Kiaracondong,Susu Kental Manis Merk Indomilk,9000,10000,0,0,10000,10000,10000,10000,10000,10000,10000,10000,10000,10000,10000,0,10000,10000,10000,0,10000
Pasar Kiaracondong,Garam Beryodium Bata,1000,1000,0,0,0,1000,1000,1000,1000,1000,1000,1000,1000,1000,1000,0,1000,1000,1000,1000,1000
Pasar Kiaracondong,Garam Beryodium Halus,6000,4000,0,0,0,4000,6000,6000,4000,4000,6000,6000,6000,6000,6000,0,6000,6000,6000,6000,6000
Pasar Kiaracondong,Tepung Terigu Cakra Kembar,8000,8000,0,0,0,8000,8000,8000,8000,8000,8000,8000,8000,8000,0,0,8000,8000,8000,8000,8000
Pasar Kiaracondong,Tepung Terigu Kunci,7500,7500,0,0,0,7500,7500,7500,7500,7500,7500,7500,7500,0,7500,0,7500,7500,7500,7500,7500
Pasar Kiaracondong,Mie Instan,2500,2500,0,0,0,2500,2500,2500,2500,2500,2500,2500,2500,2500,2500,0,2500,2500,2500,2500,2500
Pasar Kiaracondong,Cabe Rawit Hijau,20000,20000,0,0,0,20000,20000,25000,20000,20000,30000,30000,30000,30000,20000,0,20000,40000,20000,20000,20000
Pasar Kiaracondong,Kacang Hijau,22000,22000,0,0,0,24000,22000,22000,22000,22000,23000,23000,23000,23000,22000,0,22000,22000,22000,22000,22000
Pasar Kiaracondong,Susu Bubuk Dancow,38300,38300,0,0,0,38300,38300,38300,38300,38300,38300,38300,38300,38300,38300,0,38300,38300,38300,38300,38300
Pasar Kiaracondong,Susu Bubuk Indomilk,34950,34950,0,0,0,34950,34950,34950,34950,34950,34950,34950,34950,34950,0,0,34950,34950,34950,0,34950
Pasar Kiaracondong,Ikan Kembung,35000,35000,0,0,0,35000,35000,35000,35000,35000,35000,35000,35000,35000,35000,0,35000,35000,35000,35000,35000
