lokasi,nama_komoditas,2018-02-01,2018-02-02,2018-02-03,2018-02-04,2018-02-05,2018-02-06,2018-02-07,2018-02-08,2018-02-09,2018-02-10,2018-02-11,2018-02-12,2018-02-13,2018-02-14,2018-02-15,2018-02-16,2018-02-17,2018-02-18,2018-02-19,2018-02-20,2018-02-21,2018-02-22,2018-02-23,2018-02-24,2018-02-25,2018-02-26,2018-02-27,2018-02-28
"Pasar Andir","Beras Medium",12500,12500,0,0,12500,12500,12500,12500,12500,0,0,12500,12500,12500,12500,0,0,0,12500,12500,0,12500,12500,0,0,12500,12500,12500
"Pasar Andir","Cabe Merah",45000,45000,0,0,45000,45000,45000,45000,45000,0,0,45000,45000,45000,45000,0,0,0,47000,47000,0,47000,47000,0,0,47000,47000,47000
"Pasar Andir","Bawang Merah",18000,18000,0,0,18000,18000,18000,18000,18000,0,0,20000,20000,20000,20000,0,0,0,20000,20000,0,20000,20000,0,0,22000,22000,22000
"Pasar Andir","Daging Ayam Ras",33000,33000,0,0,35000,35000,35000,35000,36000,0,0,34000,34000,34000,34000,0,0,0,34000,34000,0,34000,34000,0,0,33000,33000,33000
"Pasar Andir","Telur Ayam Ras",23000,22000,0,0,22000,22000,22000,22000,24000,0,0,23000,23000,23000,23000,0,0,0,23000,23000,0,23000,23000,0,0,23000,23000,23000
"Pasar Andir","Daging Sapi",120000,120000,0,0,120000,120000,120000,120000,120000,0,0,120000,120000,120000,120000,0,0,0,120000,120000,0,120000,120000,0,0,120000,120000,120000
"Pasar Andir","Minyak Goreng",14500,14500,0,0,14500,14500,14500,14500,14500,0,0,14500,14500,14500,14500,0,0,0,14500,14500,0,14500,14500,0,0,14500,14500,14500
"Pasar Andir","Gula Pasir",12500,12500,0,0,12500,12500,12500,12500,12500,0,0,12500,12500,12500,12500,0,0,0,12500,12500,0,12500,12500,0,0,12500,12500,12500
"Pasar Andir",Kentang,16000,16000,0,0,16000,16000,16000,16000,16000,0,0,16000,16000,16000,16000,0,0,0,16000,16000,0,16000,16000,0,0,16000,16000,16000
"Pasar Andir",Kedelai,11000,11000,0,0,11000,11000,11000,11000,11000,0,0,11000,11000,11000,11000,0,0,0,11000,11000,0,11000,11000,0,0,11000,11000,11000
"Pasar Andir","Tepung Terigu",7500,7500,0,0,7500,7500,7500,7500,7500,0,0,7500,7500,7500,7500,0,0,0,7500,7500,0,7500,7500,0,0,7500,7500,7500
"Pasar Andir","Bawang Putih",21000,21000,0,0,21000,25000,25000,21000,21000,0,0,25000,21000,21000,23000,0,0,0,25000,25000,0,25000,25000,0,0,25000,25000,25000
"Pasar Andir","Cabe Keriting",35000,35000,0,0,35000,35000,35000,35000,38000,0,0,38000,38000,38000,38000,0,0,0,38000,38000,0,38000,38000,0,0,38000,38000,38000
"Pasar Andir","Cabe Rawit",40000,40000,0,0,40000,40000,40000,40000,40000,0,0,40000,40000,40000,40000,0,0,0,55000,55000,0,55000,55000,0,0,55000,55000,55000
"Pasar Andir","Kacang Tanah",27000,27000,0,0,27000,27000,27000,27000,27000,0,0,27000,27000,27000,27000,0,0,0,27000,27000,0,27000,27000,0,0,27000,27000,27000
"Pasar Andir","Ubi Kayu",3000,3000,0,0,3000,3000,3000,3000,3000,0,0,3000,3000,3000,3000,0,0,0,3000,3000,0,3000,3000,0,0,3000,3000,3000
"Pasar Andir","Ubi Jalar",0,0,0,0,0,0,0,0,0,0,0,0,0,0,0,0,0,0,0,0,0,0,0,0,0,0,0,0
"Pasar Andir",Jagung,10000,10000,0,0,10000,10000,10000,10000,10000,0,0,9000,9000,9000,9000,0,0,0,9000,9000,0,9000,9000,0,0,9000,9000,9000
"Pasar Andir","Ikan Olahan",70000,70000,0,0,70000,70000,70000,70000,70000,0,0,70000,70000,70000,70000,0,0,0,70000,70000,0,70000,70000,0,0,70000,70000,70000
"Pasar Andir","Beras Premium",0,0,0,0,0,0,0,0,0,0,0,0,0,0,0,0,0,0,0,0,0,0,0,0,0,0,0,0
"Pasar Andir","Minyak Goreng Curah",11500,11500,0,0,11500,11500,11500,11500,11500,0,0,11500,11500,11500,11500,0,0,0,11500,11500,0,11500,11500,0,0,11500,11500,11500
"Pasar Andir","Daging Ayam Kampung",75000,75000,0,0,75000,75000,75000,75000,75000,0,0,75000,75000,75000,75000,0,0,0,75000,75000,0,75000,75000,0,0,75000,75000,75000
"Pasar Andir","Telur Ayam Kampung",40000,40000,0,0,45000,45000,45000,45000,45000,0,0,45000,45000,45000,45000,0,0,0,45000,45000,0,45000,45000,0,0,45000,45000,45000
"Pasar Andir","Susu Kental Manis Merk Bendera",9500,9500,0,0,9500,9500,9500,9500,9500,0,0,9500,9500,9500,9500,0,0,0,9500,9500,0,9500,9500,0,0,9500,9500,9500
"Pasar Andir","Susu Kental Manis Merk Indomilk",9000,9000,0,0,9000,9000,9000,9000,9000,0,0,9000,9000,9000,9000,0,0,0,9000,9000,0,9000,9000,0,0,9000,9000,9000
"Pasar Andir","Garam Beryodium Bata",2000,2000,0,0,2000,2000,2000,2000,2000,0,0,2000,2000,2000,2000,0,0,0,2000,0,0,2000,2000,0,0,2000,2000,2000
"Pasar Andir","Garam Beryodium Halus",8000,8000,0,0,8000,8000,8000,8000,8000,0,0,8000,8000,8000,8000,0,0,0,8000,8000,0,8000,8000,0,0,8000,8000,8000
"Pasar Andir","Tepung Terigu Cakra Kembar",7500,7500,0,0,7500,7500,7500,7500,7500,0,0,7500,7500,7500,7500,0,0,0,7500,7500,0,7500,7500,0,0,7500,7500,7500
"Pasar Andir","Tepung Terigu Kunci",7000,7000,0,0,7000,7000,7000,7000,7000,0,0,7000,7000,7000,7000,0,0,0,7000,7000,0,7000,7000,0,0,7000,7000,7000
"Pasar Andir","Mie Instan",2000,2000,0,0,2000,2000,2000,2000,2000,0,0,2000,2000,2000,2000,0,0,0,2000,2000,0,2000,2000,0,0,2000,2000,2000
"Pasar Andir","Cabe Rawit Hijau",40000,40000,0,0,25000,25000,25000,35000,35000,0,0,35000,35000,35000,35000,0,0,0,35000,35000,0,35000,35000,0,0,35000,35000,35000
"Pasar Andir","Kacang Hijau",20000,20000,0,0,20000,20000,20000,20000,20000,0,0,20000,20000,20000,20000,0,0,0,20000,20000,0,20000,20000,0,0,20000,20000,20000
"Pasar Andir","Susu Bubuk Dancow",35000,35000,0,0,35000,35000,35000,35000,35000,0,0,35000,35000,35000,35000,0,0,0,35000,35000,0,35000,35000,0,0,35000,35000,35000
"Pasar Andir","Susu Bubuk Indomilk",32000,32000,0,0,32000,32000,32000,32000,32000,0,0,32000,32000,32000,32000,0,0,0,32000,32000,0,32000,32000,0,0,32000,32000,32000
"Pasar Andir","Ikan Kembung",35000,0,0,0,0,35000,35000,0,0,0,0,35000,0,0,35000,0,0,0,35000,35000,0,35000,35000,0,0,35000,35000,0
