lokasi,nama_komoditas,2015-08-01,2015-08-02,2015-08-03,2015-08-04,2015-08-05,2015-08-06,2015-08-07,2015-08-08,2015-08-09,2015-08-10,2015-08-11,2015-08-12,2015-08-13,2015-08-14,2015-08-15,2015-08-16,2015-08-17,2015-08-18,2015-08-19,2015-08-20,2015-08-21,2015-08-22,2015-08-23,2015-08-24,2015-08-25,2015-08-26,2015-08-27,2015-08-28,2015-08-29,2015-08-30,2015-08-31
"Pasar Kosambi","Beras Medium",0,0,9800,9800,9800,9800,9800,0,0,9800,9800,9800,9800,9800,0,0,0,0,9800,9800,9800,0,0,9800,9800,9800,9800,0,0,0,0
"Pasar Kosambi","Cabe Merah",0,0,30000,30000,30000,30000,30000,0,0,40000,40000,40000,35000,35000,0,0,0,30000,30000,30000,30000,0,0,30000,30000,30000,30000,30000,0,0,0
"Pasar Kosambi","Bawang Merah",0,0,20000,20000,20000,20000,20000,0,0,20000,20000,20000,20000,20000,0,0,0,18000,18000,18000,18000,0,0,18000,18000,18000,18000,18000,0,0,0
"Pasar Kosambi","Daging Ayam Ras",0,0,40000,40000,40000,40000,40000,0,0,40000,40000,40000,40000,40000,0,0,0,40000,40000,40000,40000,0,0,40000,40000,40000,40000,38000,0,0,0
"Pasar Kosambi","Telur Ayam Ras",0,0,20000,20000,21000,21000,21000,0,0,22000,22000,21000,23000,23000,0,0,0,23000,23000,23000,23000,0,0,23000,23000,23000,23000,23000,0,0,0
"Pasar Kosambi","Daging Sapi",0,0,120000,120000,120000,120000,120000,0,0,130000,130000,120000,120000,130000,0,0,0,130000,130000,130000,130000,0,0,130000,130000,130000,130000,130000,0,0,0
"Pasar Kosambi","Minyak Goreng",0,0,14000,14000,14000,14000,14000,0,0,14000,14000,14000,14000,14000,0,0,0,14000,14000,14000,14000,0,0,14000,14000,14000,14000,14000,0,0,0
"Pasar Kosambi","Gula Pasir",0,0,13000,13000,13000,13000,13000,0,0,13000,13000,13000,13000,13000,0,0,0,13000,13000,13000,13000,0,0,13000,13000,13000,13000,13000,0,0,0
"Pasar Kosambi",Kentang,0,0,12000,12000,12000,12000,12000,0,0,12000,12000,12000,12000,12000,0,0,0,12000,12000,12000,12000,0,0,12000,12000,12000,12000,12000,0,0,0
"Pasar Kosambi",Kedelai,0,0,11000,11000,11000,11000,11000,0,0,11000,11000,11000,11000,11000,0,0,0,11000,11000,11000,11000,0,0,11000,11000,11000,11000,11000,0,0,0
"Pasar Kosambi","Tepung Terigu",0,0,7500,7500,7500,7500,7500,0,0,7500,7500,7500,0,7500,0,0,0,0,7500,7500,7500,0,0,7500,0,7500,7500,0,0,0,0
"Pasar Kosambi","Bawang Putih",0,0,20000,20000,20000,20000,20000,0,0,20000,20000,20000,20000,20000,0,0,0,25000,25000,25000,25000,0,0,25000,25000,25000,25000,25000,0,0,0
"Pasar Kosambi","Cabe Keriting",0,0,30000,30000,30000,30000,30000,0,0,40000,40000,40000,40000,40000,0,0,0,50000,50000,50000,50000,0,0,50000,50000,50000,50000,50000,0,0,0
"Pasar Kosambi","Cabe Rawit",0,0,70000,70000,70000,70000,70000,0,0,80000,80000,80000,80000,80000,0,0,0,90000,90000,90000,90000,0,0,80000,80000,80000,80000,80000,0,0,0
"Pasar Kosambi","Kacang Tanah",0,0,28000,28000,28000,28000,28000,0,0,28000,28000,28000,28000,28000,0,0,0,28000,28000,28000,28000,0,0,28000,28000,28000,28000,28000,0,0,0
"Pasar Kosambi","Ubi Kayu",0,0,4000,4000,4000,4000,4000,0,0,4000,4000,4000,4000,4000,0,0,0,4000,4000,4000,4000,0,0,4000,4000,4000,4000,4000,0,0,0
"Pasar Kosambi","Ubi Jalar",0,0,0,0,0,0,0,0,0,0,0,0,0,0,0,0,0,0,0,0,0,0,0,0,0,0,0,0,0,0,0
"Pasar Kosambi",Jagung,0,0,7000,7000,7000,7000,7000,0,0,7000,7000,7000,7000,7000,0,0,0,7000,7000,7000,7000,0,0,7000,7000,7000,7000,7000,0,0,0
"Pasar Kosambi","Ikan Olahan",0,0,50000,50000,50000,50000,50000,0,0,50000,50000,50000,50000,50000,0,0,0,50000,50000,50000,50000,0,0,50000,50000,50000,50000,50000,0,0,0
"Pasar Kosambi","Beras Premium",0,0,0,0,0,0,0,0,0,0,0,0,0,0,0,0,0,0,0,0,0,0,0,0,0,0,0,0,0,0,0
"Pasar Kosambi","Minyak Goreng Curah",0,0,11000,11000,11000,11000,11000,0,0,11000,11000,11000,11000,11000,0,0,0,11000,11000,11000,11000,0,0,10500,10500,10500,10500,10500,0,0,0
"Pasar Kosambi","Daging Ayam Kampung",0,0,65000,65000,65000,65000,65000,0,0,65000,65000,65000,65000,65000,0,0,0,65000,65000,65000,65000,0,0,65000,65000,65000,65000,65000,0,0,0
"Pasar Kosambi","Telur Ayam Kampung",0,0,40000,40000,40000,40000,40000,0,0,40000,40000,40000,40000,40000,0,0,0,40000,40000,40000,40000,0,0,40000,40000,40000,40000,40000,0,0,0
"Pasar Kosambi","Susu Kental Manis Merk Bendera",0,0,11000,11000,11000,11000,11000,0,0,11000,11000,11000,11000,11000,0,0,0,11000,11000,11000,11000,0,0,11000,11000,11000,11000,11000,0,0,0
"Pasar Kosambi","Susu Kental Manis Merk Indomilk",0,0,9500,9500,9500,9500,9500,0,0,9500,9500,9500,9500,9500,0,0,0,9500,9500,9500,9500,0,0,9500,9500,9500,9500,9500,0,0,0
"Pasar Kosambi","Garam Beryodium Bata",0,0,1000,1000,1000,1000,1000,0,0,1000,1000,1000,1000,1000,0,0,0,1000,1000,1000,1000,0,0,1000,1000,1000,1000,1000,0,0,0
"Pasar Kosambi","Garam Beryodium Halus",0,0,3000,3000,3000,3000,3000,0,0,3000,3000,3000,3000,3000,0,0,0,3000,3000,3000,3000,0,0,3000,3000,3000,3000,3000,0,0,0
"Pasar Kosambi","Tepung Terigu Cakra Kembar",0,0,7500,7500,7500,7500,7500,0,0,7500,7500,7500,7500,7500,0,0,0,7500,7500,7500,0,0,0,7500,7500,7500,7500,7500,0,0,0
"Pasar Kosambi","Tepung Terigu Kunci",0,0,7000,7000,7000,7000,7000,0,0,7000,7000,7000,7000,7000,0,0,0,7000,7000,7000,7000,0,0,7000,7000,7000,7000,7000,0,0,0
"Pasar Kosambi","Mie Instan",0,0,2100,2100,2100,2100,2100,0,0,2100,2100,2100,2100,2100,0,0,0,0,2100,2100,2100,0,0,2100,2100,2100,2100,0,0,0,0
"Pasar Kosambi","Cabe Rawit Hijau",0,0,50000,50000,55000,55000,55000,0,0,55000,55000,55000,50000,50000,0,0,0,40000,40000,40000,40000,0,0,40000,40000,40000,40000,40000,0,0,0
"Pasar Kosambi","Kacang Hijau",0,0,22000,22000,22000,22000,22000,0,0,22000,22000,22000,22000,22000,0,0,0,22000,22000,22000,22000,0,0,22000,22000,22000,22000,22000,0,0,0
"Pasar Kosambi","Susu Bubuk Dancow",0,0,34500,34500,34500,34500,34500,0,0,34500,34500,34000,34000,34000,0,0,0,34500,34500,34500,34500,0,0,34500,34500,34500,34500,34500,0,0,0
"Pasar Kosambi","Susu Bubuk Indomilk",0,0,30000,30000,30000,30000,30000,0,0,30000,30000,30000,30000,30000,0,0,0,30000,30000,30000,30000,0,0,30000,30000,30000,30000,30000,0,0,0
"Pasar Kosambi","Ikan Kembung",0,0,30000,30000,30000,30000,30000,0,0,30000,30000,30000,30000,30000,0,0,0,30000,30000,30000,30000,0,0,30000,30000,30000,30000,30000,0,0,0
