lokasi,nama_komoditas,2014-12-01,2014-12-02,2014-12-03,2014-12-04,2014-12-05,2014-12-06,2014-12-07,2014-12-08,2014-12-09,2014-12-10,2014-12-11,2014-12-12,2014-12-13,2014-12-14,2014-12-15,2014-12-16,2014-12-17,2014-12-18,2014-12-19,2014-12-20,2014-12-21,2014-12-22,2014-12-23,2014-12-24,2014-12-25,2014-12-26,2014-12-27,2014-12-28,2014-12-29,2014-12-30,2014-12-31
"Pasar Andir","Beras Medium",0,0,9000,9000,9000,9000,9000,9000,9000,9000,9000,9000,9000,9000,0,0,9000,9000,9000,9000,9000,0,0,9500,9500,9500,0,0,0,0,0
"Pasar Andir","Cabe Merah",0,0,50000,50000,50000,50000,50000,50000,50000,70000,70000,70000,70000,70000,0,0,70000,70000,70000,70000,70000,0,0,70000,70000,70000,0,0,0,0,0
"Pasar Andir","Bawang Merah",0,0,13000,13000,13000,13000,13000,13000,13000,13000,13000,13000,13000,13000,0,0,17000,17000,17000,17000,17000,0,0,17000,17000,17000,0,0,0,0,0
"Pasar Andir","Daging Ayam Ras",0,0,26000,26000,26000,27000,27000,27000,27000,26000,26000,26000,26000,26000,0,0,26000,26000,26000,26000,26000,0,0,27000,27000,27000,0,0,0,0,0
"Pasar Andir","Telur Ayam Ras",0,0,18500,18500,18500,18500,18500,18500,18500,18500,18500,18500,18500,18500,0,0,19000,19000,19000,19000,19000,0,0,21000,21000,21000,0,0,0,0,0
"Pasar Andir","Daging Sapi",0,0,95000,95000,95000,95000,95000,95000,95000,95000,95000,95000,95000,95000,0,0,95000,95000,95000,95000,95000,0,0,95000,95000,95000,0,0,0,0,0
"Pasar Andir","Minyak Goreng",0,0,14000,14000,14000,14000,14000,14000,14000,14000,14000,14000,14000,14000,0,0,14000,14000,14000,14000,14000,0,0,14000,14000,14000,0,0,0,0,0
"Pasar Andir","Gula Pasir",0,0,11500,11500,11500,11500,11500,11500,11500,11500,11500,11500,11500,11500,0,0,11500,11500,11500,11500,11500,0,0,11500,11500,11500,0,0,0,0,0
"Pasar Andir",Kentang,0,0,12000,12000,12000,11000,11000,11000,11000,11000,11000,11000,11000,11000,0,0,11000,11000,11000,11000,11000,0,0,11000,11000,11000,0,0,0,0,0
"Pasar Andir",Kedelai,0,0,12000,12000,12000,12000,12000,12000,12000,12000,12000,12000,12000,12000,0,0,12000,12000,12000,12000,12000,0,0,12000,12000,12000,0,0,0,0,0
"Pasar Andir","Tepung Terigu",0,0,7000,7000,7000,7000,7000,7000,7000,7000,7000,7000,7000,7000,0,0,7000,7000,7000,7000,7000,0,0,7000,7000,7000,0,0,0,0,0
"Pasar Andir","Bawang Putih",0,0,14000,14000,14000,14000,14000,14000,14000,14000,14000,14000,14000,14000,0,0,15000,15000,15000,15000,15000,0,0,15000,15000,15000,0,0,0,0,0
"Pasar Andir","Cabe Keriting",0,0,60000,60000,60000,75000,75000,75000,75000,75000,75000,75000,75000,75000,0,0,75000,75000,75000,75000,75000,0,0,75000,75000,75000,0,0,0,0,0
"Pasar Andir","Cabe Rawit",0,0,74000,74000,74000,90000,95000,95000,95000,95000,95000,95000,95000,95000,0,0,90000,90000,90000,90000,90000,0,0,90000,90000,90000,0,0,0,0,0
"Pasar Andir","Kacang Tanah",0,0,17000,17000,17000,17000,17000,17000,17000,17000,17000,17000,17000,17000,0,0,17000,17000,17000,17000,17000,0,0,17000,17000,17000,0,0,0,0,0
"Pasar Andir","Ubi Kayu",0,0,3000,3000,3000,3000,3000,3000,3000,3000,3000,3000,3000,3000,0,0,3000,3000,3000,3000,3000,0,0,3000,3000,3000,0,0,0,0,0
"Pasar Andir","Ubi Jalar",0,0,0,0,0,0,0,0,0,0,0,0,0,0,0,0,0,0,0,0,0,0,0,0,0,0,0,0,0,0,0
"Pasar Andir",Jagung,0,0,8000,8000,8000,8000,8000,8000,8000,8000,8000,8000,8000,8000,0,0,8000,8000,8000,8000,8000,0,0,8000,8000,8000,0,0,0,0,0
"Pasar Andir","Ikan Olahan",0,0,45000,45000,45000,45000,45000,45000,45000,45000,45000,45000,45000,45000,0,0,45000,45000,45000,45000,45000,0,0,45000,45000,45000,0,0,0,0,0
"Pasar Andir","Beras Premium",0,0,0,0,0,0,0,0,0,0,0,0,0,0,0,0,0,0,0,0,0,0,0,0,0,0,0,0,0,0,0
"Pasar Andir","Minyak Goreng Curah",0,0,10500,10500,10500,10500,10500,10500,10500,10500,10500,10500,10500,10500,0,0,10500,10500,10500,10500,10500,0,0,10500,10500,10500,0,0,0,0,0
"Pasar Andir","Daging Ayam Kampung",0,0,0,0,0,0,0,0,0,0,0,0,0,0,0,0,0,0,0,0,0,0,0,0,0,0,0,0,0,0,0
"Pasar Andir","Telur Ayam Kampung",0,0,40000,40000,40000,40000,40000,40000,40000,40000,40000,40000,40000,40000,0,0,40000,40000,40000,40000,40000,0,0,40000,40000,40000,0,0,0,0,0
"Pasar Andir","Susu Kental Manis Merk Bendera",0,0,9500,9500,9500,9500,9500,9500,9500,9500,9500,9500,9500,9500,0,0,9500,9500,9500,9500,9500,0,0,9500,9500,9500,0,0,0,0,0
"Pasar Andir","Susu Kental Manis Merk Indomilk",0,0,0,0,0,0,0,0,0,0,0,0,0,0,0,0,0,0,0,0,0,0,0,0,0,0,0,0,0,0,0
"Pasar Andir","Garam Beryodium Bata",0,0,1000,1000,1000,1000,1000,1000,1000,1000,1000,1000,1000,1000,0,0,1000,1000,1000,1000,1000,0,0,1000,1000,1000,0,0,0,0,0
"Pasar Andir","Garam Beryodium Halus",0,0,3000,3000,3000,3000,3000,3000,3000,3000,3000,3000,3000,3000,0,0,3000,3000,3000,3000,3000,0,0,3000,3000,3000,0,0,0,0,0
"Pasar Andir","Tepung Terigu Cakra Kembar",0,0,7500,7500,7500,7500,7500,7500,7500,7500,7500,7500,7500,7500,0,0,7500,7500,7500,7500,7500,0,0,7500,7500,7500,0,0,0,0,0
"Pasar Andir","Tepung Terigu Kunci",0,0,7000,7000,7000,7000,7000,7000,7000,7000,7000,7000,7000,7000,0,0,7000,7000,7000,7000,7000,0,0,7000,7000,7000,0,0,0,0,0
"Pasar Andir","Mie Instan",0,0,0,0,0,0,0,0,0,0,0,0,0,0,0,0,0,0,0,0,0,0,0,0,0,0,0,0,0,0,0
"Pasar Andir","Cabe Rawit Hijau",0,0,55000,55000,55000,55000,55000,55000,55000,70000,70000,70000,70000,70000,0,0,70000,70000,70000,70000,70000,0,0,60000,60000,60000,0,0,0,0,0
"Pasar Andir","Kacang Hijau",0,0,0,0,0,0,0,0,0,0,0,0,0,0,0,0,0,0,0,0,0,0,0,0,0,0,0,0,0,0,0
"Pasar Andir","Susu Bubuk Dancow",0,0,0,0,0,0,0,0,0,0,0,0,0,0,0,0,0,0,0,0,0,0,0,0,0,0,0,0,0,0,0
"Pasar Andir","Susu Bubuk Indomilk",0,0,0,0,0,0,0,0,0,0,0,0,0,0,0,0,0,0,0,0,0,0,0,0,0,0,0,0,0,0,0
"Pasar Andir","Ikan Kembung",0,0,0,0,0,0,0,0,0,0,0,0,0,0,0,0,0,0,0,0,0,0,0,0,0,0,0,0,0,0,0
