nama_kecamatan,jumlah_pus,jml_pus_kps_ksi,persentase_pus_kps_ks1,jml_pus_jkn_penerima_bantuan,persentase_pus_jkn_terima_bantuan,jml_pus_jkn_bukan_penerima_bantuan,persentase_pus_jkn_bukan_penerima_bantuan,jml_pus_jkn,persentase_pus_jkn
Sukasari,9015,3666,40.67,0,0.00,0,0.00,0,0.00
Coblong,16793,6766,40.29,22,0.13,52,0.31,74,0.44
Babakan Ciparay,21619,8403,38.87,8219,38.02,13396,61.96,21615,99.98
Bojongloa Kaler,17551,7897,44.99,7644,43.55,9814,55.92,17458,99.47
Andir,14423,333,2.31,0,0.00,0,0.00,0,0.00
Cicendo,14027,8062,57.47,0,0.00,0,0.00,0,0.00
Sukajadi,16413,5104,31.10,0,0.00,0,0.00,0,0.00
Cidadap,8292,2664,32.13,2664,32.13,5627,67.86,8291,99.99
Bandung Wetan,4592,2033,44.27,0,0.00,0,0.00,0,0.00
Astana Anyar,9892,2438,24.65,0,0.00,0,0.00,0,0.00
Regol,12215,3666,30.01,3666,30.01,8549,69.99,12215,100.00
Batununggal,17544,9308,53.06,0,0.00,0,0.00,0,0.00
Lengkong,7426,3178,42.80,414,5.58,7012,94.42,7426,100.00
Cibeunying Kidul,16953,7623,44.97,7131,42.06,8562,50.50,15693,92.57
Bandung Kulon,13868,9751,70.31,6041,43.56,3710,26.75,9751,70.31
Kiaracondong,19887,7464,37.53,0,0.00,0,0.00,0,0.00
Bojongloa Kidul,12162,4927,40.51,2102,17.28,8972,73.77,11074,91.05
Cibeunying Kaler,12241,2991,24.43,1765,14.42,5974,48.80,7739,63.22
Sumur Bandung,3544,695,19.61,0,0.00,0,0.00,0,0.00
Antapani,10355,1402,13.54,0,0.00,0,0.00,0,0.00
Bandung Kidul,4357,1902,43.65,1881,43.17,2476,56.83,4357,100.00
Buahbatu,12165,2343,19.26,0,0.00,0,0.00,0,0.00
Rancasari,13087,3555,27.16,3231,24.69,324,2.48,3555,27.16
Arcamanik,8765,7865,89.73,0,0.00,0,0.00,0,0.00
Cibiru,9799,3512,35.84,1338,13.65,2367,24.16,3705,37.81
Ujung Berung,20735,7342,35.41,7342,35.41,0,0.00,7342,35.41
Gedebage,7574,2927,38.65,548,7.24,4653,61.43,5201,68.67
Panyileukan,5738,1428,24.89,833,14.52,193,3.36,1026,17.88
Cinambo,4480,1498,33.44,777,17.34,1511,33.73,2288,51.07
Mandalajati,11416,4299,37.66,4299,37.66,7088,62.09,11387,99.75
