lokasi,nama_komoditas,2014-03-01,2014-03-02,2014-03-03,2014-03-04,2014-03-05,2014-03-06,2014-03-07,2014-03-08,2014-03-09,2014-03-10,2014-03-11,2014-03-12,2014-03-13,2014-03-14,2014-03-15,2014-03-16,2014-03-17,2014-03-18,2014-03-19,2014-03-20,2014-03-21,2014-03-22,2014-03-23,2014-03-24,2014-03-25,2014-03-26,2014-03-27,2014-03-28,2014-03-29,2014-03-30,2014-03-31
"Pasar Andir","Beras Medium",8500,0,0,0,8500,8500,8500,8500,8500,0,0,8500,8500,8500,8500,8500,0,0,8500,8500,8500,8500,8500,0,0,8500,8500,8500,8500,8500,0
"Pasar Andir","Cabe Merah",23000,0,0,0,23000,23000,23000,23000,23000,0,0,23000,23000,23000,23000,23000,0,0,23000,25000,25000,25000,25000,0,0,25000,25000,25000,25000,25000,0
"Pasar Andir","Bawang Merah",15000,0,0,0,15000,15000,15000,15000,15000,0,0,15000,15000,15000,15000,15000,0,0,15000,15000,15000,15000,15000,0,0,15000,15000,15000,15000,15000,0
"Pasar Andir","Daging Ayam Ras",27000,0,0,0,27000,27000,27000,27000,27000,0,0,27000,27000,27000,27000,27000,0,0,27000,27000,27000,27000,27000,0,0,27000,27000,27000,27000,27000,0
"Pasar Andir","Telur Ayam Ras",16500,0,0,0,16500,16500,16500,16500,16500,0,0,16500,16500,16500,16500,16500,0,0,16500,15500,15500,15500,15500,0,0,15500,15500,15500,15500,16500,0
"Pasar Andir","Daging Sapi",95000,0,0,0,95000,95000,95000,95000,95000,0,0,95000,95000,95000,95000,95000,0,0,95000,95000,95000,95000,95000,0,0,95000,95000,95000,95000,95000,0
"Pasar Andir","Minyak Goreng",13000,0,0,0,13000,13000,13000,13000,13000,0,0,13000,13000,13000,13000,13000,0,0,13000,13000,13000,13000,13000,0,0,13000,13000,13000,13000,13000,0
"Pasar Andir","Gula Pasir",11000,0,0,0,11000,11000,11000,11000,11000,0,0,11000,11000,11000,11000,11000,0,0,11000,11000,11000,11000,11000,0,0,11000,11000,11000,11000,11000,0
"Pasar Andir",Kentang,12000,0,0,0,12000,12000,12000,12000,12000,0,0,12000,12000,12000,12000,12000,0,0,12000,12000,12000,12000,12000,0,0,12000,12000,12000,12000,12000,0
"Pasar Andir",Kedelai,12000,0,0,0,12000,12000,12000,12000,12000,0,0,12000,12000,12000,12000,12000,0,0,12000,12000,12000,12000,12000,0,0,12000,12000,12000,12000,12000,0
"Pasar Andir","Tepung Terigu",7000,0,0,0,7000,7000,7000,7000,7000,0,0,7000,7000,7000,7000,7000,0,0,7000,7000,7000,7000,7000,0,0,7000,7000,7000,7000,7000,0
"Pasar Andir","Bawang Putih",12000,0,0,0,12000,12000,12000,12000,12000,0,0,12000,12000,12000,12000,12000,0,0,12000,12000,12000,12000,12000,0,0,12000,12000,12000,12000,12000,0
"Pasar Andir","Cabe Keriting",23000,0,0,0,23000,23000,23000,23000,23000,0,0,23000,23000,23000,23000,23000,0,0,23000,23000,23000,23000,23000,0,0,23000,23000,23000,23000,23000,0
"Pasar Andir","Cabe Rawit",55000,0,0,0,65000,65000,65000,65000,65000,0,0,65000,65000,65000,65000,65000,0,0,65000,65000,65000,65000,65000,0,0,70000,70000,70000,70000,70000,0
"Pasar Andir","Kacang Tanah",17000,0,0,0,17000,17000,17000,17000,17000,0,0,17000,17000,17000,17000,17000,0,0,17000,17000,17000,17000,17000,0,0,17000,17000,17000,17000,17000,0
"Pasar Andir","Ubi Kayu",3000,0,0,0,3000,3000,3000,3000,3000,0,0,3000,3000,3000,3000,3000,0,0,3000,3000,3000,3000,3000,0,0,3000,3000,3000,3000,3000,0
"Pasar Andir","Ubi Jalar",0,0,0,0,0,0,0,0,0,0,0,0,0,0,0,0,0,0,0,0,0,0,0,0,0,0,0,0,0,0,0
"Pasar Andir",Jagung,7000,0,0,0,7000,7000,7000,7000,7000,0,0,7000,7000,7000,7000,7000,0,0,7000,7000,7000,7000,7000,0,0,7000,7000,7000,7000,7000,0
"Pasar Andir","Ikan Olahan",40000,0,0,0,40000,40000,40000,40000,40000,0,0,45000,45000,45000,45000,45000,0,0,45000,45000,45000,45000,45000,0,0,45000,45000,45000,45000,45000,0
"Pasar Andir","Beras Premium",0,0,0,0,0,0,0,0,0,0,0,0,0,0,0,0,0,0,0,0,0,0,0,0,0,0,0,0,0,0,0
"Pasar Andir","Minyak Goreng Curah",12000,0,0,0,12000,12000,12000,12000,12000,0,0,12000,12000,12000,12000,12000,0,0,12000,12000,12000,12000,12000,0,0,12000,12000,12000,12000,12000,0
"Pasar Andir","Daging Ayam Kampung",0,0,0,0,0,0,0,0,0,0,0,0,0,0,0,0,0,0,0,0,0,0,0,0,0,0,0,0,0,0,0
"Pasar Andir","Telur Ayam Kampung",45000,0,0,0,45000,45000,45000,45000,45000,0,0,45000,45000,45000,45000,45000,0,0,45000,45000,45000,45000,45000,0,0,45000,45000,45000,45000,45000,0
"Pasar Andir","Susu Kental Manis Merk Bendera",9500,0,0,0,9500,9500,9500,9500,9500,0,0,9500,9500,9500,9500,9500,0,0,9500,9500,9500,9500,9500,0,0,9500,9500,9500,9500,9500,0
"Pasar Andir","Susu Kental Manis Merk Indomilk",0,0,0,0,0,0,0,0,0,0,0,0,0,0,0,0,0,0,0,0,0,0,0,0,0,0,0,0,0,0,0
"Pasar Andir","Garam Beryodium Bata",1000,0,0,0,1000,1000,1000,1000,1000,0,0,1000,1000,1000,1000,1000,0,0,1000,1000,1000,1000,1000,0,0,1000,1000,1000,1000,1000,0
"Pasar Andir","Garam Beryodium Halus",3000,0,0,0,3000,3000,3000,3000,3000,0,0,3000,3000,3000,3000,3000,0,0,3000,3000,3000,3000,3000,0,0,3000,3000,3000,3000,3000,0
"Pasar Andir","Tepung Terigu Cakra Kembar",7500,0,0,0,7500,7500,7500,7500,7500,0,0,7500,7500,7500,7500,7500,0,0,7500,7500,7500,7500,7500,0,0,7500,7500,7500,7500,7500,0
"Pasar Andir","Tepung Terigu Kunci",6500,0,0,0,6500,6500,6500,6500,6500,0,0,6500,6500,6500,6500,6500,0,0,6500,6500,6500,6500,6500,0,0,6500,6500,6500,6500,6500,0
"Pasar Andir","Mie Instan",0,0,0,0,0,0,0,0,0,0,0,0,0,0,0,0,0,0,0,0,0,0,0,0,0,0,0,0,0,0,0
"Pasar Andir","Cabe Rawit Hijau",30000,0,0,0,30000,30000,30000,30000,30000,0,0,30000,30000,30000,30000,30000,0,0,30000,30000,30000,30000,30000,0,0,30000,30000,30000,30000,30000,0
"Pasar Andir","Kacang Hijau",0,0,0,0,0,0,0,0,0,0,0,0,0,0,0,0,0,0,0,0,0,0,0,0,0,0,0,0,0,0,0
"Pasar Andir","Susu Bubuk Dancow",0,0,0,0,0,0,0,0,0,0,0,0,0,0,0,0,0,0,0,0,0,0,0,0,0,0,0,0,0,0,0
"Pasar Andir","Susu Bubuk Indomilk",0,0,0,0,0,0,0,0,0,0,0,0,0,0,0,0,0,0,0,0,0,0,0,0,0,0,0,0,0,0,0
"Pasar Andir","Ikan Kembung",0,0,0,0,0,0,0,0,0,0,0,0,0,0,0,0,0,0,0,0,0,0,0,0,0,0,0,0,0,0,0
