lokasi,nama_komoditas,2018-03-01,2018-03-02,2018-03-03,2018-03-04,2018-03-05,2018-03-06,2018-03-07,2018-03-08,2018-03-09,2018-03-10,2018-03-11,2018-03-12,2018-03-13,2018-03-14,2018-03-15,2018-03-16,2018-03-17,2018-03-18,2018-03-19,2018-03-20,2018-03-21,2018-03-22,2018-03-23,2018-03-24,2018-03-25,2018-03-26,2018-03-27,2018-03-28,2018-03-29,2018-03-30,2018-03-31
"Pasar Baru","Beras Medium",12500,12500,0,0,12500,12000,12000,12000,12000,0,0,12000,12000,12000,12000,12000,0,0,0,0,12000,0,12000,0,0,12000,0,12000,12000,0,0
"Pasar Baru","Cabe Merah",60000,60000,0,0,60000,40000,40000,40000,40000,0,0,40000,40000,40000,40000,40000,0,0,0,0,40000,0,50000,0,0,50000,0,50000,50000,0,0
"Pasar Baru","Bawang Merah",30000,30000,0,0,30000,30000,30000,30000,30000,0,0,30000,30000,30000,30000,30000,0,0,0,0,30000,0,30000,0,0,30000,0,30000,30000,0,0
"Pasar Baru","Daging Ayam Ras",33000,33000,0,0,33000,32000,32000,32000,32000,0,0,34000,34000,34000,34000,34000,0,0,0,0,34000,0,34000,0,0,35000,0,35000,34000,0,0
"Pasar Baru","Telur Ayam Ras",22000,22000,0,0,22000,22000,22000,22000,22000,0,0,22000,22000,22000,22000,22000,0,0,0,0,22000,0,22000,0,0,22000,0,22000,22000,0,0
"Pasar Baru","Daging Sapi",120000,120000,0,0,0,120000,120000,120000,120000,0,0,120000,120000,120000,120000,120000,0,0,0,0,120000,0,120000,0,0,120000,0,120000,120000,0,0
"Pasar Baru","Minyak Goreng",15000,15000,0,0,15000,15000,15000,15000,15000,0,0,15000,15000,15000,15000,15000,0,0,0,0,15000,0,15000,0,0,15000,0,15000,15000,0,0
"Pasar Baru","Gula Pasir",12500,12500,0,0,12500,12500,12500,12500,12500,0,0,12500,12500,12500,12500,12500,0,0,0,0,12500,0,12500,0,0,12500,0,12500,12500,0,0
"Pasar Baru",Kentang,18000,18000,0,0,18000,18000,18000,18000,18000,0,0,18000,18000,18000,18000,18000,0,0,0,0,15000,0,15000,0,0,15000,0,15000,15000,0,0
"Pasar Baru",Kedelai,11000,11000,0,0,11000,11000,11000,11000,11000,0,0,11000,11000,11000,11000,11000,0,0,0,0,11000,0,11000,0,0,11000,0,11000,11000,0,0
"Pasar Baru","Tepung Terigu",7500,7500,0,0,7500,7500,7500,7500,7500,0,0,7500,7500,7500,7500,7500,0,0,0,0,7500,0,7500,0,0,7500,0,7500,7500,0,0
"Pasar Baru","Bawang Putih",32000,32000,0,0,32000,32000,32000,32000,32000,0,0,32000,32000,32000,30000,30000,0,0,0,0,30000,0,32000,0,0,30000,0,32000,32000,0,0
"Pasar Baru","Cabe Keriting",40000,40000,0,0,40000,40000,40000,40000,40000,0,0,40000,40000,40000,40000,40000,0,0,0,0,40000,0,60000,0,0,60000,0,60000,60000,0,0
"Pasar Baru","Cabe Rawit",60000,60000,0,0,60000,60000,80000,70000,70000,0,0,80000,80000,80000,80000,80000,0,0,0,0,70000,0,70000,0,0,70000,0,70000,70000,0,0
"Pasar Baru","Kacang Tanah",28000,28000,0,0,28000,28000,28000,28000,28000,0,0,28000,28000,28000,28000,28000,0,0,0,0,28000,0,28000,0,0,28000,0,28000,28000,0,0
"Pasar Baru","Ubi Kayu",3000,3000,0,0,3000,3000,3000,3000,3000,0,0,3000,3000,3000,3000,3000,0,0,0,0,3000,0,3000,0,0,3000,0,3000,3000,0,0
"Pasar Baru","Ubi Jalar",0,0,0,0,0,0,0,0,0,0,0,0,0,0,0,0,0,0,0,0,0,0,0,0,0,0,0,0,0,0,0
"Pasar Baru",Jagung,10000,10000,0,0,10000,10000,10000,10000,10000,0,0,10000,10000,10000,10000,10000,0,0,0,0,10000,0,10000,0,0,10000,0,10000,10000,0,0
"Pasar Baru","Ikan Olahan",70000,70000,0,0,70000,70000,70000,70000,70000,0,0,70000,70000,70000,70000,70000,0,0,0,0,70000,0,70000,0,0,70000,0,70000,70000,0,0
"Pasar Baru","Beras Premium",0,0,0,0,0,0,0,0,0,0,0,0,0,0,0,0,0,0,0,0,0,0,0,0,0,0,0,0,0,0,0
"Pasar Baru","Minyak Goreng Curah",12000,12000,0,0,12000,12000,12000,12000,12000,0,0,12000,12000,12000,12000,12000,0,0,0,0,12000,0,12000,0,0,12000,0,12000,12000,0,0
"Pasar Baru","Daging Ayam Kampung",75000,75000,0,0,75000,75000,75000,75000,75000,0,0,75000,75000,75000,75000,75000,0,0,0,0,75000,0,75000,0,0,75000,0,75000,75000,0,0
"Pasar Baru","Telur Ayam Kampung",54000,54000,0,0,54000,54000,54000,54000,54000,0,0,54000,54000,54000,54000,54000,0,0,0,0,54000,0,54000,0,0,54000,0,54000,54000,0,0
"Pasar Baru","Susu Kental Manis Merk Bendera",11000,11000,0,0,11000,11000,11000,11000,11000,0,0,11000,11000,11000,11000,11000,0,0,0,0,11000,0,11000,0,0,11000,0,11000,11000,0,0
"Pasar Baru","Susu Kental Manis Merk Indomilk",9500,9500,0,0,9500,9500,9500,9500,9500,0,0,9500,9500,9500,9500,9500,0,0,0,0,9500,0,9500,0,0,9500,0,9500,9500,0,0
"Pasar Baru","Garam Beryodium Bata",3000,3000,0,0,3000,3000,3000,3000,3000,0,0,3000,3000,3000,3000,3000,0,0,0,0,3000,0,3000,0,0,3000,0,3000,3000,0,0
"Pasar Baru","Garam Beryodium Halus",12000,12000,0,0,12000,12000,12000,12000,12000,0,0,12000,12000,12000,12000,12000,0,0,0,0,12000,0,12000,0,0,12000,0,12000,12000,0,0
"Pasar Baru","Tepung Terigu Cakra Kembar",0,8000,0,0,8000,8000,0,8000,0,0,0,8000,0,0,8000,8000,0,0,0,0,8000,0,0,0,0,8000,0,8000,8000,0,0
"Pasar Baru","Tepung Terigu Kunci",7500,7500,0,0,7500,7500,7500,7500,7500,0,0,7500,7500,7500,7500,7500,0,0,0,0,7500,0,7500,0,0,7500,0,7500,7500,0,0
"Pasar Baru","Mie Instan",2500,2500,0,0,2500,2500,2500,2500,2500,0,0,2500,2500,2500,2500,2500,0,0,0,0,2500,0,2500,0,0,2500,0,2500,2500,0,0
"Pasar Baru","Cabe Rawit Hijau",40000,40000,0,0,40000,60000,60000,60000,60000,0,0,40000,40000,40000,40000,40000,0,0,0,0,40000,0,40000,0,0,40000,0,40000,40000,0,0
"Pasar Baru","Kacang Hijau",22000,22000,0,0,22000,22000,22000,22000,22000,0,0,22000,22000,22000,22000,22000,0,0,0,0,22000,0,22000,0,0,22000,0,22000,22000,0,0
"Pasar Baru","Susu Bubuk Dancow",36000,36000,0,0,36000,36000,36000,36000,36000,0,0,36000,36000,36000,36000,36000,0,0,0,0,36000,0,36000,0,0,36000,0,36000,36000,0,0
"Pasar Baru","Susu Bubuk Indomilk",33500,33500,0,0,33500,335,33500,33500,33500,0,0,33500,33500,33500,33500,33500,0,0,0,0,33500,0,33500,0,0,33500,0,33500,33500,0,0
"Pasar Baru","Ikan Kembung",40000,40000,0,0,40000,40000,40000,40000,40000,0,0,40000,40000,40000,40000,40000,0,0,0,0,40000,0,40000,0,0,40000,0,40000,40000,0,0
