Kecamatan,Kelurahan,Usia 0-4 Tahun,Usia 5-9 tahun,Usia 10-14 Tahun,Usia 15-19 Tahun,Usia 20-24 Tahun,Usia 25-29 Tahun,Usia 30-34 Tahun,Usia 35-39 Tahun,Usia 40-44 Tahun,Usia 45-49 Tahun,Usia 50-54 Tahun,Usia 55-59 Tahun,Usia 60-64 Tahun,Usia 65-69 Tahun,Usia 70-74 Tahun
Andir,Campaka,1268,1584,1615,1431,1429,1325,1333,1543,1500,1409,873,690,453,246,344
Andir,Ciroyom,1523,1847,1845,1447,1474,1524,1438,1709,1502,1326,927,779,530,318,462
Andir,Dungus Cariang,1260,1588,1561,1391,1406,1333,1290,1566,1508,1419,936,784,558,322,503
Andir,Garuda,725,834,895,785,740,806,741,880,892,801,536,462,322,231,313
Andir,Kebon Jeruk,627,821,815,776,820,751,779,977,896,848,710,625,517,358,518
Andir,Maleber,1334,1636,1673,1536,1453,1428,1414,1650,1717,1611,973,853,607,415,539
Antapani,Antapani Kidul,1791,1908,1769,1661,2000,2281,2019,2123,1809,1535,1677,1397,914,454,407
Antapani,Antapani Kulon,854,889,886,776,809,875,868,973,826,743,576,539,309,141,160
Antapani,Antapani Tengah,1870,1983,1672,1442,1628,2004,2093,2236,1715,1329,1433,1329,900,332,359
Antapani,Antapani Wetan,1420,1645,1562,1360,1398,1517,1479,1608,1430,1277,1014,810,466,197,242
Arcamanik,Cisaranten Bina Harapan,917,1140,1014,877,903,840,852,1066,994,869,525,459,348,187,235
Arcamanik,Cisaranten Kulon,1906,2185,1959,1666,1691,1780,1846,2142,1795,1589,975,800,554,301,409
Arcamanik,Sindanglaya/Cisantren Endah,1413,1662,1777,1524,1683,1561,1431,1605,1488,1399,995,693,437,182,257
Arcamanik,Sukamiskin,1456,1708,1597,1503,1637,1734,1758,1766,1435,1455,1304,1090,717,367,440
Astana Anyar,Cibadak,739,1017,1031,901,921,964,945,1116,1010,928,790,683,538,393,486
Astana Anyar,Karanganyar,321,487,437,430,400,422,491,563,486,487,385,409,368,252,380
Astana Anyar,Karasak,909,1161,1156,978,944,940,932,1212,1121,1021,674,587,499,291,363
Astana Anyar,Nyengseret,822,1062,1011,866,903,935,866,1037,994,879,677,511,370,233,348
Astana Anyar,Panjunan,506,667,647,568,587,555,560,650,580,483,445,332,221,153,238
Astana Anyar,Pelindung Hewan,1487,1790,1804,1500,1553,1529,1527,1860,1565,1425,986,801,550,327,426
Babakan Ciparay,Babakan,2451,3011,2756,2082,2322,2449,2509,2719,2343,1922,1339,1088,706,386,401
Babakan Ciparay,Babakan Ciparay,2567,3103,3031,2388,2558,2637,2590,2987,2593,2160,1383,1092,740,358,418
Babakan Ciparay,Cirangrang,855,1056,927,831,905,973,911,1006,875,714,546,433,302,143,154
Babakan Ciparay,Margahayu Utara,1696,2134,2000,1559,1648,1656,1720,2087,1869,1539,912,848,610,307,312
Babakan Ciparay,Margasuka,870,1143,1072,834,963,924,1003,1082,927,844,511,409,276,140,153
Babakan Ciparay,Sukahaji,2329,2794,2853,2293,2393,2333,2291,2691,2306,2040,1431,1102,764,474,536
Bandung Kidul,Batununggal,1353,1581,1600,1436,1450,1414,1308,1586,1549,1417,946,710,557,371,461
Bandung Kidul,Kujangsari,1663,1955,1837,1730,1681,1683,1563,1843,1789,1633,1046,747,556,285,323
Bandung Kidul,Mengger,730,900,948,857,901,874,802,898,889,784,536,381,213,143,181
Bandung Kidul,Wates,617,766,728,607,660,601,595,765,713,603,373,276,167,82,109
Bandung Kulon,Caringin,683,844,825,667,678,712,764,902,776,631,437,398,281,144,176
Bandung Kulon,Cibuntu,1391,1652,1702,1397,1376,1454,1413,1735,1481,1344,790,626,461,239,312
Bandung Kulon,Cigondewah Kaler,1624,2080,1980,1391,1634,1587,1633,1769,1649,1389,577,380,283,162,151
Bandung Kulon,Cigondewah Kidul,699,835,773,640,786,756,716,816,701,639,377,242,188,136,143
Bandung Kulon,Cigondewah Rahayu,764,982,872,709,931,899,799,937,765,694,457,293,178,120,121
Bandung Kulon,Cijerah,1651,2163,2139,1837,1844,1743,1713,2229,2086,1899,1080,841,585,393,409
Bandung Kulon,Gempolsari,1565,1835,1788,1573,1679,1892,1767,1859,1641,1518,1226,856,420,226,264
Bandung Kulon,Warung Muncang,1620,1976,1995,1596,1596,1607,1598,1887,1727,1463,939,670,487,284,338
Bandung Wetan,Cihapit,200,235,270,245,238,296,301,291,317,252,290,277,211,147,272
Bandung Wetan,Citarum,91,103,143,135,141,129,137,149,176,199,147,132,113,87,188
Bandung Wetan,Tamansari,1460,1786,1843,1678,1761,1562,1681,1853,1778,1703,1184,960,678,374,724
Batununggal,Binong,1364,1662,1647,1491,1444,1427,1332,1610,1564,1378,879,667,485,283,327
Batununggal,Cibangkong,1240,1531,1572,1369,1442,1346,1307,1565,1398,1451,1004,686,506,302,436
Batununggal,Gumuruh,1251,1598,1634,1457,1504,1401,1332,1650,1576,1462,949,741,608,361,547
Batununggal,Kacapiring,556,713,731,693,714,664,632,640,726,736,529,394,292,189,319
Batununggal,Kebongedang,657,831,864,749,774,689,624,851,782,790,508,418,277,156,255
Batununggal,Kebonwaru,962,1236,1214,1195,1180,1088,1012,1160,1167,1158,799,608,391,240,361
Batununggal,Maleer,1203,1492,1387,1334,1386,1314,1236,1470,1256,1254,893,689,472,249,376
Batununggal,Samoja,924,1160,1148,1061,1038,974,944,1125,1015,928,668,497,344,200,308
Bojongloa Kaler,Babakan Asih,1197,1438,1449,1253,1269,1194,1205,1427,1303,1216,816,678,436,273,327
Bojongloa Kaler,Babakan Tarogong,2177,2652,2549,2177,2292,2212,2227,2602,2277,1943,1388,1096,773,405,475
Bojongloa Kaler,Jamika,2054,2453,2431,2136,2055,2012,2053,2389,2185,1989,1434,1120,811,478,639
Bojongloa Kaler,Kopo,2351,2798,2885,2342,2326,2335,2388,2841,2419,2121,1349,1067,776,391,533
Bojongloa Kaler,Suka Asih,1499,1748,1703,1495,1520,1483,1452,1631,1553,1378,928,730,526,278,327
Bojongloa Kidul,Cibaduyut,1015,1230,1177,975,983,967,1026,1155,1008,907,499,368,233,123,121
Bojongloa Kidul,Cibaduyut Kidul,706,935,864,672,746,747,728,820,721,651,359,302,216,106,110
Bojongloa Kidul,Cibaduyut Wetan,613,771,783,608,608,555,603,782,736,657,297,228,158,113,128
Bojongloa Kidul,Kebon Lega,1768,2123,1959,1746,1695,1864,1771,2192,1967,1678,1139,962,688,400,552
Bojongloa Kidul,Mekarwangi,746,1005,981,831,753,763,783,1005,913,770,479,326,226,130,153
Bojongloa Kidul,Situsaeur,1547,1848,1847,1554,1616,1630,1602,1868,1644,1523,1075,869,628,402,505
Buahbatu,Cijaura,2048,2467,2390,2012,2110,2117,2116,2393,2204,1866,1351,1109,750,423,438
Buahbatu,Jatisari,602,724,678,663,736,715,699,758,603,646,512,429,286,146,148
Buahbatu,Margasari,2940,3599,3438,2882,2966,2949,2913,3448,3180,2912,1743,1411,1034,651,732
Buahbatu,Sekejati,1816,1942,1805,1800,1994,2210,1969,1831,1708,1615,1729,1124,721,348,416
Cibeunying Kaler,Cigadung,2334,2638,2536,2208,2438,2529,2444,2831,2419,2142,1600,1311,905,438,713
Cibeunying Kaler,Cihaur Geulis,729,965,1066,1026,914,894,791,984,1012,1121,707,520,368,233,409
Cibeunying Kaler,Neglasari,606,825,796,693,698,712,646,859,752,729,471,378,251,195,257
Cibeunying Kaler,Sukaluyu,994,1303,1257,1156,1211,1167,1163,1301,1250,1225,844,656,464,310,519
Cibeunying Kidul,Cicadas,1206,1400,1438,1283,1246,1185,1171,1349,1335,1278,771,566,393,245,418
Cibeunying Kidul,Cikutra,1552,1899,1960,1694,1645,1537,1653,1911,1878,1729,1056,998,676,446,740
Cibeunying Kidul,Padasuka,1168,1421,1434,1303,1347,1343,1143,1467,1353,1295,912,741,480,282,429
Cibeunying Kidul,Pasirlayung,1625,1991,1816,1599,1599,1702,1629,2011,1737,1502,1123,1011,705,313,481
Cibeunying Kidul,Sukamaju,700,894,933,805,835,795,763,905,835,846,682,564,364,207,377
Cibeunying Kidul,Sukapada,1612,1942,1871,1774,1677,1774,1686,1980,1645,1548,1191,1000,599,295,402
Cibiru,Cipadung,1712,2035,1881,1533,1905,1801,1584,1843,1723,1661,1053,781,494,289,288
Cibiru,Cisurupan,1057,1272,1224,1045,1045,1080,1003,1126,932,965,612,433,310,146,260
Cibiru,Palasari,1582,1940,1883,1645,1789,1704,1562,1739,1666,1666,1095,744,519,227,300
Cibiru,Pasir Biru,1292,1482,1496,1156,1179,1263,1129,1396,1271,1184,741,466,305,150,241
Cicendo,Arjuna,796,923,980,862,918,956,931,1035,963,922,775,642,519,339,560
Cicendo,Husen Sastranegara,1150,1439,1435,1314,1290,1209,1137,1375,1239,1207,820,634,401,234,339
Cicendo,Pajajaran,1874,2343,2274,2014,1960,1881,1764,2344,2123,1884,1248,959,657,374,507
Cicendo,Pamoyanan,445,570,554,519,510,552,545,645,656,582,473,430,368,238,402
Cicendo,Pasir Kaliki,540,659,663,604,615,638,666,769,694,667,544,487,350,258,416
Cicendo,Sukaraja,1661,2030,2066,1813,1805,1897,1651,1983,1892,1771,1134,865,556,381,398
Cidadap,Ciumbuleuit,1715,2039,1911,1799,1761,1795,1712,1921,1685,1605,1080,907,596,320,482
Cidadap,Hegarmanah,1292,1683,1570,1480,1454,1493,1499,1713,1547,1543,1119,855,612,393,570
Cidadap,Ledeng,770,934,897,776,784,786,771,973,825,789,510,392,302,201,309
Cinambo,Babakan Penghulu,554,618,611,553,576,570,554,637,633,524,326,244,124,67,110
Cinambo,Cisaranten Wetan,497,560,490,458,462,455,405,528,544,426,232,225,136,74,92
Cinambo,Pakemitan,536,534,539,467,588,570,544,564,474,470,245,172,125,74,107
Cinambo,Sukamulya,415,520,483,419,418,425,401,482,454,414,285,202,152,77,115
Coblong,Cipaganti,768,958,943,884,791,926,820,956,911,849,606,494,349,241,335
Coblong,Dago,2536,2907,2809,2546,2629,2674,2557,3010,2506,2381,1706,1388,961,552,929
Coblong,Lebak Siliwangi,270,311,310,265,308,318,293,299,294,307,208,172,139,78,148
Coblong,Lebakgede,788,919,855,722,726,765,801,984,934,803,559,496,344,242,402
Coblong,Sadangserang,1802,2257,2166,1942,1983,1909,1923,2180,1967,1940,1329,1045,749,422,721
Coblong,Sekeloa,1962,2298,2197,1843,1947,2057,2055,2339,2073,1943,1299,1041,765,516,749
Gedebage,Cimenerang,323,418,376,359,298,309,274,375,408,319,150,114,62,39,28
Gedebage,Cisantren Kidul,1578,1702,1610,1389,1613,1782,1606,1707,1537,1364,1151,877,580,291,444
Gedebage,Rancabolang,806,1162,1085,779,664,612,767,1011,1113,828,356,258,164,79,107
Gedebage,Rancanumpang,294,410,522,564,446,279,263,303,417,536,201,136,81,56,43
Kiaracondong,Babakan Surabaya,1495,1747,1761,1570,1611,1635,1485,1673,1627,1417,968,760,507,306,312
Kiaracondong,Babakansari,2847,3429,3253,2933,2899,2841,2900,3488,3133,2828,1847,1567,1123,554,688
Kiaracondong,Cicaheum,1272,1473,1453,1334,1385,1324,1249,1474,1356,1279,896,704,464,255,313
Kiaracondong,Kebon Jayanti,932,1119,1094,998,1088,954,843,1023,1073,1025,684,512,381,243,377
Kiaracondong,Kebon Kangkung,854,1085,1048,981,939,881,908,1031,1045,936,669,487,396,208,322
Kiaracondong,Sukapura,2044,2362,2308,2099,2254,2169,1928,2282,2154,2029,1434,1111,699,395,496
Lengkong,Burangrang,647,796,774,736,704,732,759,821,782,744,596,413,345,226,369
Lengkong,Cijagra,727,888,999,913,880,787,799,906,920,856,602,542,367,269,423
Lengkong,Cikawao,594,701,745,633,633,662,667,687,704,672,515,410,263,187,258
Lengkong,Lingkar Selatan,628,746,846,833,989,841,744,705,725,855,580,294,228,192,296
Lengkong,Malabar,529,671,637,604,606,592,666,685,655,556,445,430,304,202,367
Lengkong,Paledang,354,438,431,435,451,472,427,548,447,439,394,341,277,156,257
Lengkong,Turangga,827,1044,1231,1211,1072,942,927,1088,1133,1161,794,636,530,400,756
Mandalajati,Jatihandap,2071,2442,2274,1945,1940,1949,1946,2406,2081,1718,1149,940,626,288,385
Mandalajati,Karang Pamulang,1470,1595,1555,1348,1400,1501,1429,1559,1289,1217,928,675,385,218,256
Mandalajati,Pasir Impun,988,1243,1084,953,999,1037,970,1062,910,867,589,455,276,176,165
Mandalajati,Sindang Jaya,1074,1321,1212,1081,1011,1133,1026,1250,1138,1010,702,574,430,222,251
Panyileukan,Cipadung Kidul,1001,1001,1077,1203,1488,1487,1085,920,884,1071,1240,637,353,170,187
Panyileukan,Cipadung Kulon,1013,1141,1102,1018,1183,1177,1043,1057,972,890,750,499,313,152,180
Panyileukan,Cipadung Wetan,278,320,277,273,280,266,243,310,299,236,149,129,76,39,58
Panyileukan,Mekar Mulya,629,584,481,404,548,734,725,587,389,329,611,410,163,57,66
Rancasari,Cipamokolan,1841,2165,1953,1810,1862,1911,1902,2022,1883,1734,1267,914,618,298,399
Rancasari,Derwati,1349,1513,1508,1440,1601,1581,1328,1421,1380,1314,1047,638,396,210,265
Rancasari,Mekarmulya,1474,1784,1737,1394,1267,1322,1420,1668,1580,1368,752,596,506,273,263
Rancasari,Munjahlega,1557,1728,1571,1394,1501,1633,1760,1910,1600,1448,997,1165,1062,595,714
Regol,Ancol,729,865,856,851,829,848,797,969,898,836,627,547,421,286,382
Regol,Balonggede,492,637,631,489,588,561,628,715,637,571,467,394,333,224,286
Regol,Ciateul,424,541,593,562,574,514,489,582,573,596,429,348,282,187,321
Regol,Cigereleng,774,871,884,820,859,865,864,933,955,855,737,572,490,340,406
Regol,Ciseureuh,1169,1419,1464,1221,1311,1151,1149,1392,1329,1185,779,628,466,241,337
Regol,Pasirluyu,1322,1444,1464,1327,1325,1254,1203,1499,1392,1201,778,607,477,250,305
Regol,Pungkur,412,488,575,499,516,548,509,563,583,530,487,383,298,205,300
Sukajadi,Cipedes,2016,2613,2595,2209,2190,2321,2254,2565,2275,2142,1409,1162,766,406,535
Sukajadi,Pasteur,1202,1461,1403,1377,1342,1332,1304,1484,1386,1319,999,822,582,375,564
Sukajadi,Sukabungah,1541,1795,1818,1626,1586,1604,1534,1831,1674,1577,1067,903,644,370,516
Sukajadi,Sukagalih,1357,1551,1495,1356,1266,1450,1539,1608,1453,1304,816,711,544,366,402
Sukajadi,Sukawarna,1041,1195,1156,971,1064,1155,1115,1258,1093,974,684,566,425,289,300
Sukasari,Gegerkalong,1550,1835,1893,1691,1723,1665,1652,1875,1836,1753,1136,942,737,486,803
Sukasari,Isola,948,1103,1061,1046,990,991,1008,1157,986,983,698,542,446,183,300
Sukasari,Sarijadi,1923,2156,2193,1834,1944,2063,2043,2236,2151,2025,1371,1087,883,655,841
Sukasari,Sukarasa,902,1085,1101,938,997,1042,959,1134,1038,929,647,483,416,279,328
Sumur Bandung,Babakan Ciamis,540,638,709,658,615,556,592,693,668,598,456,350,230,140,224
Sumur Bandung,Braga,371,400,497,444,416,436,470,445,490,427,295,300,287,171,224
Sumur Bandung,Kebon Pisang,740,931,1046,982,930,878,826,969,936,907,635,557,360,225,364
Sumur Bandung,Merdeka,663,788,912,857,965,835,812,727,723,800,504,346,217,166,277
Ujung Berung,Cigending,1187,1404,1470,1280,1275,1287,1150,1329,1246,1226,907,651,442,234,335
Ujung Berung,Pasanggrahan,1530,1858,1758,1549,1507,1614,1438,1630,1483,1478,837,625,465,243,347
Ujung Berung,Pasir Endah,1254,1439,1348,1266,1259,1286,1256,1445,1209,1143,824,696,473,256,271
Ujung Berung,Pasirjati,1280,1674,1561,1279,1354,1255,1257,1536,1371,1223,743,544,360,199,269
Ujung Berung,Pasirwangi,1376,1580,1538,1124,1231,1306,1230,1496,1302,1131,654,500,330,184,256