lokasi,nama_komoditas,2015-03-01,2015-03-02,2015-03-03,2015-03-04,2015-03-05,2015-03-06,2015-03-07,2015-03-08,2015-03-09,2015-03-10,2015-03-11,2015-03-12,2015-03-13,2015-03-14,2015-03-15,2015-03-16,2015-03-17,2015-03-18,2015-03-19,2015-03-20,2015-03-21,2015-03-22,2015-03-23,2015-03-24,2015-03-25,2015-03-26,2015-03-27,2015-03-28,2015-03-29,2015-03-30,2015-03-31
"Pasar Sederhana","Beras Medium",11000,12000,0,12000,12000,0,0,0,12000,12000,12000,0,12000,0,0,0,11000,11000,0,11000,0,0,10500,10500,10500,10500,10500,0,0,10500,0
"Pasar Sederhana","Cabe Merah",24000,36000,0,36000,36000,0,0,0,36000,45000,45000,0,45000,0,0,0,45000,0,0,45000,0,0,40000,40000,0,40000,40000,0,0,37000,0
"Pasar Sederhana","Bawang Merah",22000,22000,0,22000,22000,0,0,0,22000,24000,24000,0,24000,0,0,0,24000,0,0,24000,0,0,32000,32000,32000,32000,32000,0,0,0,0
"Pasar Sederhana","Daging Ayam Ras",30000,30000,0,30000,30000,0,0,0,30000,28000,28000,0,28000,0,0,0,28000,28000,0,28000,0,0,27000,27000,27000,27000,27000,0,0,28000,0
"Pasar Sederhana","Telur Ayam Ras",20000,20000,0,20000,20000,0,0,0,20000,19000,19000,0,19000,0,0,0,18000,18000,0,18000,0,0,18000,18000,18000,18000,18000,0,0,17000,0
"Pasar Sederhana","Daging Sapi",98000,98000,0,98000,98000,0,0,0,98000,98000,0,0,98000,0,0,0,95000,95000,0,95000,0,0,100000,100000,100000,100000,100000,0,0,98000,0
"Pasar Sederhana","Minyak Goreng",14000,14000,0,14000,14000,0,0,0,14000,14500,14500,0,14500,0,0,0,14500,14500,0,14500,0,0,14500,14500,14500,14500,14500,0,0,14500,0
"Pasar Sederhana","Gula Pasir",11000,11000,0,11000,11000,0,0,0,11000,11000,11000,0,11000,0,0,0,11000,11000,11000,11000,0,0,11000,11000,11000,11000,11000,0,0,11000,0
"Pasar Sederhana",Kentang,11000,11000,0,11000,11000,0,0,0,11000,11000,11000,0,11000,0,0,0,11000,0,0,11000,0,0,11000,11000,11000,11000,11000,0,0,11000,0
"Pasar Sederhana",Kedelai,12000,12000,0,12000,12000,0,0,0,12000,12000,12000,0,12000,0,0,0,12000,0,0,12000,0,0,12000,12000,12000,12000,12000,0,0,12000,0
"Pasar Sederhana","Tepung Terigu",8000,8000,0,8000,8000,0,0,0,8000,8000,8000,0,8000,0,0,0,8000,0,0,8000,0,0,8000,8000,8000,8000,8000,0,0,8000,0
"Pasar Sederhana","Bawang Putih",16000,16000,0,16000,16000,0,0,0,16000,18000,18000,0,18000,0,0,0,18000,0,0,18000,0,0,18000,18000,18000,18000,18000,0,0,18000,0
"Pasar Sederhana","Cabe Keriting",24000,28000,0,28000,28000,0,0,0,28000,28000,28000,0,28000,0,0,0,28000,0,0,28000,0,0,24000,0,24000,24000,24000,0,0,22000,0
"Pasar Sederhana","Cabe Rawit",28000,35000,0,35000,35000,0,0,0,35000,45000,45000,0,45000,0,0,0,45000,0,0,45000,0,0,40000,40000,40000,40000,40000,0,0,38000,0
"Pasar Sederhana","Kacang Tanah",20000,20000,0,20000,20000,0,0,0,20000,22000,22000,0,22000,0,0,0,22000,0,0,22000,0,0,22000,22000,22000,22000,22000,0,0,22000,0
"Pasar Sederhana","Ubi Kayu",4000,4000,0,4000,4000,0,0,0,4000,4000,4000,0,4000,0,0,0,0,0,0,4000,0,0,0,4000,4000,4000,4000,0,0,4000,0
"Pasar Sederhana","Ubi Jalar",0,0,0,0,0,0,0,0,0,0,0,0,0,0,0,0,0,0,0,0,0,0,0,0,0,0,0,0,0,0,0
"Pasar Sederhana",Jagung,7000,7000,0,7000,7000,0,0,0,7000,7000,7000,0,7000,0,0,0,7000,0,0,7000,0,0,7000,7000,7000,7000,7000,0,0,7000,0
"Pasar Sederhana","Ikan Olahan",70000,70000,0,0,70000,0,0,0,70000,70000,70000,0,70000,0,0,0,70000,0,70000,70000,0,0,70000,70000,70000,70000,70000,0,0,70000,0
"Pasar Sederhana","Beras Premium",0,0,0,0,0,0,0,0,0,0,0,0,0,0,0,0,0,0,0,0,0,0,0,0,0,0,0,0,0,0,0
"Pasar Sederhana","Minyak Goreng Curah",11000,0,0,11500,11500,0,0,0,11500,11500,11500,0,11500,0,0,0,11500,11500,0,11500,0,0,11000,11000,11000,11000,11000,0,0,11000,0
"Pasar Sederhana","Daging Ayam Kampung",0,55000,0,55000,55000,0,0,0,55000,55000,55000,0,55000,0,0,0,55000,55000,0,55000,0,0,55000,55000,55000,55000,55000,0,0,55000,0
"Pasar Sederhana","Telur Ayam Kampung",45000,45000,0,45000,45000,0,0,0,45000,45000,45000,0,45000,0,0,0,45000,45000,0,45000,0,0,45000,45000,45000,45000,45000,0,0,45000,0
"Pasar Sederhana","Susu Kental Manis Merk Bendera",9500,9500,0,9500,9500,0,0,0,9500,9500,9500,0,9500,0,0,0,9500,9500,0,9500,0,0,9500,9500,9500,9500,9500,0,0,9500,0
"Pasar Sederhana","Susu Kental Manis Merk Indomilk",0,10000,0,10000,10000,0,0,0,10000,10000,10000,0,10000,0,0,0,10000,10000,0,10000,0,0,10000,10000,10000,10000,10000,0,0,10000,0
"Pasar Sederhana","Garam Beryodium Bata",1000,1000,0,1000,1000,0,0,0,1000,1000,1000,0,1000,0,0,0,1000,0,0,1000,0,0,1000,1000,1000,1000,1000,0,0,1000,0
"Pasar Sederhana","Garam Beryodium Halus",4000,4000,0,4000,4000,0,0,0,4000,4000,4000,0,4000,0,0,0,4000,0,0,4000,0,0,4000,4000,4000,4000,4000,0,0,4000,0
"Pasar Sederhana","Tepung Terigu Cakra Kembar",8500,8500,0,8500,8500,0,0,0,8500,8500,8500,0,8500,0,0,0,8500,0,0,8500,0,0,8500,8500,8500,8500,8500,0,0,8500,0
"Pasar Sederhana","Tepung Terigu Kunci",7500,7500,0,7500,7500,0,0,0,7500,7500,7500,0,0,0,0,0,7500,0,0,0,0,0,0,7500,7500,7500,7500,0,0,7500,0
"Pasar Sederhana","Mie Instan",0,2000,0,2000,2000,0,0,0,2000,2000,2000,0,2000,0,0,0,2000,0,0,2000,0,0,2000,2000,2000,0,2000,0,0,2000,0
"Pasar Sederhana","Cabe Rawit Hijau",0,26000,0,26000,0,0,0,0,0,0,26000,0,26000,0,0,0,26000,0,0,26000,0,0,20000,20000,20000,20000,20000,0,0,20000,0
"Pasar Sederhana","Kacang Hijau",0,20000,0,20000,20000,0,0,0,20000,21000,21000,0,21000,0,0,0,21000,0,0,21000,0,0,21000,21000,21000,21000,21000,0,0,21000,0
"Pasar Sederhana","Susu Bubuk Dancow",0,34750,0,34750,34750,0,0,0,34750,34750,34750,0,34750,0,0,0,34750,0,0,34750,0,0,34750,34750,34750,34750,34750,0,0,34750,0
"Pasar Sederhana","Susu Bubuk Indomilk",0,31250,0,31250,31250,0,0,0,31250,31250,31250,0,31250,0,0,0,31250,0,0,31250,0,0,31250,31250,31250,31250,31250,0,0,31250,0
"Pasar Sederhana","Ikan Kembung",0,30000,0,30000,30000,0,0,0,30000,30000,30000,0,30000,0,0,0,30000,0,0,30000,0,0,30000,30000,30000,30000,30000,0,0,30000,0
