Kecamatan,Kelurahan,Tidak/Belum Sekolah,Belum Tamat SD,Tamat SD,SMP,SMA,Diploma I dan II,Diploma III,Strata 1/Diploma IV,Strata 2,Strata 3
Andir,Campaka,3028,1947,2205,2831,6159,86,462,1218,108,11
Andir,Ciroyom,3565,2101,2757,3296,6667,63,316,891,37,8
Andir,Dungus Cariang,3114,1903,2339,2796,6661,92,438,1200,77,8
Andir,Garuda,1717,1014,963,1478,3956,63,380,1023,60,4
Andir,Kebon Jeruk,1590,975,1241,1731,4426,47,293,1278,65,6
Andir,Maleber,3285,1912,2267,3076,7363,77,553,1482,73,8
Antapani,Antapani Kidul,3863,1953,1379,2102,7431,421,1751,5269,792,87
Antapani,Antapani Kulon,1815,988,1114,1298,3149,128,503,1557,278,34
Antapani,Antapani Tengah,3906,1856,1804,2138,6772,416,1594,4242,469,58
Antapani,Antapani Wetan,3141,1768,1653,2128,5579,239,835,2518,418,44
Arcamanik,Cisaranten Bina Harapan,2137,1172,1670,1778,3507,90,376,991,109,8
Arcamanik,Sindanglaya/Cisantren Endah,3449,1871,2631,2304,4849,179,883,2512,423,63
Arcamanik,Cisaranten Kulon,4199,2242,2226,2737,6252,226,1147,3141,371,49
Arcamanik,Sukamiskin,3315,1759,1512,1960,6128,252,1178,4176,796,112
Astana Anyar,Cibadak,1910,1288,1571,1986,4856,84,462,1101,56,8
Astana Anyar,Karanganyar,883,523,482,923,2605,40,201,1072,31,2
Astana Anyar,Karasak,2154,1381,1209,1903,4823,99,511,1410,86,8
Astana Anyar,Nyengseret,1913,1259,1588,1954,4176,97,330,797,47,6
Astana Anyar,Panjunan,1257,766,1190,1293,2456,40,183,425,29,2
Astana Anyar,Pelindung Hewan,3430,2076,2299,3056,7100,157,540,1454,101,7
Babakan Ciparay,Babakan,5357,3386,6747,4961,7079,210,776,1265,69,12
Babakan Ciparay,Babakan Ciparay,5434,3830,6672,5283,8714,186,545,1414,74,9
Babakan Ciparay,Cirangrang,1810,1186,2743,1780,2618,71,211,583,69,10
Babakan Ciparay,Margahayu Utara,3686,2501,3956,3316,5392,167,660,2109,178,19
Babakan Ciparay,Margasuka,1945,1372,2502,2091,3063,70,192,523,44,4
Babakan Ciparay,Sukahaji,5133,3563,6652,5200,7795,131,431,1204,67,7
Bandung Kidul,Batununggal,3164,1808,1855,2133,5768,179,812,2671,330,37
Bandung Kidul,Kujangsari,3883,2070,2582,2829,6531,188,772,2357,242,21
Bandung Kidul,Mengger,1797,1092,1233,1309,2996,83,270,1585,165,15
Bandung Kidul,Wates,1514,878,961,1361,2817,46,223,369,21,-
Bandung Kulon,Caringin,1624,1034,1230,1607,2513,89,322,906,99,16
Bandung Kulon,Cibuntu,3169,2163,2526,3170,5645,161,449,954,52,5
Bandung Kulon,Cigondewah Kaler,3582,2562,5399,3425,3372,60,165,522,28,-
Bandung Kulon,Cigondewah Kidul,1584,1087,2292,1313,1650,23,204,748,39,4
Bandung Kulon,Cigondewah Rahayu,1797,1221,2938,1524,1868,52,196,568,31,1
Bandung Kulon,Cijerah,4034,2718,3351,4158,7063,221,639,1472,164,23
Bandung Kulon,Gempolsari,3441,2306,2082,2780,6665,314,1031,2401,225,32
Bandung Kulon,Warung Muncang,3623,2456,4228,3659,5461,146,334,760,50,16
Bandung Wetan,Cihapit,458,279,107,219,995,72,374,1252,283,43
Bandung Wetan,Citarum,224,134,77,165,572,37,116,695,163,41
Bandung Wetan,Tamansari,3422,2123,2164,2699,8524,307,906,2052,246,44
Batununggal,Binong,3284,1858,2435,3234,6063,66,420,1122,51,5
Batununggal,Cibangkong,3024,1904,2230,2857,6578,65,502,1119,69,9
Batununggal,Gumuruh,3130,1852,2256,2704,5667,81,806,2347,285,42
Batununggal,Kacapiring,1385,870,740,1160,3358,36,435,1087,92,12
Batununggal,Kebongedang,1613,1002,1016,1592,3589,50,279,599,28,3
Batununggal,Kebonwaru,2385,1516,1652,2417,5294,59,408,986,63,6
Batununggal,Maleer,2942,1751,1982,2733,5954,61,459,1063,58,5
Batununggal,Samoja,2245,1369,1540,2045,4905,54,306,661,24,5
Bojongloa Kaler,Babakan Asih,2879,1757,2442,2738,5222,151,425,831,42,-
Bojongloa Kaler,Babakan Tarogong,5180,3077,5198,4855,8798,202,502,945,41,3
Bojongloa Kaler,Jamika,4782,2919,4557,4699,8788,239,568,1193,64,4
Bojongloa Kaler,Kopo,5596,3476,4915,4728,8955,265,758,1720,130,18
Bojongloa Kaler,Suka Asih,3471,2036,2993,3061,5832,199,482,1079,100,12
Bojongloa Kidul,Cibaduyut,2258,1541,2853,1967,3081,56,177,421,25,4
Bojongloa Kidul,Cibaduyut Kidul,1638,1039,2454,1355,1863,58,234,389,50,6
Bojongloa Kidul,Cibaduyut Wetan,1434,954,1465,980,1829,58,222,1024,60,6
Bojongloa Kidul,Kebon Lega,3923,2509,3864,3444,6993,248,761,1780,115,19
Bojongloa Kidul,Mekarwangi,1863,1191,2137,1652,2504,79,254,608,30,4
Bojongloa Kidul,Situsaeur,3378,2223,2979,3324,7080,225,680,1381,79,8
Buahbatu,Cijaura,4803,2601,3515,3484,8087,187,1293,3049,280,35
Buahbatu,Jatisari,1387,771,619,861,2318,81,608,1906,285,35
Buahbatu,Margasari,6579,3637,4555,4601,10943,332,2302,5209,598,60
Buahbatu,Sekejati,3870,2037,2094,2336,7061,360,1744,4204,639,95
Cibeunying Kaler,Cigadung,5075,3171,3464,3534,10338,190,1058,3536,623,158
Cibeunying Kaler,Cihaur Geulis,1723,1302,843,1368,4904,90,644,1589,160,29
Cibeunying Kaler,Neglasari,1490,920,899,1222,3210,69,396,1083,159,14
Cibeunying Kaler,Sukaluyu,2399,1458,1233,1657,5512,157,746,2302,291,61
Cibeunying Kidul,Cicadas,2862,1495,1534,2395,5860,145,559,1250,71,5
Cibeunying Kidul,Cikutra,3925,2190,2576,3225,7526,263,856,1938,171,24
Cibeunying Kidul,Padasuka,2773,1742,1779,2600,5934,198,579,1262,89,9
Cibeunying Kidul,Pasirlayung,3885,2179,2315,2931,6845,242,969,2277,249,33
Cibeunying Kidul,Sukamaju,1708,1036,891,1354,4030,95,605,1423,90,16
Cibeunying Kidul,Sukapada,3807,2200,2868,3269,7271,195,681,1633,182,26
Cibiru,Pasir Biru,2841,1721,2305,2399,4807,124,355,974,117,25
Cibiru,Palasari,3661,2149,2210,3036,7503,243,747,1634,167,23
Cibiru,Cisurupan,2273,1460,2502,1924,3626,107,297,725,102,10
Cibiru,Cipadung,3800,2255,2916,3114,6962,214,605,1784,243,50
Cicendo,Arjuna,1797,1067,1210,1618,4859,245,583,1462,153,15
Cicendo,Husen Sastranegara,2692,1614,2120,2257,5635,153,580,956,102,19
Cicendo,Pajajaran,4239,2685,3898,3553,8505,260,756,1517,141,26
Cicendo,Pamoyanan,1065,624,666,846,2916,152,410,1159,129,14
Cicendo,Pasir Kaliki,1228,772,845,1113,3306,141,460,1099,133,16
Cicendo,Sukaraja,3770,2455,2542,3032,7717,269,886,2168,304,44
Cidadap,Ciumbuleuit,3926,2310,4408,2825,6615,153,591,1327,157,44
Cidadap,Hegarmanah,3227,1924,2524,2335,7017,247,720,1864,188,31
Cidadap,Ledeng,1761,1099,1391,1164,3475,83,279,1171,133,22
Cinambo,Babakan Penghulu,1241,759,1121,1085,1903,33,201,628,105,6
Cinambo,Pakemitan,1118,658,514,728,2565,35,249,487,35,8
Cinambo,Sukamulya,968,600,684,868,1794,26,160,394,20,8
Cinambo,Cisaranten Wetan,1051,604,801,1003,1686,27,166,421,44,8
Coblong,Cipaganti,1779,1175,1259,1394,4190,53,361,1115,89,20
Coblong,Dago,5666,3540,3994,3877,11356,184,1058,3471,509,178
Coblong,Lebakgede,1691,1044,1033,1212,3825,56,487,1347,154,20
Coblong,Lebak Siliwangi,631,374,489,513,1398,35,145,324,22,5
Coblong,Sadangserang,4306,2568,2484,3147,9534,182,992,2399,176,21
Coblong,Sekeloa,4485,2573,2711,3097,9459,165,917,2707,292,49
Gedebage,Cimenerang,839,491,689,661,788,47,150,378,32,4
Gedebage,Cisantren Kidul,3557,1891,2008,2829,5612,247,1097,2720,344,45
Gedebage,Rancabolang,2130,1214,931,1127,2128,110,645,1816,217,16
Gedebage,Rancanumpang,808,621,383,584,1318,88,298,688,78,11
Kiaracondong,Babakansari,7293,3115,4660,5149,13709,224,1269,2750,181,24
Kiaracondong,Babakan Surabaya,3855,1687,2919,2920,6808,92,510,1116,91,6
Kiaracondong,Cicaheum,3169,1512,2161,2345,6077,95,492,1246,116,14
Kiaracondong,Kebon Jayanti,2339,1111,1646,1817,5071,80,325,673,30,2
Kiaracondong,Kebon Kangkung,2217,956,1655,1755,4515,86,396,929,55,5
Kiaracondong,Sukapura,5018,2286,3670,4290,9173,98,740,1878,144,9
Lengkong,Burangrang,1504,921,946,1203,3386,162,683,1080,141,15
Lengkong,Cijagra,1603,1197,770,1017,3117,133,683,2616,459,56
Lengkong,Cikawao,1316,930,847,1196,3212,155,376,753,67,8
Lengkong,Lingkar Selatan,1434,968,480,1015,4134,189,611,1350,165,24
Lengkong,Malabar,1223,830,813,1075,2794,111,371,1077,168,15
Lengkong,Paledang,801,613,503,846,2324,114,318,763,61,8
Lengkong,Turangga,1878,1429,613,1220,3662,226,1021,3780,804,121
Mandalajati,Jatihandap,4755,2827,3406,3668,7637,89,796,2019,166,13
Mandalajati,Karang Pamulang,3270,1817,2264,2566,5574,72,507,1445,118,8
Mandalajati,Pasir Impun,2329,1362,1985,1865,3548,30,302,834,75,17
Mandalajati,Sindang Jaya,2621,1458,1402,1881,4318,51,647,1544,188,27
Panyileukan,Mekar Mulya,1166,562,328,619,2275,140,509,1308,132,22
Panyileukan,Cipadung Wetan,632,355,644,656,925,19,51,146,10,-
Panyileukan,Cipadung Kulon,2203,1375,1390,1860,4164,158,543,1311,128,26
Panyileukan,Cipadung Kidul,2158,1368,511,1131,5151,277,1043,2936,337,64
Rancasari,Cipamokolan,4010,2223,2454,2654,6865,294,1374,3392,513,47
Rancasari,Derwati,2886,1859,2585,2569,5447,200,814,1650,161,13
Rancasari,Munjahlega,3355,1783,1391,1726,5637,397,1906,4704,722,99
Rancasari,Mekarmulya,3343,1941,1888,1951,4810,283,1129,2622,306,26
Regol,Ancol,1582,1070,816,1143,3585,95,716,2171,236,26
Regol,Balonggede,1140,735,515,1009,3307,48,301,1012,60,8
Regol,Ciateul,956,736,423,782,3005,85,406,1115,75,10
Regol,Cigereleng,1662,1045,714,1200,4205,195,722,2063,179,30
Regol,Ciseureuh,2602,1814,1971,2240,5705,133,510,1152,76,12
Regol,Pasirluyu,2828,1808,2602,2310,5263,70,469,1254,113,13
Regol,Pungkur,933,653,539,887,2879,109,387,882,66,7
Sukajadi,Cipedes,4868,3277,4179,4140,9565,270,1073,1612,133,24
Sukajadi,Pasteur,2687,1757,1806,2200,6292,201,839,2018,257,38
Sukajadi,Sukabungah,3457,2367,3018,3037,6965,195,783,1438,121,15
Sukajadi,Sukagalih,2955,1885,3017,2205,4884,153,582,2072,311,55
Sukajadi,Sukawarna,2279,1429,2092,1785,4028,170,551,1470,202,27
Sukasari,Gegerkalong,3679,2059,2378,2430,6568,351,1295,3524,608,122
Sukasari,Isola,2238,1282,1899,1538,3861,112,510,1470,189,49
Sukasari,Sarijadi,4369,2375,2412,2489,8429,369,1750,4285,592,70
Sukasari,Sukarasa,2199,1150,2091,1554,3499,111,451,1585,270,44
Sumur Bandung,Babakan Ciamis,1232,712,754,920,3229,56,302,848,64,10
Sumur Bandung,Braga,841,477,493,833,2491,45,180,592,47,5
Sumur Bandung,Kebon Pisang,1794,1068,1298,1568,4712,98,389,1000,87,11
Sumur Bandung,Merdeka,1457,843,473,956,4001,88,548,1503,188,20
Ujung Berung,Cigending,2738,1769,1601,2497,5229,187,595,1517,214,29
Ujung Berung,Pasanggrahan,3357,2209,2927,3083,5214,233,640,1437,173,19
Ujung Berung,Pasir Endah,2632,1737,1256,2030,5117,237,776,2135,295,46
Ujung Berung,Pasirwangi,2930,1922,2432,2509,4456,185,453,932,77,14
Ujung Berung,Pasirjati,3006,1930,2188,2636,4935,179,634,1109,85,11