nama_kecamatan,iud_sisa_bulan_lalu,kondom_sisa_bulan_lalu,implant_sisa_bulan_lalu,suntikan_sisa_bulan_lalu,pil_sisa_bulan_lalu,iud_diterima_bulan_ini,kondom_diterima_bulan_ini,implant_diterima_bulan_ini,suntikan_diterima_bulan_ini,pil_keluar_bulan_ini,iud_keluar_bulan_ini,kondom_keluar_bulan_ini,implant_keluar_bulan_ini,suntikan_keluar_bulan_ini,pil_diterima_bulan_ini,iud_sisa_akhir_bulan_ini,kondom_sisa_akhir_bulan_ini,implant_sisa_akhir_bulan_ini,suntikan_sisa_akhir_bulan_ini,pil_sisa_akhir_bulan_ini
Sukasari,94,82,27,269,731,0,0,0,50,0,9,9,6,244,100,85,73,21,75,631
Coblong,38,115,20,15,1118,0,0,0,400,700,7,19,0,225,19,31,96,20,190,1799
Babakan Ciparay,82,960,12,42,310,0,0,0,100,100,6,13,0,41,109,76,947,12,101,301
Bojongloa Kaler,50,68,40,12,647,0,0,0,0,0,25,10,0,12,50,25,58,40,0,597
Andir,103,33,39,6,201,0,0,10,200,200,1,8,0,39,11,102,25,49,167,390
Cicendo,29,219,8,104,181,0,0,0,60,0,11,195,0,60,8,18,24,8,104,173
Sukajadi,68,13,0,0,38,92,0,0,576,331,117,13,0,373,333,43,0,0,203,36
Cidadap,130,152,27,279,1077,0,0,0,100,0,6,6,0,62,49,124,146,27,317,1028
Bandung Wetan,35,103,46,243,1383,0,0,0,0,0,9,19,0,63,13,26,84,46,180,1370
Astana Anyar,131,139,16,854,1474,66,0,0,4,0,120,10,1,256,72,77,129,15,602,1402
Regol,72,132,17,230,662,0,0,0,400,800,23,1,0,84,36,49,131,17,546,1426
Batununggal,34,49,13,276,797,0,0,0,0,0,2,7,7,118,36,32,42,6,158,761
Lengkong,62,202,43,286,881,0,0,10,120,200,11,8,0,182,52,51,194,53,224,1029
Cibeunying Kidul,37,31,74,506,615,0,0,0,0,0,7,20,54,61,2,30,11,20,445,613
Bandung Kulon,48,74,9,50,680,0,0,0,0,100,3,35,0,50,32,45,39,9,0,748
Kiaracondong,18,45,13,241,972,0,0,0,0,0,6,8,2,112,227,12,37,11,129,745
Bojongloa Kidul,11,21,10,76,101,0,0,0,0,0,6,2,0,14,15,5,19,10,62,86
Cibeunying Kaler,0,0,0,98,350,0,0,0,0,0,0,0,0,22,30,0,0,0,76,320
Sumur Bandung,17,9,9,117,468,0,0,0,0,0,8,3,0,36,0,9,6,9,81,468
Antapani,58,123,2,266,1266,0,0,0,0,0,0,16,0,106,58,58,107,2,160,1208
Bandung Kidul,107,229,49,155,772,0,0,0,66,9,5,16,0,114,131,102,213,49,107,650
Buahbatu,29,27,22,177,590,1,0,0,20,0,6,4,4,169,20,24,23,18,28,570
Rancasari,12,78,19,200,739,0,0,0,0,0,5,2,0,127,111,7,76,19,73,628
Arcamanik,303,24,7,78,515,0,0,10,0,0,9,0,0,35,7,294,24,17,43,508
Cibiru,91,154,47,101,522,5,0,0,411,504,11,9,3,339,226,85,145,44,173,800
Ujung Berung,0,8,6,86,108,0,0,0,0,0,0,6,0,31,34,0,2,6,55,74
Gedebage,27,24,2,92,393,0,0,10,200,400,4,0,0,60,83,23,24,12,232,710
Panyileukan,42,8,7,75,346,0,0,0,0,0,2,4,0,70,100,40,4,7,5,246
Cinambo,33,142,72,69,431,76,0,0,31,0,76,20,0,69,29,33,122,72,31,402
Mandalajati,209,131,0,94,605,0,0,0,140,200,6,1,0,178,91,203,130,0,56,714