Kecamatan,Kelurahan,Usia 0-4 thn,Usia 5-9 thn,Usia 10-14 thn,Usia 15-19 thn,Usia 20-24 thn,Usia 25-29 thn,Usia 30-34 thn,Usia 35-39 thn,Usia 40-44 thn,Usia 45-49 thn,Usia 50-54 thn,Usia 55-59 thn,Usia 60-64 thn,Usia 65-69 thn,Usia 70-74 thn,Usia >75 thn,Jumlah Penduduk
Regol,Ancol,619,786,843,880,870,866,873,1032,892,862,768,655,514,398,296,342,11496
Antapani,Antapani Kidul,1481,1785,1656,1791,2110,2216,2051,2147,1666,1529,1574,1659,1308,766,392,378,24509
Antapani,Antapani Kulon,691,826,844,826,813,894,907,949,797,741,607,596,520,243,138,140,10532
Antapani,Antapani Tengah,1535,1750,1544,1550,1666,1994,2093,2131,1573,1242,1168,1524,1273,698,302,313,22356
Antapani,Antapani Wetan,1240,1457,1441,1462,1441,1472,1567,1568,1401,1202,1097,977,721,380,184,202,17812
Cicendo,Arjuna,700,866,948,985,1024,997,1026,1159,1087,990,966,764,680,475,310,594,13571
Babakan Ciparay,Babakan,2028,2570,2593,2493,2444,2402,2665,2671,2217,1824,1453,1330,1021,594,350,376,29031
Bojongloa Kaler,Babakan Asih,1000,1396,1432,1410,1297,1232,1306,1442,1322,1188,944,827,610,392,264,291,16353
Sumur Bandung,Babakan Ciamis,469,598,640,688,601,562,636,709,642,632,554,424,340,219,137,228,8079
Babakan Ciparay,Babakan Ciparay,2067,2739,2731,2646,2623,2483,2738,2871,2495,2073,1623,1334,1013,610,367,359,30772
Cinambo,Babakan Penghulu,460,607,612,586,600,545,556,654,632,482,405,300,203,113,67,107,6929
Kiaracondong,Babakansari,2469,3092,3067,3008,2925,2736,3093,3533,2993,2696,2238,1812,1539,948,506,646,37301
Kiaracondong,Babakan Surabaya,1261,1633,1634,1632,1627,1557,1493,1683,1540,1410,1187,902,735,454,256,286,19290
Bojongloa Kaler,Babakan Tarogong,1899,2531,2406,2390,2343,2236,2452,2638,2221,1843,1586,1364,1070,630,348,414,28371
Regol,Balonggede,450,597,596,550,605,621,704,777,671,625,549,450,419,323,221,284,8442
Bandung Kidul,Batununggal,1184,1485,1544,1482,1463,1371,1339,1669,1498,1345,1160,891,697,512,351,409,18400
Batununggal,Binong,1157,1495,1515,1515,1462,1379,1391,1627,1487,1343,1071,807,682,398,281,298,17908
Sumur Bandung,Braga,286,415,443,473,441,446,488,490,479,429,364,326,339,246,152,211,6028
Lengkong,Burangrang,588,731,776,731,765,753,813,832,778,749,638,582,392,344,205,365,10042
Andir,Campaka,1032,1461,1509,1503,1452,1327,1358,1571,1481,1393,1064,851,623,382,258,310,17575
Bandung Kulon,Caringin,605,766,784,761,732,744,853,924,717,620,457,460,394,241,143,173,9374
Regol,Ciateul,379,513,578,623,592,547,576,679,626,632,543,434,335,265,191,310,7823
Astana Anyar,Cibadak,672,939,1013,953,938,992,1028,1168,1005,945,861,751,679,526,357,478,13305
Bojongloa Kidul,Cibaduyut,856,1167,1105,1082,1006,978,1114,1160,985,849,623,485,330,190,107,122,12159
Bojongloa Kidul,Cibaduyut Kidul,638,866,834,775,779,750,794,818,726,596,427,343,288,181,98,98,9011
Bojongloa Kidul,Cibaduyut Wetan,544,716,689,666,619,525,655,773,698,610,387,274,208,138,106,104,7712
Batununggal,Cibangkong,1073,1448,1465,1473,1492,1344,1410,1540,1448,1421,1215,914,670,439,296,440,18088
Bandung Kulon,Cibuntu,1135,1569,1654,1583,1509,1422,1539,1737,1514,1229,1006,784,619,372,248,280,18200
Cibeunying Kidul,Cicadas,1031,1365,1330,1373,1278,1170,1241,1420,1327,1244,980,743,524,336,231,382,15975
Kiaracondong,Cicaheum,1051,1332,1361,1411,1377,1291,1292,1428,1266,1259,1082,823,680,380,228,273,16534
Cibeunying Kaler,Cigadung,1933,2505,2430,2494,2499,2476,2584,2796,2415,2003,1755,1554,1271,766,465,649,30595
Ujung Berung,Cigending,985,1363,1343,1402,1325,1199,1226,1329,1260,1175,1020,852,626,356,228,310,15999
Regol,Cigereleng,661,815,806,867,890,892,878,1005,936,880,806,697,607,435,316,374,11865
Bandung Kulon,Cigondewah Kaler,1307,1891,1885,1890,1672,1657,1716,1779,1611,1248,800,527,402,240,163,151,18939
Bandung Kulon,Cigondewah Kidul,549,756,729,855,811,719,753,790,684,618,505,314,254,161,117,146,8761
Bandung Kulon,Cigondewah Rahayu,695,897,885,937,973,910,854,940,737,719,558,414,271,164,115,110,10179
Bandung Wetan,Cihapit,184,219,273,274,279,284,340,339,343,297,271,336,328,197,155,273,4392
Cibeunying Kaler,Cihaur Geulis,636,912,1037,1087,931,845,848,1041,1065,1087,909,665,499,301,251,380,12494
Lengkong,Cijagra,662,879,941,955,920,827,954,984,968,969,754,662,522,352,257,411,12017
Buahbatu,Cijaura,1766,2257,2212,2206,2163,2105,2191,2469,2098,1848,1549,1284,1075,666,380,398,26667
Bandung Kulon,Cijerah,1416,1991,2070,2023,1927,1741,1906,2355,2071,1817,1315,1039,816,531,359,410,23787
Lengkong,Cikawao,525,677,693,670,712,662,667,711,686,662,561,526,378,241,182,241,8794
Cibeunying Kidul,Cikutra,1348,1877,1860,1725,1681,1575,1718,1996,1832,1670,1292,1127,897,608,441,676,22323
Gedebage,Cimenerang,299,363,368,348,315,277,281,405,399,302,190,144,102,53,29,33,3908
Cibiru,Pasir Biru,1118,1414,1450,1368,1219,1248,1218,1493,1201,1205,843,648,478,256,141,226,15526
Panyileukan,Mekar Mulya,501,474,431,468,640,741,722,529,374,350,492,611,353,122,48,67,6923
Panyileukan,Cipadung Wetan,260,268,291,312,286,271,254,325,274,223,209,137,116,57,34,58,3375
Panyileukan,Cipadung Kulon,873,1005,1099,1151,1244,1126,995,1048,927,915,846,697,485,247,144,159,12961
Coblong,Cipaganti,702,898,894,911,917,895,887,1028,978,865,743,579,494,323,211,306,11631
Rancasari,Cipamokolan,1521,1952,1896,1915,1876,1918,1907,1947,1882,1634,1364,1187,904,491,279,367,23040
Sukajadi,Cipedes,1794,2478,2473,2435,2270,2278,2454,2578,2305,2091,1713,1424,1101,674,407,500,28975
Babakan Ciparay,Cirangrang,726,897,887,899,876,949,934,974,866,678,546,528,395,246,138,136,10675
Andir,Ciroyom,1312,1716,1712,1601,1521,1525,1558,1742,1433,1341,1160,917,760,467,329,436,19530
Arcamanik,Cisaranten Bina Harapan,805,1041,949,962,926,838,913,1080,953,806,649,485,454,296,175,228,11560
Arcamanik,Sindanglaya/Cisantren Endah,1190,1527,1655,1678,1785,1445,1486,1575,1435,1368,1213,917,629,319,183,238,18643
Gedebage,Cisantren Kidul,1233,1533,1497,1566,1692,1702,1578,1737,1425,1296,1271,1092,834,479,311,394,19640
Arcamanik,Cisaranten Kulon,1573,1900,1829,1728,1636,1707,1855,1964,1699,1517,1166,930,770,462,292,387,21415
Cinambo,Pakemitan,436,539,497,512,584,551,574,554,466,469,325,231,161,108,75,99,6181
Regol,Ciseureuh,999,1415,1437,1439,1333,1218,1296,1529,1395,1170,974,739,585,405,232,331,16497
Cibiru,Palasari,1381,1865,1882,1919,1913,1755,1711,1907,1668,1680,1323,1054,690,437,246,292,21723
Bandung Wetan,Citarum,78,117,133,166,163,141,158,210,197,222,193,171,148,128,75,207,2507
Cidadap,Ciumbuleuit,1474,1875,1799,1890,1820,1717,1734,1893,1634,1522,1280,985,852,507,306,439,21727
Coblong,Dago,2046,2635,2677,2630,2669,2612,2650,2920,2388,2371,1921,1631,1328,818,534,852,32682
Rancasari,Derwati,1069,1419,1453,1629,1645,1493,1307,1499,1338,1362,1235,959,546,333,188,262,17737
Andir,Dungus Cariang,1119,1550,1536,1515,1515,1322,1450,1658,1606,1462,1196,948,741,533,321,482,18954
Andir,Garuda,599,791,840,829,818,769,785,932,867,859,642,547,440,292,234,294,10538
Sukasari,Gegerkalong,1297,1684,1795,1760,1690,1605,1666,1940,1852,1773,1401,1164,908,641,473,740,22389
Bandung Kulon,Gempolsari,1317,1612,1702,1775,1776,1821,1757,1868,1610,1494,1328,1147,774,351,215,266,20813
Batununggal,Gumuruh,1138,1464,1484,1558,1517,1371,1429,1711,1529,1408,1126,897,721,518,362,486,18719
Cidadap,Hegarmanah,1194,1604,1527,1554,1571,1501,1617,1713,1585,1488,1282,1105,812,570,351,537,20011
Cicendo,Husen Sastranegara,994,1295,1361,1395,1351,1203,1250,1373,1200,1212,1051,810,579,347,210,337,15968
Sukasari,Isola,780,1051,1078,1016,947,981,1074,1091,1029,949,771,668,515,357,184,262,12753
Bojongloa Kaler,Jamika,1702,2367,2308,2296,2117,2013,2283,2472,2128,1994,1616,1397,1079,731,451,589,27543
Buahbatu,Jatisari,507,653,649,741,739,685,743,743,628,658,560,515,383,242,136,139,8721
Mandalajati,Jatihandap,1800,2268,2177,2106,2019,1978,2058,2502,1953,1668,1439,1143,907,512,308,371,25209
Batununggal,Kacapiring,510,645,745,684,724,648,645,713,758,748,646,505,371,248,191,304,9085
Astana Anyar,Karanganyar,294,436,410,461,429,458,501,567,501,488,467,388,421,353,234,341,6749
Mandalajati,Karang Pamulang,1179,1485,1484,1416,1449,1395,1414,1494,1271,1186,1033,827,632,320,185,234,17004
Astana Anyar,Karasak,818,1041,1086,1027,1026,915,1046,1196,1155,997,823,635,596,446,280,326,13413
Batununggal,Kebongedang,588,780,817,756,740,648,694,885,817,733,636,490,394,241,171,252,9642
Kiaracondong,Kebon Jayanti,783,979,1087,1053,1069,917,854,1055,1057,1005,845,613,488,323,248,317,12693
Andir,Kebon Jeruk,593,809,873,910,882,831,952,1094,988,964,879,728,647,530,343,535,12558
Kiaracondong,Kebon Kangkung,784,1022,976,1076,994,887,925,1073,1065,908,827,634,479,343,214,288,12495
Bojongloa Kidul,Kebon Lega,1553,1961,1882,1933,1819,1808,1967,2285,1940,1599,1316,1114,939,594,370,518,23598
Sumur Bandung,Kebon Pisang,646,929,988,1079,937,885,899,1004,924,911,782,631,521,351,208,364,12059
Batununggal,Kebonwaru,857,1124,1152,1255,1245,1047,1117,1182,1216,1152,1009,744,543,361,225,325,14554
Bojongloa Kaler,Kopo,2010,2603,2713,2407,2434,2328,2673,2744,2311,2006,1653,1295,1044,636,393,493,29743
Bandung Kidul,Kujangsari,1396,1738,1770,1823,1702,1590,1679,1889,1667,1621,1275,982,733,477,267,312,20921
Coblong,Lebakgede,638,825,746,749,772,781,861,955,883,803,625,553,454,315,222,351,10533
Coblong,Lebak Siliwangi,226,316,283,303,302,322,290,351,273,303,250,211,178,111,76,130,3925
Cidadap,Ledeng,635,862,860,823,808,752,848,941,785,778,628,466,394,270,187,269,10306
Lengkong,Lingkar Selatan,572,751,854,946,1017,851,793,853,815,956,828,526,303,218,194,298,10775
Lengkong,Malabar,472,620,611,624,666,619,709,715,623,570,586,455,423,279,192,340,8504
Andir,Maleber,1199,1580,1599,1647,1500,1397,1527,1810,1700,1605,1171,949,815,564,389,478,19930
Batununggal,Maleer,1029,1304,1355,1398,1424,1269,1297,1494,1242,1236,1079,855,652,375,249,362,16620
Rancasari,Munjahlega,1381,1653,1588,1559,1678,1676,1985,2153,1684,1486,1163,1050,1244,974,589,636,22499
Babakan Ciparay,Margahayu Utara,1400,1908,1780,1790,1659,1639,1852,2041,1783,1453,1084,908,806,522,255,290,21170
Buahbatu,Margasari,2521,3173,3154,3072,2980,2801,3043,3437,3016,2735,2188,1666,1361,914,618,688,37367
Babakan Ciparay,Margasuka,752,986,1011,1028,968,910,1021,1075,889,792,599,500,364,251,135,151,11432
Rancasari,Mekarmulya,1235,1596,1554,1417,1288,1277,1441,1696,1452,1328,916,713,600,429,239,244,17425
Panyileukan,Cipadung Kidul,805,912,1080,1343,1529,1395,980,914,901,1146,1346,1127,532,281,157,175,14623
Bojongloa Kidul,Mekarwangi,682,925,914,888,771,752,852,1022,855,742,565,439,309,190,108,133,10147
Bandung Kidul,Mengger,586,857,874,876,898,821,830,916,862,748,667,483,335,176,139,162,10230
Sumur Bandung,Merdeka,562,683,788,902,853,838,809,703,752,771,669,474,312,217,166,254,9753
Cibeunying Kaler,Neglasari,560,797,770,763,699,714,687,876,755,717,577,460,361,240,204,249,9429
Astana Anyar,Nyengseret,727,991,947,938,957,906,933,1079,952,861,747,618,516,325,201,321,12019
Cibeunying Kidul,Padasuka,1027,1346,1402,1392,1320,1260,1244,1527,1328,1289,1028,871,681,391,271,367,16744
Cicendo,Pajajaran,1679,2125,2185,2099,1996,1823,2000,2356,2026,1780,1489,1192,898,568,355,449,25020
Cinambo,Sukamulya,366,477,453,463,448,388,447,485,441,395,305,266,202,127,80,99,5442
Cibiru,Cisurupan,913,1078,1159,1107,1067,1049,957,1041,932,879,713,521,428,225,148,233,12450
Lengkong,Paledang,321,423,426,459,470,468,465,553,451,444,467,382,348,233,158,230,6298
Cicendo,Pamoyanan,402,520,503,561,551,540,580,692,640,604,520,474,444,336,218,389,7974
Astana Anyar,Panjunan,418,669,625,659,594,597,613,662,560,521,418,438,325,192,144,228,7663
Ujung Berung,Pasanggrahan,1264,1663,1662,1702,1506,1490,1434,1578,1472,1447,1033,778,586,396,254,297,18562
Cibiru,Cipadung,1466,1890,1839,1922,1970,1738,1700,2005,1755,1662,1298,992,717,412,255,292,21913
Ujung Berung,Pasir Endah,1051,1264,1255,1268,1315,1227,1320,1375,1129,1160,925,822,642,404,220,253,15630
Mandalajati,Pasir Impun,834,1064,1066,1005,1001,996,934,1073,840,834,650,547,425,241,153,159,11822
Ujung Berung,Pasirwangi,1156,1410,1411,1235,1253,1166,1198,1434,1196,1073,766,586,478,270,171,219,15022
Ujung Berung,Pasirjati,1100,1500,1432,1396,1330,1233,1270,1492,1305,1184,914,682,491,296,188,245,16058
Cicendo,Pasir Kaliki,476,600,598,600,643,640,704,746,701,662,617,532,454,326,246,395,8940
Cibeunying Kidul,Pasirlayung,1417,1836,1748,1676,1662,1688,1741,2058,1612,1466,1274,1080,988,560,293,426,21525
Regol,Pasirluyu,1079,1309,1407,1428,1335,1248,1316,1541,1316,1166,866,796,569,388,240,257,16261
Sukajadi,Pasteur,1015,1347,1367,1496,1354,1365,1340,1499,1402,1340,1195,958,802,527,347,544,17898
Astana Anyar,Pelindung Hewan,1352,1636,1740,1682,1607,1503,1688,1851,1565,1397,1191,970,729,479,326,371,20087
Regol,Pungkur,372,521,576,586,594,536,605,667,667,571,578,492,383,277,206,299,7930
Gedebage,Rancabolang,734,1060,956,832,650,614,832,1069,1030,758,519,320,225,138,92,82,9911
Gedebage,Rancanumpang,253,406,506,575,385,265,243,358,449,497,327,182,116,61,51,36,4710
Coblong,Sadangserang,1623,2113,2166,2038,2068,1921,2173,2272,2061,2021,1665,1229,997,635,421,654,26057
Batununggal,Samoja,774,1056,1141,1077,1089,952,1027,1106,979,960,850,631,495,287,196,279,12899
Sukasari,Sarijadi,1644,2014,1991,1893,2000,1996,2072,2291,2132,1971,1667,1290,1054,830,653,730,26228
Buahbatu,Sekejati,1535,1897,1878,2005,2206,2221,2056,1998,1770,1695,1802,1622,1082,600,314,421,25102
Coblong,Sekeloa,1757,2196,2094,1972,1965,2149,2237,2412,2066,1930,1548,1234,998,677,516,668,26419
Mandalajati,Sindang Jaya,950,1183,1105,1079,1053,1090,1069,1264,1122,926,759,666,557,370,203,221,13617
Bojongloa Kidul,Situsaeur,1342,1760,1794,1781,1638,1654,1744,1908,1706,1555,1284,1022,847,552,383,482,21452
Bojongloa Kaler,Suka Asih,1250,1660,1622,1592,1558,1494,1577,1693,1494,1291,1030,907,691,426,276,280,18841
Sukajadi,Sukabungah,1340,1694,1757,1828,1646,1570,1650,1908,1657,1539,1322,1085,890,581,344,508,21319
Sukajadi,Sukagalih,1111,1469,1380,1433,1318,1487,1582,1584,1410,1257,930,814,673,532,311,387,17678
Babakan Ciparay,Sukahaji,1932,2562,2666,2572,2452,2296,2504,2641,2218,2000,1578,1389,1025,650,437,495,29417
Cibeunying Kaler,Sukaluyu,899,1178,1215,1276,1236,1164,1226,1331,1248,1223,1087,854,619,417,332,493,15798
Cibeunying Kidul,Sukamaju,619,825,829,839,846,820,800,914,841,886,775,656,528,305,202,343,11028
Arcamanik,Sukamiskin,1254,1546,1504,1548,1727,1818,1798,1688,1418,1408,1413,1272,1051,620,331,410,20806
Cinambo,Cisaranten Wetan,436,499,477,467,450,417,427,536,475,409,288,237,210,120,63,82,5593
Cibeunying Kidul,Sukapada,1388,1761,1795,1807,1746,1779,1761,1877,1618,1538,1311,1187,893,462,283,348,21554
Kiaracondong,Sukapura,1684,2066,2061,2166,2208,2058,1961,2247,2080,1984,1715,1365,981,574,365,427,25942
Cicendo,Sukaraja,1426,1808,1896,1904,1916,1837,1747,1914,1902,1718,1378,1109,766,520,361,373,22575
Sukasari,Sukarasa,715,1051,1031,980,1005,980,1032,1078,1050,919,776,623,471,391,261,296,12659
Sukajadi,Sukawarna,884,1116,1093,1054,1114,1118,1189,1221,1079,939,794,710,540,364,283,304,13802
Bandung Wetan,Tamansari,1289,1685,1773,1826,1804,1674,1833,2006,1866,1762,1528,1144,962,594,378,751,22875
Lengkong,Turangga,727,963,1110,1247,1069,942,938,1154,1093,1254,1016,760,628,482,444,686,14513
Bandung Kulon,Warung Muncang,1371,1900,1928,1842,1758,1564,1761,1929,1691,1366,1067,897,645,450,274,335,20778
Bandung Kidul,Wates,574,691,733,670,699,591,674,795,713,590,489,352,271,128,103,108,8181
