lokasi,nama_komoditas,2016-08-05,2016-08-01,2016-08-03,2016-08-04,2016-08-08,2016-08-09,2016-08-10,2016-08-11,2016-08-15,2016-08-16,2016-08-18,2016-08-19,2016-08-22,2016-08-24,2016-08-25,2016-08-26,2016-08-29,2016-08-30,2016-08-31,2016-08-02,2016-08-12,
Pasar Andir,Beras Medium,10000,10000,10000,10000,10000,10000,10000,10000,10000,10000,10000,10000,10000,10000,10000,10000,10000,10000,10000,10000,0,
Pasar Andir,Cabe Merah,35000,35000,35000,35000,30000,30000,30000,0,30000,30000,30000,30000,30000,30000,30000,30000,25000,25000,25000,35000,0,
Pasar Andir,Bawang Merah,45000,45000,45000,45000,45000,45000,45000,45000,45000,45000,0,45000,45000,45000,45000,45000,32000,32000,32000,45000,0,
Pasar Andir,Daging Ayam Ras,32000,32000,32000,0,32000,32000,32000,32000,34000,34000,34000,34000,34000,34000,34000,34000,31000,31000,31000,32000,0,
Pasar Andir,Telur Ayam Ras,21500,21500,21500,21500,21500,21500,21500,21500,21500,21500,21500,21500,21500,21500,21500,21500,20000,20000,0,21500,0,
Pasar Andir,Daging Sapi,120000,120000,120000,120000,120000,120000,120000,120000,120000,120000,120000,120000,120000,120000,120000,120000,120000,120000,120000,120000,0,
Pasar Andir,Minyak Goreng,14000,14000,14000,14000,14000,14000,14000,14000,0,14000,14000,14000,14000,14000,14000,14000,14000,14000,14000,14000,0,
Pasar Andir,Gula Pasir,16000,16000,16000,16000,16000,16000,16000,16000,16000,16000,16000,16000,16000,16000,16000,16000,16000,16000,16000,16000,0,
Pasar Andir,Kentang,18000,18000,18000,18000,0,18000,18000,18000,18000,18000,18000,18000,18000,18000,18000,18000,18000,18000,18000,18000,0,
Pasar Andir,Kedelai,11000,11000,11000,11000,11000,11000,11000,11000,11000,11000,11000,11000,11000,11000,11000,11000,11000,11000,11000,11000,0,
Pasar Andir,Tepung Terigu,7500,7500,7500,7500,7500,7500,7500,7500,7500,7500,7500,7500,7500,7500,7500,7500,7500,7500,7500,7500,0,
Pasar Andir,Bawang Putih,35000,35000,25000,35000,35000,35000,35000,35000,35000,35000,35000,35000,35000,35000,35000,35000,35000,35000,35000,35000,0,
Pasar Andir,Cabe Keriting,30000,30000,30000,30000,30000,30000,30000,30000,30000,0,30000,0,30000,30000,30000,30000,25000,25000,25000,30000,0,
Pasar Andir,Cabe Rawit,55000,55000,0,55000,50000,50000,50000,50000,50000,50000,50000,50000,50000,50000,50000,50000,35000,35000,35000,55000,0,
Pasar Andir,Kacang Tanah,28000,28000,28000,28000,28000,28000,28000,28000,28000,28000,28000,28000,28000,28000,28000,28000,28000,28000,28000,28000,0,
Pasar Andir,Ubi Kayu,3000,3000,3000,3000,3000,3000,3000,3000,3000,3000,3000,3000,3000,3000,3000,3000,3000,3000,3000,3000,0,
Pasar Andir,Ubi Jalar,0,0,0,0,0,0,0,0,0,0,0,0,0,0,0,0,0,0,0,0,0,
Pasar Andir,Jagung,8000,8000,8000,8000,8000,8000,8000,8000,8000,8000,8000,8000,8000,8000,8000,8000,8000,8000,8000,0,0,
Pasar Andir,Ikan Olahan,60000,60000,60000,60000,60000,60000,60000,60000,60000,60000,60000,60000,60000,60000,60000,60000,60000,60000,60000,60000,0,
Pasar Andir,Beras Premium,0,0,0,0,0,0,0,0,0,0,0,0,0,0,0,0,0,0,0,0,0,
Pasar Andir,Minyak Goreng Curah,11000,11000,11000,11000,11000,11000,11000,11000,11000,11000,11000,11000,11000,11000,11000,11000,11000,11000,11000,11000,0,
Pasar Andir,Daging Ayam Kampung,70000,70000,70000,70000,70000,70000,70000,70000,70000,70000,70000,70000,70000,70000,70000,70000,70000,70000,70000,70000,0,
Pasar Andir,Telur Ayam Kampung,40000,40000,40000,40000,40000,40000,40000,40000,40000,40000,40000,40000,40000,40000,40000,40000,40000,40000,40000,40000,0,
Pasar Andir,Susu Kental Manis Merk Bendera,9500,9500,9500,9500,9500,9500,9500,9500,9500,9500,9500,9500,9500,9500,9500,9500,9500,9500,9500,9500,0,
Pasar Andir,Susu Kental Manis Merk Indomilk,9000,9000,9000,9000,9000,9000,9000,9000,9000,9000,9000,9000,9000,9000,9000,9000,9000,9000,9000,9000,0,
Pasar Andir,Garam Beryodium Bata,0,1000,1000,1000,1000,1000,1000,1000,1000,1000,1000,1000,1000,1000,1000,1000,1000,1000,1000,1000,0,
Pasar Andir,Garam Beryodium Halus,5000,5000,5000,5000,5000,5000,5000,5000,5000,5000,5000,5000,5000,5000,5000,5000,5000,5000,5000,5000,0,
Pasar Andir,Tepung Terigu Cakra Kembar,7500,7500,7500,7500,7500,7500,0,7500,7500,7500,7500,7500,7500,7500,7500,7500,7500,7500,7500,7500,0,
Pasar Andir,Tepung Terigu Kunci,7000,7000,7000,7000,7000,7000,7000,7000,7000,7000,7000,7000,7000,7000,7000,7000,7000,7000,7000,7000,0,
Pasar Andir,Mie Instan,2000,2000,2000,2000,2000,2000,2000,2000,2000,2000,2000,2000,0,2000,2000,2000,2000,2000,2000,2000,0,
Pasar Andir,Cabe Rawit Hijau,28000,28000,28000,28000,35000,0,35000,35000,35000,35000,35000,35000,35000,35000,35000,35000,30000,30000,30000,28000,0,
Pasar Andir,Kacang Hijau,21000,2100,21000,21000,21000,21000,21000,21000,21000,21000,21000,21000,21000,21000,21000,0,21000,21000,21000,21000,0,
Pasar Andir,Susu Bubuk Dancow,35000,35000,35000,35000,35000,35000,35000,35000,35000,35000,35000,35000,35000,35000,35000,35000,0,0,35000,35000,0,
Pasar Andir,Susu Bubuk Indomilk,32000,32000,32000,32000,32000,32000,32000,32000,32000,32000,32000,32000,32000,32000,32000,32000,32000,32000,32000,32000,0,
Pasar Andir,Ikan Kembung,32000,32000,32000,32000,32000,32000,32000,32000,32000,32000,32000,32000,32000,32000,32000,32000,32000,32000,32000,32000,0,
