No.,Bulan,<18 (kantong darah),18-24 (kantong darah),25-44 (kantong darah),45-59 (kantong darah),>60 (kantong darah)
1,Januari,60,2065,5104,2892,183
2,Februari,118,2742,5096,3146,185
3,Maret,104,2987,5111,3162,198
4,April,116,2335,4903,2807,160
5,Mei,115,2065,4715,2982,190
6,Juni,67,1352,2825,1678,128
7,Juli,169,2499,5800,3492,183
8,Agustus,221,2316,5368,3361,205
9,September,223,2564,4466,2378,132
10,Oktober ,390,2500,5147,3284,172
11,November,152,2192,3889,2747,127
12,Desember,230,2274,4203,2579,158
