lokasi,nama_komoditas,2014-03-01,2014-03-02,2014-03-03,2014-03-04,2014-03-05,2014-03-06,2014-03-07,2014-03-08,2014-03-09,2014-03-10,2014-03-11,2014-03-12,2014-03-13,2014-03-14,2014-03-15,2014-03-16,2014-03-17,2014-03-18,2014-03-19,2014-03-20,2014-03-21,2014-03-22,2014-03-23,2014-03-24,2014-03-25,2014-03-26,2014-03-27,2014-03-28,2014-03-29,2014-03-30,2014-03-31
"Pasar Kosambi","Beras Medium",8500,0,0,0,8500,8500,8500,8500,8500,0,0,8500,8500,8500,8500,8500,0,0,8500,8500,8500,8500,8500,0,0,8500,8500,8500,8500,8500,0
"Pasar Kosambi","Cabe Merah",25000,0,0,0,30000,30000,30000,30000,30000,0,0,35000,35000,35000,35000,35000,0,0,30000,30000,30000,30000,30000,0,0,30000,30000,30000,30000,30000,0
"Pasar Kosambi","Bawang Merah",18000,0,0,0,20000,20000,20000,20000,20000,0,0,22000,22000,22000,22000,22000,0,0,22000,22000,22000,22000,22000,0,0,22000,22000,22000,22000,22000,0
"Pasar Kosambi","Daging Ayam Ras",30000,0,0,0,28000,28000,28000,28000,28000,0,0,30000,30000,30000,30000,30000,0,0,30000,30000,30000,30000,30000,0,0,28000,28000,28000,28000,30000,0
"Pasar Kosambi","Telur Ayam Ras",16500,0,0,0,16000,16000,16000,16000,16000,0,0,15500,15500,15500,15500,15500,0,0,15000,15000,15000,15000,15000,0,0,15000,15000,15000,15000,16500,0
"Pasar Kosambi","Daging Sapi",100000,0,0,0,100000,100000,100000,100000,100000,0,0,100000,100000,100000,100000,100000,0,0,100000,100000,100000,100000,100000,0,0,100000,100000,100000,100000,100000,0
"Pasar Kosambi","Minyak Goreng",13300,0,0,0,13300,13300,13300,13300,13300,0,0,13300,13300,13300,13300,13300,0,0,13300,13300,13300,13300,13300,0,0,13300,13300,13300,13300,13300,0
"Pasar Kosambi","Gula Pasir",11000,0,0,0,11000,11000,11000,11000,11000,0,0,10000,10000,10000,10000,10000,0,0,10000,10000,10000,10000,10000,0,0,10000,10000,10000,10000,10000,0
"Pasar Kosambi",Kentang,12000,0,0,0,12000,12000,12000,12000,12000,0,0,12000,12000,12000,12000,12000,0,0,12000,12000,12000,12000,12000,0,0,12000,12000,12000,12000,12000,0
"Pasar Kosambi",Kedelai,10000,0,0,0,10000,10000,10000,10000,10000,0,0,10000,10000,10000,10000,10000,0,0,10000,10000,10000,10000,10000,0,0,10000,10000,10000,10000,10000,0
"Pasar Kosambi","Tepung Terigu",7500,0,0,0,7500,7500,7500,7500,7500,0,0,7500,7500,7500,7500,7500,0,0,7500,7500,7500,7500,7500,0,0,7500,7500,7500,7500,7500,0
"Pasar Kosambi","Bawang Putih",14000,0,0,0,15000,15000,15000,15000,15000,0,0,15000,15000,15000,15000,15000,0,0,15000,15000,15000,15000,15000,0,0,15000,15000,15000,15000,15000,0
"Pasar Kosambi","Cabe Keriting",25000,0,0,0,30000,30000,30000,30000,30000,0,0,28000,28000,28000,28000,28000,0,0,28000,28000,28000,28000,28000,0,0,28000,28000,28000,28000,24000,0
"Pasar Kosambi","Cabe Rawit",60000,0,0,0,70000,70000,70000,70000,70000,0,0,60000,60000,60000,60000,60000,0,0,70000,70000,70000,70000,70000,0,0,80000,80000,80000,80000,80000,0
"Pasar Kosambi","Kacang Tanah",17000,0,0,0,17000,17000,17000,17000,17000,0,0,17000,17000,17000,17000,17000,0,0,17000,17000,17000,17000,17000,0,0,17000,17000,17000,17000,17000,0
"Pasar Kosambi","Ubi Kayu",4000,0,0,0,4000,4000,4000,4000,4000,0,0,4000,4000,4000,4000,4000,0,0,4000,4000,4000,4000,4000,0,0,4000,4000,4000,4000,4000,0
"Pasar Kosambi","Ubi Jalar",0,0,0,0,0,0,0,0,0,0,0,0,0,0,0,0,0,0,0,0,0,0,0,0,0,0,0,0,0,0,0
"Pasar Kosambi",Jagung,7000,0,0,0,7000,7000,7000,7000,7000,0,0,7000,7000,7000,7000,7000,0,0,7000,7000,7000,7000,7000,0,0,7000,7000,7000,7000,7000,0
"Pasar Kosambi","Ikan Olahan",43000,0,0,0,50000,5000,50000,50000,50000,0,0,50000,50000,50000,50000,50000,0,0,50000,50000,50000,50000,50000,0,0,50000,50000,50000,50000,50000,0
"Pasar Kosambi","Beras Premium",0,0,0,0,0,0,0,0,0,0,0,0,0,0,0,0,0,0,0,0,0,0,0,0,0,0,0,0,0,0,0
"Pasar Kosambi","Minyak Goreng Curah",12000,0,0,0,12000,12000,12000,12000,12000,0,0,12500,12500,12500,12500,12500,0,0,12500,12500,13500,13500,13500,0,0,13500,13500,13500,13500,13500,0
"Pasar Kosambi","Daging Ayam Kampung",0,0,0,0,0,0,0,0,0,0,0,0,0,0,0,0,0,0,0,0,0,0,0,0,0,0,0,0,0,0,0
"Pasar Kosambi","Telur Ayam Kampung",48000,0,0,0,48000,48000,48000,48000,48000,0,0,48000,48000,48000,48000,48000,0,0,48000,48000,48000,48000,48000,0,0,48000,48000,48000,48000,48000,0
"Pasar Kosambi","Susu Kental Manis Merk Bendera",10000,0,0,0,10000,10000,10000,10000,10000,0,0,10000,10000,10000,10000,10000,0,0,10000,10000,10000,10000,10000,0,0,10000,10000,10000,10000,10000,0
"Pasar Kosambi","Susu Kental Manis Merk Indomilk",0,0,0,0,0,0,0,0,0,0,0,0,0,0,0,0,0,0,0,0,0,0,0,0,0,0,0,0,0,0,0
"Pasar Kosambi","Garam Beryodium Bata",1000,0,0,0,1000,1000,1000,1000,1000,0,0,1000,1000,1000,1000,1000,0,0,1000,1000,1000,1000,1000,0,0,1000,1000,1000,1000,1000,0
"Pasar Kosambi","Garam Beryodium Halus",3000,0,0,0,3000,3000,3000,3000,3000,0,0,3000,3000,3000,3000,3000,0,0,3000,3000,3000,3000,3000,0,0,3000,3000,3000,3000,3000,0
"Pasar Kosambi","Tepung Terigu Cakra Kembar",7500,0,0,0,7500,7500,7500,7500,7500,0,0,7500,7500,7500,7500,7500,0,0,7500,7500,7500,7500,7500,0,0,7500,7500,7500,7500,7500,0
"Pasar Kosambi","Tepung Terigu Kunci",7000,0,0,0,7000,7000,7000,7000,7000,0,0,7000,7000,7000,7000,7000,0,0,7000,7000,7000,7000,7000,0,0,7000,7000,7000,7000,7000,0
"Pasar Kosambi","Mie Instan",0,0,0,0,0,0,0,0,0,0,0,0,0,0,0,0,0,0,0,0,0,0,0,0,0,0,0,0,0,0,0
"Pasar Kosambi","Cabe Rawit Hijau",40000,0,0,0,40000,40000,40000,40000,40000,0,0,40000,40000,40000,40000,40000,0,0,40000,40000,40000,40000,40000,0,0,40000,40000,40000,40000,30000,0
"Pasar Kosambi","Kacang Hijau",0,0,0,0,0,0,0,0,0,0,0,0,0,0,0,0,0,0,0,0,0,0,0,0,0,0,0,0,0,0,0
"Pasar Kosambi","Susu Bubuk Dancow",0,0,0,0,0,0,0,0,0,0,0,0,0,0,0,0,0,0,0,0,0,0,0,0,0,0,0,0,0,0,0
"Pasar Kosambi","Susu Bubuk Indomilk",0,0,0,0,0,0,0,0,0,0,0,0,0,0,0,0,0,0,0,0,0,0,0,0,0,0,0,0,0,0,0
"Pasar Kosambi","Ikan Kembung",0,0,0,0,0,0,0,0,0,0,0,0,0,0,0,0,0,0,0,0,0,0,0,0,0,0,0,0,0,0,0
