lokasi,nama_komoditas,2014-03-01,2014-03-02,2014-03-03,2014-03-04,2014-03-05,2014-03-06,2014-03-07,2014-03-08,2014-03-09,2014-03-10,2014-03-11,2014-03-12,2014-03-13,2014-03-14,2014-03-15,2014-03-16,2014-03-17,2014-03-18,2014-03-19,2014-03-20,2014-03-21,2014-03-22,2014-03-23,2014-03-24,2014-03-25,2014-03-26,2014-03-27,2014-03-28,2014-03-29,2014-03-30,2014-03-31
"Pasar Sederhana","Beras Medium",9000,0,0,0,9000,9000,9000,9500,9500,0,0,9500,9500,9500,9500,9500,0,0,9500,9500,9500,9500,9500,0,0,9500,9500,9500,9500,9500,0
"Pasar Sederhana","Cabe Merah",30000,0,0,0,30000,30000,30000,30000,30000,0,0,30000,30000,30000,30000,30000,0,0,28000,28000,28000,28000,28000,0,0,28000,28000,28000,28000,28000,0
"Pasar Sederhana","Bawang Merah",20000,0,0,0,20000,24000,24000,20000,20000,0,0,20000,20000,20000,20000,20000,0,0,20000,20000,20000,20000,20000,0,0,20000,20000,20000,20000,20000,0
"Pasar Sederhana","Daging Ayam Ras",28000,0,0,0,28000,28000,28000,28000,28000,0,0,28000,28000,28000,28000,28000,0,0,28000,28000,28000,28000,28000,0,0,28000,28000,28000,28000,28000,0
"Pasar Sederhana","Telur Ayam Ras",18000,0,0,0,18000,18000,18000,18000,18000,0,0,18000,18000,18000,18000,18000,0,0,16000,16000,16000,16000,16000,0,0,16000,16000,16000,16000,16000,0
"Pasar Sederhana","Daging Sapi",100000,0,0,0,100000,100000,100000,100000,100000,0,0,100000,100000,100000,100000,100000,0,0,98000,98000,98000,98000,98000,0,0,98000,98000,98000,98000,98000,0
"Pasar Sederhana","Minyak Goreng",13000,0,0,0,13000,13000,13000,13000,13000,0,0,13000,13000,13000,13000,13000,0,0,13000,13000,13000,13000,13000,0,0,13000,13000,13000,13000,13000,0
"Pasar Sederhana","Gula Pasir",12000,0,0,0,12000,12000,12000,11000,11000,0,0,11000,11000,11000,11000,11000,0,0,11000,11000,11000,11000,11000,0,0,11000,11000,11000,11000,11000,0
"Pasar Sederhana",Kentang,14000,0,0,0,14000,14000,14000,14000,14000,0,0,14000,14000,14000,14000,14000,0,0,14000,14000,14000,14000,14000,0,0,14000,14000,14000,14000,14000,0
"Pasar Sederhana",Kedelai,12000,0,0,0,12000,12000,12000,12000,12000,0,0,12000,12000,12000,12000,12000,0,0,12000,12000,12000,12000,12000,0,0,12000,12000,12000,12000,12000,0
"Pasar Sederhana","Tepung Terigu",7500,0,0,0,7500,7500,7500,7500,7500,0,0,7500,7500,7500,7500,7500,0,0,7500,7500,7500,7500,7500,0,0,7500,7500,7500,7500,7500,0
"Pasar Sederhana","Bawang Putih",15000,0,0,0,15000,15000,15000,16000,16000,0,0,16000,16000,16000,16000,16000,0,0,16000,16000,16000,16000,16000,0,0,16000,16000,16000,16000,16000,0
"Pasar Sederhana","Cabe Keriting",30000,0,0,0,30000,24000,24000,28000,28000,0,0,28000,28000,28000,28000,28000,0,0,30000,30000,30000,30000,30000,0,0,30000,30000,30000,30000,30000,0
"Pasar Sederhana","Cabe Rawit",60000,0,0,0,70000,70000,70000,70000,70000,0,0,70000,70000,70000,70000,70000,0,0,60000,60000,60000,60000,60000,0,0,60000,60000,60000,60000,60000,0
"Pasar Sederhana","Kacang Tanah",22000,0,0,0,22000,22000,22000,18000,18000,0,0,18000,18000,18000,18000,18000,0,0,18000,18000,18000,18000,18000,0,0,18000,18000,18000,18000,18000,0
"Pasar Sederhana","Ubi Kayu",4000,0,0,0,4000,4000,4000,4000,4000,0,0,4000,4000,4000,4000,4000,0,0,4000,4000,4000,4000,4000,0,0,4000,4000,4000,4000,4000,0
"Pasar Sederhana","Ubi Jalar",0,0,0,0,0,0,0,0,0,0,0,0,0,0,0,0,0,0,0,0,0,0,0,0,0,0,0,0,0,0,0
"Pasar Sederhana",Jagung,7000,0,0,0,7000,7000,7000,7000,7000,0,0,7000,7000,7000,7000,7000,0,0,7000,7000,7000,7000,7000,0,0,7000,7000,7000,7000,7000,0
"Pasar Sederhana","Ikan Olahan",70000,0,0,0,70000,70000,70000,70000,70000,0,0,70000,70000,70000,70000,70000,0,0,70000,70000,70000,70000,70000,0,0,70000,70000,70000,70000,70000,0
"Pasar Sederhana","Beras Premium",0,0,0,0,0,0,0,0,0,0,0,0,0,0,0,0,0,0,0,0,0,0,0,0,0,0,0,0,0,0,0
"Pasar Sederhana","Minyak Goreng Curah",13000,0,0,0,12000,12000,12000,12000,12000,0,0,12000,12000,12000,12000,12000,0,0,13000,13000,13000,13000,13000,0,0,13000,13000,13000,13000,13000,0
"Pasar Sederhana","Daging Ayam Kampung",0,0,0,0,0,0,0,0,0,0,0,0,0,0,0,0,0,0,0,0,0,0,0,0,0,0,0,0,0,0,0
"Pasar Sederhana","Telur Ayam Kampung",46000,0,0,0,46000,46000,46000,46000,46000,0,0,46000,46000,46000,46000,46000,0,0,46000,46000,46000,46000,46000,0,0,46000,46000,46000,46000,46000,0
"Pasar Sederhana","Susu Kental Manis Merk Bendera",9500,0,0,0,9500,9500,9500,9500,9500,0,0,9500,9500,9500,9500,9500,0,0,9500,9500,9500,9500,9500,0,0,9500,9500,9500,9500,9500,0
"Pasar Sederhana","Susu Kental Manis Merk Indomilk",0,0,0,0,0,0,0,0,0,0,0,0,0,0,0,0,0,0,0,0,0,0,0,0,0,0,0,0,0,0,0
"Pasar Sederhana","Garam Beryodium Bata",900,0,0,0,900,900,900,900,900,0,0,900,900,900,900,900,0,0,900,900,900,900,900,0,0,900,900,900,900,900,0
"Pasar Sederhana","Garam Beryodium Halus",4000,0,0,0,4000,4000,4000,4000,4000,0,0,4000,4000,4000,4000,4000,0,0,4000,4000,4000,4000,4000,0,0,4000,4000,4000,4000,4000,0
"Pasar Sederhana","Tepung Terigu Cakra Kembar",8000,0,0,0,8000,8000,8000,8000,8000,0,0,8000,8000,8000,8000,8000,0,0,8000,8000,8000,8000,8000,0,0,8000,8000,8000,8000,8000,0
"Pasar Sederhana","Tepung Terigu Kunci",7000,0,0,0,7000,7000,7000,7000,7000,0,0,7000,7000,7000,7000,7000,0,0,7000,7000,7000,7000,7000,0,0,7000,7000,7000,7000,7000,0
"Pasar Sederhana","Mie Instan",0,0,0,0,0,0,0,0,0,0,0,0,0,0,0,0,0,0,0,0,0,0,0,0,0,0,0,0,0,0,0
"Pasar Sederhana","Cabe Rawit Hijau",40000,0,0,0,40000,35000,35000,40000,40000,0,0,40000,40000,40000,40000,40000,0,0,40000,40000,40000,40000,40000,0,0,40000,40000,40000,40000,40000,0
"Pasar Sederhana","Kacang Hijau",0,0,0,0,0,0,0,0,0,0,0,0,0,0,0,0,0,0,0,0,0,0,0,0,0,0,0,0,0,0,0
"Pasar Sederhana","Susu Bubuk Dancow",0,0,0,0,0,0,0,0,0,0,0,0,0,0,0,0,0,0,0,0,0,0,0,0,0,0,0,0,0,0,0
"Pasar Sederhana","Susu Bubuk Indomilk",0,0,0,0,0,0,0,0,0,0,0,0,0,0,0,0,0,0,0,0,0,0,0,0,0,0,0,0,0,0,0
"Pasar Sederhana","Ikan Kembung",0,0,0,0,0,0,0,0,0,0,0,0,0,0,0,0,0,0,0,0,0,0,0,0,0,0,0,0,0,0,0
