nama_kecamatan,iud_sisa_bulan_lalu,kondom_sisa_bulan_lalu,implant_sisa_bulan_lalu,suntikan_sisa_bulan_lalu,pil_sisa_bulan_lalu,iud_diterima_bulan_ini,kondom_diterima_bulan_ini,implant_diterima_bulan_ini,suntikan_diterima_bulan_ini,pil_keluar_bulan_ini,iud_keluar_bulan_ini,kondom_keluar_bulan_ini,implant_keluar_bulan_ini,suntikan_keluar_bulan_ini,pil_diterima_bulan_ini,iud_sisa_akhir_bulan_ini,kondom_sisa_akhir_bulan_ini,implant_sisa_akhir_bulan_ini,suntikan_sisa_akhir_bulan_ini,pil_sisa_akhir_bulan_ini
Sukasari,77,34,19,256,661,0,0,0,55,0,5,8,1,194,101,72,26,18,117,560
Coblong,31,96,20,420,1672,0,0,0,0,0,2,10,0,182,10,29,86,20,238,1662
Babakan Ciparay,69,791,22,337,454,0,0,0,0,0,5,36,1,62,24,64,755,21,275,430
Bojongloa Kaler,53,61,39,113,624,23,24,0,100,200,25,27,0,213,46,51,58,39,0,778
Andir,112,15,48,279,572,0,0,0,0,0,14,12,2,90,8,98,3,46,189,564
Cicendo,9,195,8,259,363,1,0,0,0,0,10,16,0,65,10,0,179,8,194,353
Sukajadi,0,0,0,15,30,126,72,346,229,342,126,31,346,240,349,0,41,0,4,23
Cidadap,124,144,27,487,1165,0,0,0,0,0,0,2,0,67,20,124,142,27,420,1145
Bandung Wetan,35,70,42,394,1652,0,0,0,0,0,3,5,4,25,25,32,65,38,369,1627
Astana Anyar,40,63,12,662,1413,47,0,17,500,0,57,56,22,229,38,30,7,7,933,1375
Regol,25,122,17,656,1822,33,36,0,0,0,36,2,1,124,58,22,156,16,532,1764
Batununggal,29,30,5,354,1253,0,0,0,0,0,2,3,0,63,55,27,27,5,291,1198
Lengkong,56,157,52,266,1087,0,0,0,100,100,2,24,1,134,46,54,133,51,232,1141
Cibeunying Kidul,25,9,81,546,708,0,0,0,0,0,0,1,68,38,204,25,8,13,508,504
Bandung Kulon,69,51,9,123,1036,0,0,0,0,0,6,33,3,73,62,63,18,6,50,974
Kiaracondong,4,35,10,248,804,0,0,0,0,0,4,8,0,43,65,0,27,10,205,739
Bojongloa Kidul,0,17,10,149,181,0,0,0,0,0,0,2,0,5,13,0,15,10,144,168
Cibeunying Kaler,0,0,0,155,400,0,0,0,0,0,0,0,0,23,26,0,0,0,132,374
Sumur Bandung,10,2,18,230,940,3,0,0,100,100,5,0,0,23,9,8,2,18,307,1031
Antapani,57,102,2,336,1408,1,0,0,0,0,6,3,0,89,33,52,99,2,247,1375
Bandung Kidul,99,197,49,345,853,0,0,0,132,100,6,23,0,194,95,93,174,49,283,858
Buahbatu,24,7,8,103,690,5,24,20,220,200,6,2,0,136,60,23,29,28,187,830
Rancasari,4,73,19,114,498,0,0,0,0,0,0,73,2,40,64,4,0,17,74,434
Arcamanik,156,0,18,241,851,0,0,0,0,0,1,0,0,63,0,155,0,18,178,851
Cibiru,79,126,33,253,871,0,0,0,100,100,6,24,2,194,176,73,102,31,159,795
Ujung Berung,0,2,6,116,196,0,0,0,0,0,0,2,4,34,23,0,0,2,82,173
Gedebage,18,23,12,335,778,0,0,0,0,0,4,16,0,87,218,14,7,12,248,560
Panyileukan,38,3,7,190,338,0,0,0,0,0,2,1,0,45,3,36,2,7,145,335
Cinambo,33,110,72,201,585,46,0,0,39,0,47,5,3,64,17,32,105,69,176,568
Mandalajati,185,84,0,379,870,0,0,0,100,100,7,0,0,145,120,178,84,0,334,850