nama_kecamatan,iud_sisa_bulan_lalu,kondom_sisa_bulan_lalu,implant_sisa_bulan_lalu,suntikan_sisa_bulan_lalu,pil_sisa_bulan_lalu,iud_diterima_bulan_ini,kondom_diterima_bulan_ini,implant_diterima_bulan_ini,suntikan_diterima_bulan_ini,pil_keluar_bulan_ini,iud_keluar_bulan_ini,kondom_keluar_bulan_ini,implant_keluar_bulan_ini,suntikan_keluar_bulan_ini,pil_diterima_bulan_ini,iud_sisa_akhir_bulan_ini,kondom_sisa_akhir_bulan_ini,implant_sisa_akhir_bulan_ini,suntikan_sisa_akhir_bulan_ini,pil_sisa_akhir_bulan_ini
Sukasari,108,13,36,400,550,0,12,0,200,0,9,4,1,241,40,99,21,35,359,510
Coblong,102,73,68,433,1494,0,0,17,0,0,23,2,20,74,11,79,71,65,359,1483
Babakan Ciparay,44,735,11,380,459,0,0,10,0,0,1,477,3,111,19,43,258,18,269,440
Bojongloa Kaler,11,49,94,473,105,0,21,0,300,100,0,16,1,185,55,11,54,93,588,150
Andir,33,113,27,193,1650,0,0,0,0,0,5,16,2,68,21,28,97,25,125,1629
Cicendo,50,3,0,146,434,4,0,0,0,0,4,3,0,24,1,50,0,0,122,433
Sukajadi,11,35,3,25,148,200,0,40,548,300,194,35,42,551,276,17,0,1,22,172
Cidadap,27,39,22,543,1344,25,0,0,100,0,5,4,0,125,34,47,35,22,518,1310
Bandung Wetan,113,70,34,398,1277,50,12,15,40,100,35,18,13,83,27,128,64,36,355,1350
Astana Anyar,221,67,37,922,1121,0,20,10,100,19,64,8,26,206,90,157,79,21,816,1050
Regol,113,45,30,738,1325,0,0,0,0,0,4,5,0,73,11,109,40,30,665,1314
Batununggal,71,72,33,390,1680,45,48,5,100,0,54,6,8,176,3,62,114,30,314,1677
Lengkong,153,463,50,649,1204,19,12,0,200,0,0,20,13,127,30,172,455,37,722,1174
Cibeunying Kidul,98,147,30,161,773,0,12,0,0,0,16,3,1,92,1,82,156,29,69,772
Bandung Kulon,156,229,32,256,1443,0,12,0,400,0,20,9,0,162,32,136,232,32,494,1411
Kiaracondong,49,16,27,358,484,90,12,10,100,0,85,3,2,117,16,54,25,35,341,468
Bojongloa Kidul,44,24,31,575,616,0,0,0,0,0,12,2,0,37,5,32,22,31,538,611
Cibeunying Kaler,90,34,14,711,805,0,0,21,0,0,13,0,21,27,8,77,34,14,684,797
Sumur Bandung,184,96,31,858,1540,0,0,0,0,0,10,9,0,72,11,174,87,31,786,1529
Antapani,54,117,34,548,1073,0,0,0,0,0,5,4,1,59,24,49,113,33,489,1049
Bandung Kidul,76,23,39,529,648,0,12,0,0,0,6,1,1,28,24,70,34,38,501,624
Buahbatu,59,66,29,379,566,25,0,10,0,0,34,6,8,99,17,50,60,31,280,549
Rancasari,86,26,28,534,814,0,0,0,0,0,0,0,0,0,0,86,26,28,534,814
Arcamanik,34,44,33,219,362,25,0,0,100,0,10,8,0,128,31,49,36,33,191,331
Cibiru,70,317,62,348,242,0,0,0,0,0,11,20,5,113,82,59,297,57,235,160
Ujung Berung,24,20,29,331,121,0,0,0,0,0,7,11,0,29,10,17,9,29,302,111
Gedebage,131,47,38,658,1019,0,0,0,0,0,46,8,7,77,88,85,39,31,581,931
Panyileukan,59,119,34,310,340,0,0,0,0,0,2,7,0,57,7,57,112,34,253,333
Cinambo,27,22,28,559,518,100,0,0,0,0,45,0,1,18,5,82,22,27,541,513
Mandalajati,262,128,50,508,2388,0,0,10,200,0,13,8,1,131,41,249,120,59,577,2347