lokasi,nama_komoditas,2015-09-01,2015-09-02,2015-09-03,2015-09-04,2015-09-05,2015-09-06,2015-09-07,2015-09-08,2015-09-09,2015-09-10,2015-09-11,2015-09-12,2015-09-13,2015-09-14,2015-09-15,2015-09-16,2015-09-17,2015-09-18,2015-09-19,2015-09-20,2015-09-21,2015-09-22,2015-09-23,2015-09-24,2015-09-25,2015-09-26,2015-09-27,2015-09-28,2015-09-29,2015-09-30
"Pasar Kiaracondong","Beras Medium",10000,10000,10000,0,0,0,10000,10000,10000,10000,10000,0,0,10000,10000,10000,0,10000,0,0,10000,10000,10000,0,10000,0,0,10000,10000,0
"Pasar Kiaracondong","Cabe Merah",28000,28000,28000,28000,0,0,40000,40000,40000,40000,40000,0,0,40000,40000,40000,40000,40000,0,0,40000,40000,35000,0,35000,0,0,30000,30000,0
"Pasar Kiaracondong","Bawang Merah",15000,15000,15000,15000,0,0,15000,15000,15000,15000,15000,0,0,15000,15000,15000,22000,22000,0,0,22000,22000,20000,0,20000,0,0,20000,20000,0
"Pasar Kiaracondong","Daging Ayam Ras",37000,37000,37000,37000,0,0,35000,35000,35000,35000,35000,0,0,34000,34000,34000,28000,28000,0,0,28000,28000,30000,0,30000,0,0,29000,29000,0
"Pasar Kiaracondong","Telur Ayam Ras",22000,22000,22000,22000,0,0,21000,21000,21000,20000,20000,0,0,20000,20000,20000,19000,19000,0,0,19000,19000,18500,0,18500,0,0,20000,20000,0
"Pasar Kiaracondong","Daging Sapi",120000,120000,120000,120000,0,0,120000,120000,120000,120000,120000,0,0,120000,120000,120000,110000,110000,0,0,110000,110000,111000,0,111000,0,0,111000,111000,0
"Pasar Kiaracondong","Minyak Goreng",15000,15000,15000,15000,0,0,15000,15000,15000,15000,15000,0,0,15000,15000,15000,15000,15000,0,0,15000,15000,15000,0,15000,0,0,15000,15000,0
"Pasar Kiaracondong","Gula Pasir",12500,12500,12500,12500,0,0,12500,12500,12500,12500,12500,0,0,12500,12500,12500,12500,12500,0,0,12500,12500,12000,0,12000,0,0,12000,12000,0
"Pasar Kiaracondong",Kentang,10000,10000,10000,10000,0,0,10000,10000,10000,10000,10000,0,0,10000,10000,10000,10000,10000,0,0,10000,10000,10000,0,10000,0,0,10000,10000,0
"Pasar Kiaracondong",Kedelai,10000,10000,10000,10000,0,0,10000,10000,10000,11000,11000,0,0,11000,11000,11000,11000,11000,0,0,11000,11000,11000,0,11000,0,0,11000,11000,0
"Pasar Kiaracondong","Tepung Terigu",7000,7000,7000,0,0,0,7000,7000,7000,7000,7000,0,0,7000,7000,7000,7000,7000,0,0,7000,7000,7000,0,7000,0,0,7000,7000,0
"Pasar Kiaracondong","Bawang Putih",24000,24000,24000,24000,0,0,22000,22000,22000,22000,22000,0,0,22000,22000,22000,22000,22000,0,0,22000,22000,24000,0,24000,0,0,24000,24000,0
"Pasar Kiaracondong","Cabe Keriting",50000,50000,50000,50000,0,0,40000,40000,40000,40000,40000,0,0,40000,40000,40000,40000,40000,0,0,40000,40000,35000,0,35000,0,0,30000,30000,0
"Pasar Kiaracondong","Cabe Rawit",80000,80000,80000,80000,0,0,80000,80000,80000,80000,80000,0,0,70000,70000,70000,60000,60000,0,0,60000,60000,50000,0,0,0,0,50000,50000,0
"Pasar Kiaracondong","Kacang Tanah",28000,28000,28000,28000,0,0,28000,28000,28000,28000,28000,0,0,28000,28000,28000,28000,28000,0,0,28000,28000,28000,0,28000,0,0,28000,28000,0
"Pasar Kiaracondong","Ubi Kayu",5000,5000,5000,5000,0,0,5000,5000,5000,5000,5000,0,0,5000,5000,5000,5000,5000,0,0,5000,5000,5000,0,5000,0,0,5000,5000,0
"Pasar Kiaracondong","Ubi Jalar",0,0,0,0,0,0,0,0,0,0,0,0,0,0,0,0,0,0,0,0,0,0,0,0,0,0,0,0,0,0
"Pasar Kiaracondong",Jagung,8000,8000,8000,8000,0,0,8000,8000,8000,8000,8000,0,0,10000,10000,10000,10000,10000,0,0,10000,10000,10000,0,10000,0,0,10000,10000,0
"Pasar Kiaracondong","Ikan Olahan",50000,50000,50000,50000,0,0,50000,50000,50000,50000,50000,0,0,50000,50000,50000,50000,50000,0,0,50000,50000,50000,0,50000,0,0,50000,50000,0
"Pasar Kiaracondong","Beras Premium",0,0,0,0,0,0,0,0,0,0,0,0,0,0,0,0,0,0,0,0,0,0,0,0,0,0,0,0,0,0
"Pasar Kiaracondong","Minyak Goreng Curah",10000,10000,10000,10000,0,0,10000,10000,10000,10000,10000,0,0,10000,10000,10000,10000,10000,0,0,10000,10000,10000,0,10000,0,0,11000,11000,0
"Pasar Kiaracondong","Daging Ayam Kampung",65000,65000,65000,65000,0,0,65000,65000,65000,65000,65000,0,0,65000,65000,65000,65000,65000,0,0,65000,65000,65000,0,65000,0,0,65000,65000,0
"Pasar Kiaracondong","Telur Ayam Kampung",45000,45000,45000,45000,0,0,45000,45000,45000,45000,45000,0,0,45000,45000,45000,45000,45000,0,0,45000,45000,45000,0,45000,0,0,45000,45000,0
"Pasar Kiaracondong","Susu Kental Manis Merk Bendera",10000,10000,10000,10000,0,0,10000,10000,10000,10000,10000,0,0,10000,10000,10000,10000,10000,0,0,10000,10000,10000,0,10000,0,0,10000,10000,0
"Pasar Kiaracondong","Susu Kental Manis Merk Indomilk",9000,9000,9000,9000,0,0,9000,9000,9000,9000,9000,0,0,9000,9000,9000,9000,9000,0,0,9000,9000,9000,0,9000,0,0,9000,9000,0
"Pasar Kiaracondong","Garam Beryodium Bata",1000,1000,1000,1000,0,0,1000,1000,1000,1000,1000,0,0,1000,1000,1000,1000,1000,0,0,1000,1000,1000,0,1000,0,0,1000,1000,0
"Pasar Kiaracondong","Garam Beryodium Halus",3300,3300,3300,3300,0,0,3300,3300,3300,3300,3300,0,0,3300,3300,3300,3300,3300,0,0,3300,3300,3300,0,3300,0,0,0,3300,0
"Pasar Kiaracondong","Tepung Terigu Cakra Kembar",8000,8000,8000,8000,0,0,8000,8000,8000,8000,8000,0,0,8000,8000,8000,8000,8000,0,0,8000,8000,8000,0,8000,0,0,8000,8000,0
"Pasar Kiaracondong","Tepung Terigu Kunci",7500,7500,7500,7500,0,0,7500,7500,7500,7500,7500,0,0,7500,7500,7500,7500,7500,0,0,7500,7500,7500,0,7500,0,0,7500,7500,0
"Pasar Kiaracondong","Mie Instan",2500,2500,2500,0,0,0,2500,2500,2500,2500,2500,0,0,2500,2500,2500,2500,2500,0,0,2500,2500,2500,0,2500,0,0,2500,2500,0
"Pasar Kiaracondong","Cabe Rawit Hijau",50000,50000,50000,50000,0,0,40000,40000,40000,30000,30000,0,0,30000,30000,30000,30000,30000,0,0,30000,30000,30000,0,30000,0,0,25000,25000,0
"Pasar Kiaracondong","Kacang Hijau",25000,25000,25000,25000,0,0,25000,25000,25000,24000,24000,0,0,24000,24000,24000,24000,24000,0,0,24000,24000,24000,0,24000,0,0,24000,24000,0
"Pasar Kiaracondong","Susu Bubuk Dancow",38300,38300,38300,38300,0,0,38300,38300,38300,38300,38300,0,0,38300,38300,38300,38300,38300,0,0,38300,38300,38300,0,38300,0,0,38300,38300,0
"Pasar Kiaracondong","Susu Bubuk Indomilk",32450,32450,32450,32450,0,0,32450,32450,32450,32450,32450,0,0,32450,32450,32450,32450,32450,0,0,32450,32450,32450,0,32450,0,0,32450,32450,0
"Pasar Kiaracondong","Ikan Kembung",35000,35000,35000,35000,0,0,34000,34000,34000,34000,34000,0,0,34000,0,34000,34000,34000,0,0,34000,34000,0,0,35000,0,0,35000,35000,0
