lokasi,nama_komoditas,2015-08-01,2015-08-02,2015-08-03,2015-08-04,2015-08-05,2015-08-06,2015-08-07,2015-08-08,2015-08-09,2015-08-10,2015-08-11,2015-08-12,2015-08-13,2015-08-14,2015-08-15,2015-08-16,2015-08-17,2015-08-18,2015-08-19,2015-08-20,2015-08-21,2015-08-22,2015-08-23,2015-08-24,2015-08-25,2015-08-26,2015-08-27,2015-08-28,2015-08-29,2015-08-30,2015-08-31
"Pasar Baru","Beras Medium",0,0,9500,9500,9500,9500,9500,0,0,9500,9500,9500,9500,9500,0,0,0,0,9500,9500,9500,0,0,9500,0,9500,9500,0,0,0,0
"Pasar Baru","Cabe Merah",0,0,30000,30000,30000,30000,30000,0,0,40000,40000,40000,35000,35000,0,0,0,35000,35000,35000,35000,0,0,35000,35000,30000,30000,30000,0,0,0
"Pasar Baru","Bawang Merah",0,0,20000,20000,20000,20000,20000,0,0,20000,20000,20000,20000,20000,0,0,0,18000,18000,18000,18000,0,0,18000,18000,18000,18000,18000,0,0,0
"Pasar Baru","Daging Ayam Ras",0,0,38000,38000,38000,38000,38000,0,0,38000,38000,38000,39000,39000,0,0,0,40000,40000,40000,40000,0,0,40000,40000,40000,40000,38000,0,0,0
"Pasar Baru","Telur Ayam Ras",0,0,20000,20000,20000,21000,21000,0,0,22000,22000,22000,23000,23000,0,0,0,23000,23000,23000,23000,0,0,23000,23000,23000,23000,23000,0,0,0
"Pasar Baru","Daging Sapi",0,0,120000,120000,120000,120000,120000,0,0,130000,130000,130000,130000,130000,0,0,0,130000,130000,130000,130000,0,0,130000,130000,130000,130000,130000,0,0,0
"Pasar Baru","Minyak Goreng",0,0,14000,14000,14000,14000,14000,0,0,14000,14000,14000,14000,14000,0,0,0,14000,14000,14000,14000,0,0,14000,14000,14000,14000,14000,0,0,0
"Pasar Baru","Gula Pasir",0,0,13000,13000,13000,13000,13000,0,0,13000,12000,12000,12000,12000,0,0,0,13000,13000,13000,13000,0,0,13000,13000,13000,13000,13000,0,0,0
"Pasar Baru",Kentang,0,0,12000,12000,11000,11000,11000,0,0,11000,11000,11000,11000,11000,0,0,0,11000,11000,11000,0,0,0,11000,11000,11000,11000,11000,0,0,0
"Pasar Baru",Kedelai,0,0,13000,13000,13000,13000,13000,0,0,13000,13000,13000,13000,13000,0,0,0,13000,13000,13000,13000,0,0,13000,13000,13000,13000,13000,0,0,0
"Pasar Baru","Tepung Terigu",0,0,7500,7500,7500,7500,7500,0,0,0,7500,7500,7500,7500,0,0,0,0,7500,7500,7500,0,0,7500,0,7500,7500,0,0,0,0
"Pasar Baru","Bawang Putih",0,0,20000,20000,20000,20000,20000,0,0,20000,20000,20000,20000,20000,0,0,0,20000,20000,20000,20000,0,0,20000,20000,20000,20000,20000,0,0,0
"Pasar Baru","Cabe Keriting",0,0,30000,30000,30000,30000,30000,0,0,40000,40000,40000,40000,40000,0,0,0,40000,40000,40000,40000,0,0,40000,40000,40000,40000,40000,0,0,0
"Pasar Baru","Cabe Rawit",0,0,70000,70000,80000,80000,80000,0,0,90000,90000,90000,80000,80000,0,0,0,90000,90000,90000,90000,0,0,80000,80000,80000,80000,80000,0,0,0
"Pasar Baru","Kacang Tanah",0,0,27000,27000,27000,27000,27000,0,0,27000,27000,27000,27000,27000,0,0,0,27000,27000,27000,27000,0,0,27000,27000,27000,27000,27000,0,0,0
"Pasar Baru","Ubi Kayu",0,0,3000,3000,3000,3000,3000,0,0,3000,3000,3000,3000,3000,0,0,0,3000,3000,3000,3000,0,0,3000,3000,3000,3000,3000,0,0,0
"Pasar Baru","Ubi Jalar",0,0,0,0,0,0,0,0,0,0,0,0,0,0,0,0,0,0,0,0,0,0,0,0,0,0,0,0,0,0,0
"Pasar Baru",Jagung,0,0,7000,7000,7000,7000,7000,0,0,7000,7000,7000,7000,7000,0,0,0,7000,7000,7000,7000,0,0,7000,7000,7000,7000,7000,0,0,0
"Pasar Baru","Ikan Olahan",0,0,50000,50000,50000,50000,50000,0,0,50000,50000,50000,50000,50000,0,0,0,50000,50000,50000,50000,0,0,50000,50000,50000,50000,50000,0,0,0
"Pasar Baru","Beras Premium",0,0,0,0,0,0,0,0,0,0,0,0,0,0,0,0,0,0,0,0,0,0,0,0,0,0,0,0,0,0,0
"Pasar Baru","Minyak Goreng Curah",0,0,12000,12000,12000,12000,12000,0,0,12000,12000,12000,12000,12000,0,0,0,12000,12000,12000,12000,0,0,11000,11000,11000,11000,11000,0,0,0
"Pasar Baru","Daging Ayam Kampung",0,0,65000,65000,65000,65000,65000,0,0,65000,65000,65000,65000,65000,0,0,0,65000,65000,65000,65000,0,0,65000,65000,65000,65000,65000,0,0,0
"Pasar Baru","Telur Ayam Kampung",0,0,45000,45000,45000,45000,45000,0,0,45000,45000,45000,45000,45000,0,0,0,45000,45000,45000,45000,0,0,45000,45000,45000,45000,45000,0,0,0
"Pasar Baru","Susu Kental Manis Merk Bendera",0,0,11000,11000,11000,11000,11000,0,0,11000,11000,11000,11000,11000,0,0,0,11000,11000,11000,11000,0,0,11000,11000,11000,11000,11000,0,0,0
"Pasar Baru","Susu Kental Manis Merk Indomilk",0,0,9500,9500,9500,9500,9500,0,0,9500,9500,9500,9500,9500,0,0,0,9500,9500,9500,9500,0,0,9500,9500,9500,9500,9500,0,0,0
"Pasar Baru","Garam Beryodium Bata",0,0,1000,1000,1000,1000,1000,0,0,1000,1000,1000,1000,1000,0,0,0,1000,1000,1000,1000,0,0,1000,1000,1000,1000,1000,0,0,0
"Pasar Baru","Garam Beryodium Halus",0,0,3500,3500,3500,3500,3500,0,0,3500,3500,3500,3500,3500,0,0,0,3500,3500,3500,3500,0,0,3500,3500,3500,3500,3500,0,0,0
"Pasar Baru","Tepung Terigu Cakra Kembar",0,0,8000,8000,8000,8000,8000,0,0,8000,8200,8000,8000,8000,0,0,0,8000,8000,8000,8000,0,0,8000,8000,8000,8000,8000,0,0,0
"Pasar Baru","Tepung Terigu Kunci",0,0,7500,7500,7500,7500,7500,0,0,7500,7500,7500,7500,7500,0,0,0,7500,7500,7500,7500,0,0,7500,7500,7500,7500,7500,0,0,0
"Pasar Baru","Mie Instan",0,0,2000,2000,2000,2000,2000,0,0,2000,2000,2000,2000,2000,0,0,0,0,2000,2000,2000,0,0,2000,0,2000,2000,0,0,0,0
"Pasar Baru","Cabe Rawit Hijau",0,0,50000,50000,50000,50000,50000,0,0,50000,50000,50000,50000,50000,0,0,0,50000,50000,50000,50000,0,0,50000,50000,50000,50000,50000,0,0,0
"Pasar Baru","Kacang Hijau",0,0,22000,22000,22000,22000,22000,0,0,22000,22000,22000,22000,22000,0,0,0,22000,22000,22000,22000,0,0,22000,22000,22000,22000,22000,0,0,0
"Pasar Baru","Susu Bubuk Dancow",0,0,36000,36000,36000,36000,36000,0,0,36000,36000,36000,36000,36000,0,0,0,36000,36000,36000,36000,0,0,36000,36000,36000,36000,36000,0,0,0
"Pasar Baru","Susu Bubuk Indomilk",0,0,33500,33500,33500,33500,33500,0,0,33500,33500,33500,33500,33500,0,0,0,33500,33500,33500,33500,0,0,33500,33500,33500,33500,33500,0,0,0
"Pasar Baru","Ikan Kembung",0,0,30000,30000,30000,30000,30000,0,0,30000,30000,30000,30000,30000,0,0,0,30000,30000,30000,30000,0,0,30000,30000,30000,30000,30000,0,0,0
