lokasi,nama_komoditas,2014-07-01,2014-07-02,2014-07-03,2014-07-04,2014-07-05,2014-07-06,2014-07-07,2014-07-08,2014-07-09,2014-07-10,2014-07-11,2014-07-12,2014-07-13,2014-07-14,2014-07-15,2014-07-16,2014-07-17,2014-07-18,2014-07-19,2014-07-20,2014-07-21,2014-07-22,2014-07-23,2014-07-24,2014-07-25,2014-07-26,2014-07-27,2014-07-28,2014-07-29,2014-07-30,2014-07-31
"Pasar Kosambi","Beras Medium",0,8500,8500,8500,8500,8500,0,0,8500,8500,0,8500,8500,0,0,8500,8500,8500,8500,8500,0,0,8500,8500,8500,8500,8500,0,0,0,0
"Pasar Kosambi","Cabe Merah",0,25000,25000,25000,22000,22000,0,0,20000,20000,0,20000,20000,0,0,20000,20000,20000,20000,20000,0,0,20000,30000,30000,30000,30000,0,0,0,0
"Pasar Kosambi","Bawang Merah",0,24000,24000,24000,24000,24000,0,0,26000,26000,0,26000,26000,0,0,26000,26000,26000,26000,26000,0,0,26000,26000,26000,26000,26000,0,0,0,0
"Pasar Kosambi","Daging Ayam Ras",0,37000,37000,37000,34000,34000,0,0,33000,33000,0,32000,32000,0,0,32000,32000,32000,32000,32000,0,0,32000,33000,33000,35000,35000,0,0,0,0
"Pasar Kosambi","Telur Ayam Ras",0,19500,19500,19500,19500,19500,0,0,19500,19500,0,19500,19500,0,0,19500,19500,19500,19500,19500,0,0,19500,19500,19500,19500,19500,0,0,0,0
"Pasar Kosambi","Daging Sapi",0,100000,100000,100000,100000,100000,0,0,100000,100000,0,100000,100000,0,0,100000,100000,100000,100000,100000,0,0,100000,100000,100000,110000,110000,0,0,0,0
"Pasar Kosambi","Minyak Goreng",0,14000,14000,14000,14000,14000,0,0,14000,14000,0,14000,14000,0,0,14000,14000,14000,14000,14000,0,0,14000,14000,14000,14000,14000,0,0,0,0
"Pasar Kosambi","Gula Pasir",0,11000,11000,11000,11000,11000,0,0,11000,11000,0,11000,11000,0,0,11000,11000,11000,11000,11000,0,0,11000,11000,11000,11000,11000,0,0,0,0
"Pasar Kosambi",Kentang,0,12000,12000,12000,12000,12000,0,0,12000,12000,0,12000,12000,0,0,12000,12000,12000,12000,12000,0,0,12000,12000,12000,14000,14000,0,0,0,0
"Pasar Kosambi",Kedelai,0,10000,10000,10000,10000,10000,0,0,10000,10000,0,10000,10000,0,0,10000,10000,10000,10000,10000,0,0,10000,10000,10000,10000,10000,0,0,0,0
"Pasar Kosambi","Tepung Terigu",0,7500,7500,7500,7500,7500,0,0,7500,7500,0,7500,7500,0,0,7500,7500,7500,7500,7500,0,0,7500,7500,7500,7500,7500,0,0,0,0
"Pasar Kosambi","Bawang Putih",0,18000,18000,18000,18000,18000,0,0,18000,18000,0,18000,18000,0,0,18000,18000,18000,18000,18000,0,0,18000,18000,18000,18000,18000,0,0,0,0
"Pasar Kosambi","Cabe Keriting",0,13000,13000,13000,15000,15000,0,0,15000,15000,0,15000,15000,0,0,15000,15000,15000,15000,15000,0,0,15000,20000,20000,20000,20000,0,0,0,0
"Pasar Kosambi","Cabe Rawit",0,20000,20000,20000,20000,20000,0,0,20000,20000,0,20000,20000,0,0,20000,20000,20000,20000,20000,0,0,20000,30000,30000,30000,30000,0,0,0,0
"Pasar Kosambi","Kacang Tanah",0,18000,18000,18000,18000,18000,0,0,18000,18000,0,18000,18000,0,0,18000,18000,18000,18000,18000,0,0,18000,18000,18000,18000,18000,0,0,0,0
"Pasar Kosambi","Ubi Kayu",0,4000,4000,4000,4000,4000,0,0,4000,4000,0,4000,4000,0,0,4000,4000,4000,4000,4000,0,0,4000,4000,4000,4000,4000,0,0,0,0
"Pasar Kosambi","Ubi Jalar",0,0,0,0,0,0,0,0,0,0,0,0,0,0,0,0,0,0,0,0,0,0,0,0,0,0,0,0,0,0,0
"Pasar Kosambi",Jagung,0,8000,8000,8000,8000,8000,0,0,8000,8000,0,8000,8000,0,0,8000,8000,8000,8000,8000,0,0,8000,8000,8000,8000,8000,0,0,0,0
"Pasar Kosambi","Ikan Olahan",0,50000,50000,50000,50000,50000,0,0,50000,50000,0,50000,50000,0,0,50000,50000,50000,50000,50000,0,0,50000,50000,50000,50000,50000,0,0,0,0
"Pasar Kosambi","Beras Premium",0,0,0,0,0,0,0,0,0,0,0,0,0,0,0,0,0,0,0,0,0,0,0,0,0,0,0,0,0,0,0
"Pasar Kosambi","Minyak Goreng Curah",0,11000,11000,11000,11000,11000,0,0,11000,11000,0,11000,11000,0,0,11000,11000,11000,11000,11000,0,0,11000,11000,11000,11000,11000,0,0,0,0
"Pasar Kosambi","Daging Ayam Kampung",0,0,0,0,0,0,0,0,0,0,0,0,0,0,0,0,0,0,0,0,0,0,0,0,0,0,0,0,0,0,0
"Pasar Kosambi","Telur Ayam Kampung",0,48000,48000,48000,48000,48000,0,0,48000,48000,0,48000,48000,0,0,48000,48000,48000,48000,48000,0,0,48000,48000,48000,48000,48000,0,0,0,0
"Pasar Kosambi","Susu Kental Manis Merk Bendera",0,10000,10000,10000,10000,10000,0,0,10000,10000,0,10000,10000,0,0,10000,10000,10000,10000,10000,0,0,10000,10000,10000,10000,10000,0,0,0,0
"Pasar Kosambi","Susu Kental Manis Merk Indomilk",0,0,0,0,0,0,0,0,0,0,0,0,0,0,0,0,0,0,0,0,0,0,0,0,0,0,0,0,0,0,0
"Pasar Kosambi","Garam Beryodium Bata",0,1000,1000,1000,1000,1000,0,0,1000,1000,0,1000,1000,0,0,1000,1000,1000,1000,1000,0,0,1000,1000,1000,1000,1000,0,0,0,0
"Pasar Kosambi","Garam Beryodium Halus",0,3000,3000,3000,3000,3000,0,0,3000,3000,0,3000,3000,0,0,3000,3000,3000,3000,3000,0,0,3000,3000,3000,3000,3000,0,0,0,0
"Pasar Kosambi","Tepung Terigu Cakra Kembar",0,7500,7500,7500,7500,7500,0,0,7500,7500,0,7500,7500,0,0,7500,7500,7500,7500,7500,0,0,7500,7500,7500,7500,7500,0,0,0,0
"Pasar Kosambi","Tepung Terigu Kunci",0,7000,7000,7000,7000,7000,0,0,7000,7000,0,7000,7000,0,0,7000,7000,7000,7000,7000,0,0,7000,7000,7000,7000,7000,0,0,0,0
"Pasar Kosambi","Mie Instan",0,0,0,0,0,0,0,0,0,0,0,0,0,0,0,0,0,0,0,0,0,0,0,0,0,0,0,0,0,0,0
"Pasar Kosambi","Cabe Rawit Hijau",0,15000,15000,15000,17000,17000,0,0,17000,17000,0,17000,17000,0,0,17000,17000,17000,17000,17000,0,0,17000,25000,25000,25000,25000,0,0,0,0
"Pasar Kosambi","Kacang Hijau",0,0,0,0,0,0,0,0,0,0,0,0,0,0,0,0,0,0,0,0,0,0,0,0,0,0,0,0,0,0,0
"Pasar Kosambi","Susu Bubuk Dancow",0,0,0,0,0,0,0,0,0,0,0,0,0,0,0,0,0,0,0,0,0,0,0,0,0,0,0,0,0,0,0
"Pasar Kosambi","Susu Bubuk Indomilk",0,0,0,0,0,0,0,0,0,0,0,0,0,0,0,0,0,0,0,0,0,0,0,0,0,0,0,0,0,0,0
"Pasar Kosambi","Ikan Kembung",0,0,0,0,0,0,0,0,0,0,0,0,0,0,0,0,0,0,0,0,0,0,0,0,0,0,0,0,0,0,0
