lokasi,nama_komoditas,2018-05-01,2018-05-02,2018-05-03,2018-05-04,2018-05-05,2018-05-06,2018-05-07,2018-05-08,2018-05-09,2018-05-10,2018-05-11,2018-05-12,2018-05-13,2018-05-14,2018-05-15,2018-05-16,2018-05-17,2018-05-18,2018-05-19,2018-05-20,2018-05-21,2018-05-22,2018-05-23,2018-05-24,2018-05-25,2018-05-26,2018-05-27,2018-05-28,2018-05-29,2018-05-30,2018-05-31
"Pasar Kiaracondong","Beras Medium",0,11000,11000,0,0,0,11000,11000,11000,0,11000,0,0,11000,11000,11000,0,11000,0,0,0,11000,11000,11000,11000,0,0,11000,0,11000,11000
"Pasar Kiaracondong","Cabe Merah",0,40000,40000,0,0,0,40000,40000,40000,0,40000,0,0,35000,35000,0,0,45000,0,0,0,30000,30000,35000,35000,0,0,35000,0,35000,30000
"Pasar Kiaracondong","Bawang Merah",0,30000,30000,0,0,0,28000,28000,28000,0,28000,0,0,30000,30000,30000,0,30000,0,0,0,34000,34000,28000,28000,0,0,32000,0,32000,28000
"Pasar Kiaracondong","Daging Ayam Ras",0,35000,35000,0,0,0,35000,35000,35000,0,36000,0,0,38000,38000,38000,0,42000,0,0,0,40000,40000,38000,38000,0,0,38000,0,35000,36000
"Pasar Kiaracondong","Telur Ayam Ras",0,24000,24000,0,0,0,26000,26000,26000,0,26000,0,0,26000,26000,26000,0,25000,0,0,0,25000,25000,25000,25000,0,0,25000,0,24000,24000
"Pasar Kiaracondong","Daging Sapi",0,120000,120000,0,0,0,120000,120000,120000,0,115000,0,0,115000,115000,115000,0,115000,0,0,0,115000,115000,115000,115000,0,0,115000,0,115000,115000
"Pasar Kiaracondong","Minyak Goreng",0,15000,15000,0,0,0,15000,15000,15000,0,15000,0,0,15000,15000,15000,0,15000,0,0,0,15000,15000,15000,15000,0,0,15000,0,15000,15000
"Pasar Kiaracondong","Gula Pasir",0,12500,12500,0,0,0,12500,12500,12500,0,12500,0,0,12500,12500,12500,0,12500,0,0,0,12500,12500,12500,12500,0,0,12500,0,12500,12500
"Pasar Kiaracondong",Kentang,0,14000,14000,0,0,0,14000,14000,14000,0,14000,0,0,14000,14000,14000,0,14000,0,0,0,14000,14000,14000,14000,0,0,14000,0,14000,14000
"Pasar Kiaracondong",Kedelai,0,10000,10000,0,0,0,11000,11000,11000,0,11000,0,0,11000,11000,11000,0,11000,0,0,0,11000,11000,11000,11000,0,0,11000,0,11000,11000
"Pasar Kiaracondong","Tepung Terigu",0,7000,7000,0,0,0,7000,7000,7000,0,7000,0,0,7000,7000,7000,0,7000,0,0,0,0,7000,0,7000,0,0,7000,0,7000,7000
"Pasar Kiaracondong","Bawang Putih",0,28000,28000,0,0,0,24000,24000,24000,0,24000,0,0,24000,24000,24000,0,24000,0,0,0,25000,25000,24000,24000,0,0,24000,0,24000,24000
"Pasar Kiaracondong","Cabe Keriting",0,35000,35000,0,0,0,35000,35000,35000,0,35000,0,0,30000,30000,30000,0,40000,0,0,0,30000,30000,25000,25000,0,0,30000,0,30000,30000
"Pasar Kiaracondong","Cabe Rawit",0,30000,30000,0,0,0,35000,35000,35000,0,35000,0,0,30000,30000,30000,0,40000,0,0,0,40000,40000,35000,35000,0,0,35000,0,35000,30000
"Pasar Kiaracondong","Kacang Tanah",0,0,24000,0,0,0,0,0,0,0,24000,0,0,24000,24000,24000,0,24000,0,0,0,24000,24000,24000,0,0,0,0,0,24000,0
"Pasar Kiaracondong","Ubi Kayu",0,5000,5000,0,0,0,5000,5000,5000,0,5000,0,0,5000,5000,5000,0,5000,0,0,0,5000,5000,5000,5000,0,0,5000,0,5000,5000
"Pasar Kiaracondong","Ubi Jalar",0,0,0,0,0,0,0,0,0,0,0,0,0,0,0,0,0,0,0,0,0,0,0,0,0,0,0,0,0,0,0
"Pasar Kiaracondong",Jagung,0,8000,8000,0,0,0,8000,8000,8000,0,8000,0,0,8000,8000,8000,0,10000,0,0,0,10000,10000,10000,10000,0,0,10000,0,10000,9000
"Pasar Kiaracondong","Ikan Olahan",0,70000,70000,0,0,0,70000,70000,70000,0,70000,0,0,70000,70000,70000,0,70000,0,0,0,70000,70000,70000,70000,0,0,70000,0,70000,70000
"Pasar Kiaracondong","Beras Premium",0,0,0,0,0,0,0,0,0,0,0,0,0,0,0,0,0,0,0,0,0,0,0,0,0,0,0,0,0,0,0
"Pasar Kiaracondong","Minyak Goreng Curah",0,12000,12000,0,0,0,12000,12000,12000,0,0,0,0,0,12000,12000,0,0,0,0,0,12000,12000,12000,12000,0,0,12000,0,0,12000
"Pasar Kiaracondong","Daging Ayam Kampung",0,70000,70000,0,0,0,70000,70000,70000,0,70000,0,0,70000,70000,70000,0,70000,0,0,0,70000,70000,70000,70000,0,0,70000,0,70000,70000
"Pasar Kiaracondong","Telur Ayam Kampung",0,45000,45000,0,0,0,45000,45000,45000,0,45000,0,0,45000,45000,45000,0,45000,0,0,0,45000,45000,45000,45000,0,0,45000,0,45000,45000
"Pasar Kiaracondong","Susu Kental Manis Merk Bendera",0,11000,11000,0,0,0,11000,11000,11000,0,11000,0,0,11000,11000,11000,0,11000,0,0,0,11000,11000,11000,11000,0,0,11000,0,11000,11000
"Pasar Kiaracondong","Susu Kental Manis Merk Indomilk",0,10000,10000,0,0,0,10000,10000,10000,0,10000,0,0,10000,10000,10000,0,10000,0,0,0,10000,10000,10000,10000,0,0,10000,0,10000,10000
"Pasar Kiaracondong","Garam Beryodium Bata",0,2500,2500,0,0,0,2500,2500,2500,0,2500,0,0,2500,2500,2500,0,2500,0,0,0,2500,2500,2500,2500,0,0,2500,0,2500,2500
"Pasar Kiaracondong","Garam Beryodium Halus",0,12000,12000,0,0,0,12000,12000,12000,0,12000,0,0,12000,12000,12000,0,12000,0,0,0,12000,12000,12000,12000,0,0,12000,0,12000,12000
"Pasar Kiaracondong","Tepung Terigu Cakra Kembar",0,8000,8000,0,0,0,8000,8000,8000,0,8000,0,0,8000,8000,8000,0,8000,0,0,0,8000,8000,8000,8000,0,0,8000,0,8000,8000
"Pasar Kiaracondong","Tepung Terigu Kunci",0,7500,7500,0,0,0,7500,7500,7500,0,7500,0,0,7500,7500,7500,0,7500,0,0,0,7500,7500,7500,7500,0,0,7500,0,7500,7500
"Pasar Kiaracondong","Mie Instan",0,2500,2500,0,0,0,2500,2500,2500,0,2500,0,0,2500,2500,2500,0,2500,0,0,0,2500,2500,2500,2500,0,0,2500,0,2500,2500
"Pasar Kiaracondong","Cabe Rawit Hijau",0,30000,30000,0,0,0,20000,20000,20000,0,25000,0,0,30000,30000,30000,0,30000,0,0,0,30000,30000,30000,30000,0,0,25000,0,25000,24000
"Pasar Kiaracondong","Kacang Hijau",0,22000,22000,0,0,0,22000,22000,22000,0,22000,0,0,22000,22000,22000,0,22000,0,0,0,22000,22000,22000,22000,0,0,22000,0,22000,22000
"Pasar Kiaracondong","Susu Bubuk Dancow",0,38300,38300,0,0,0,38300,38300,38300,0,38300,0,0,38300,38300,38300,0,38300,0,0,0,38300,38300,38300,38300,0,0,38300,0,38300,38300
"Pasar Kiaracondong","Susu Bubuk Indomilk",0,34950,34950,0,0,0,34950,34950,34950,0,34950,0,0,34950,34950,34950,0,34950,0,0,0,34950,34950,34950,34950,0,0,34950,0,34950,34950
"Pasar Kiaracondong","Ikan Kembung",0,35000,35000,0,0,0,35000,35000,35000,0,35000,0,0,35000,35000,35000,0,35000,0,0,0,35000,35000,35000,35000,0,0,35000,0,35000,35000
