lokasi,nama_komoditas,2017-08-01,2017-08-02,2017-08-03,2017-08-04,2017-08-05,2017-08-06,2017-08-07,2017-08-08,2017-08-09,2017-08-10,2017-08-11,2017-08-12,2017-08-13,2017-08-14,2017-08-15,2017-08-16,2017-08-17,2017-08-18,2017-08-19,2017-08-20,2017-08-21,2017-08-22,2017-08-23,2017-08-24,2017-08-25,2017-08-26,2017-08-27,2017-08-28,2017-08-29,2017-08-30,2017-08-31
"Pasar Kiaracondong","Beras Medium",10000,10000,10000,10000,0,0,0,0,10000,10000,10000,0,0,10000,10000,10000,0,10000,0,0,10000,10000,0,10000,10000,0,0,10000,10000,10000,10000
"Pasar Kiaracondong","Cabe Merah",24000,24000,24000,24000,0,0,0,0,40000,40000,40000,0,0,35000,35000,35000,0,35000,0,0,30000,30000,0,30000,30000,0,0,40000,40000,40000,45000
"Pasar Kiaracondong","Bawang Merah",28000,28000,28000,28000,0,0,0,0,24000,24000,24000,0,0,24000,24000,24000,0,24000,0,0,24000,24000,0,24000,24000,0,0,24000,24000,24000,24000
"Pasar Kiaracondong","Daging Ayam Ras",34000,34000,34000,34000,0,0,0,0,33000,33000,33000,0,0,33000,33000,33000,0,33000,0,0,32000,32000,0,32000,32000,0,0,32000,32000,32000,34000
"Pasar Kiaracondong","Telur Ayam Ras",23000,23000,23000,23000,0,0,0,0,23000,23000,22000,0,0,20000,20000,20000,0,20000,0,0,21000,21000,0,21000,21000,0,0,21000,21000,21000,21000
"Pasar Kiaracondong","Daging Sapi",120000,120000,120000,120000,0,0,0,0,120000,120000,120000,0,0,120000,120000,120000,0,120000,0,0,120000,120000,0,120000,120000,0,0,120000,120000,120000,120000
"Pasar Kiaracondong","Minyak Goreng",15000,15000,15000,15000,0,0,0,0,15000,15000,15000,0,0,15000,15000,15000,0,15000,0,0,15000,15000,0,15000,15000,0,0,15000,15000,15000,15000
"Pasar Kiaracondong","Gula Pasir",13000,13000,13000,13000,0,0,0,0,13000,13000,13000,0,0,13000,13000,13000,0,13000,0,0,13000,13000,0,13000,13000,0,0,13000,13000,13000,13000
"Pasar Kiaracondong",Kentang,16000,16000,16000,16000,0,0,0,0,17000,17000,18000,0,0,16000,16000,16000,0,16000,0,0,17000,17000,0,17000,17000,0,0,16000,16000,16000,17000
"Pasar Kiaracondong",Kedelai,11000,11000,11000,11000,0,0,0,0,11000,11000,11000,0,0,11000,11000,11000,0,11000,0,0,11000,11000,0,11000,11000,0,0,11000,11000,11000,11000
"Pasar Kiaracondong","Tepung Terigu",7000,7000,7000,7000,0,0,0,0,7000,7000,7000,0,0,7000,7000,7000,0,7000,0,0,7000,7000,0,7000,7000,0,0,7000,7000,0,7000
"Pasar Kiaracondong","Bawang Putih",30000,30000,30000,30000,0,0,0,0,30000,30000,30000,0,0,28000,28000,28000,0,28000,0,0,28000,28000,0,28000,28000,0,0,28000,28000,26000,26000
"Pasar Kiaracondong","Cabe Keriting",20000,20000,20000,20000,0,0,0,0,24000,24000,24000,0,0,30000,30000,30000,0,30000,0,0,25000,25000,0,25000,25000,0,0,25000,25000,25000,25000
"Pasar Kiaracondong","Cabe Rawit",40000,40000,40000,40000,0,0,0,0,40000,40000,40000,0,0,30000,30000,30000,0,30000,0,0,24000,24000,0,24000,24000,0,0,24000,24000,30000,30000
"Pasar Kiaracondong","Kacang Tanah",0,28000,28000,28000,0,0,0,0,0,28000,28000,0,0,28000,28000,0,0,28000,0,0,0,0,0,0,0,0,0,0,0,28000,28000
"Pasar Kiaracondong","Ubi Kayu",5000,5000,5000,5000,0,0,0,0,5000,5000,5000,0,0,5000,5000,5000,0,5000,0,0,5000,5000,0,5000,5000,0,0,5000,5000,5000,5000
"Pasar Kiaracondong","Ubi Jalar",0,0,0,0,0,0,0,0,0,0,0,0,0,0,0,0,0,0,0,0,0,0,0,0,0,0,0,0,0,0,0
"Pasar Kiaracondong",Jagung,8000,8000,8000,8000,0,0,0,0,10000,10000,9000,0,0,9000,9000,9000,0,9000,0,0,9000,9000,0,9000,9000,0,0,9000,9000,9000,9000
"Pasar Kiaracondong","Ikan Olahan",70000,70000,70000,70000,0,0,0,0,70000,70000,70000,0,0,70000,70000,70000,0,70000,0,0,70000,70000,0,70000,70000,0,0,70000,70000,70000,70000
"Pasar Kiaracondong","Beras Premium",0,0,0,0,0,0,0,0,0,0,0,0,0,0,0,0,0,0,0,0,0,0,0,0,0,0,0,0,0,0,0
"Pasar Kiaracondong","Minyak Goreng Curah",11500,0,0,0,0,0,0,0,11500,11500,0,0,0,0,0,11500,0,0,0,0,11500,11500,0,11500,11500,0,0,11500,11500,11500,11500
"Pasar Kiaracondong","Daging Ayam Kampung",70000,70000,70000,70000,0,0,0,0,70000,70000,70000,0,0,70000,70000,70000,0,70000,0,0,70000,70000,0,70000,70000,0,0,70000,70000,70000,70000
"Pasar Kiaracondong","Telur Ayam Kampung",45000,45000,45000,45000,0,0,0,0,45000,45000,45000,0,0,45000,45000,45000,0,45000,0,0,45000,45000,0,45000,45000,0,0,45000,45000,45000,45000
"Pasar Kiaracondong","Susu Kental Manis Merk Bendera",11000,11000,11000,11000,0,0,0,0,11000,11000,11000,0,0,11000,11000,11000,0,11000,0,0,11000,11000,0,11000,11000,0,0,11000,11000,11000,11000
"Pasar Kiaracondong","Susu Kental Manis Merk Indomilk",10000,10000,10000,10000,0,0,0,0,11000,11000,11000,0,0,11000,11000,11000,0,11000,0,0,11000,11000,0,11000,11000,0,0,10000,10000,10000,10000
"Pasar Kiaracondong","Garam Beryodium Bata",3000,3000,3000,3000,0,0,0,0,3000,3000,3000,0,0,3000,3000,3000,0,3000,0,0,3000,3000,0,3000,3000,0,0,3000,3000,3000,3000
"Pasar Kiaracondong","Garam Beryodium Halus",12000,12000,12000,12000,0,0,0,0,12000,12000,12000,0,0,12000,12000,12000,0,12000,0,0,12000,12000,0,12000,12000,0,0,12000,12000,12000,12000
"Pasar Kiaracondong","Tepung Terigu Cakra Kembar",80000,80000,8000,8000,0,0,0,0,8000,8000,8000,0,0,8000,8000,8000,0,8000,0,0,8000,8000,0,8000,8000,0,0,8000,8000,8000,8000
"Pasar Kiaracondong","Tepung Terigu Kunci",7500,7500,7500,7500,0,0,0,0,7500,7500,7500,0,0,7500,7500,7500,0,7500,0,0,7500,7500,0,7500,7500,0,0,7500,7500,7500,7500
"Pasar Kiaracondong","Mie Instan",2500,2500,2500,2500,0,0,0,0,2500,2500,2500,0,0,2500,2500,2500,0,2500,0,0,2500,2500,0,2500,2500,0,0,2500,2500,2500,2500
"Pasar Kiaracondong","Cabe Rawit Hijau",20000,20000,20000,20000,0,0,0,0,20000,20000,25000,0,0,20000,20000,20000,0,20000,0,0,20000,20000,0,20000,20000,0,0,20000,20000,20000,20000
"Pasar Kiaracondong","Kacang Hijau",22000,22000,22000,22000,0,0,0,0,22000,22000,22000,0,0,22000,22000,22000,0,22000,0,0,22000,22000,0,22000,22000,0,0,22000,22000,22000,22000
"Pasar Kiaracondong","Susu Bubuk Dancow",38300,38300,38300,38300,0,0,0,0,38300,38300,38300,0,0,38300,38300,38300,0,38300,0,0,38300,38300,0,38300,38300,0,0,38300,38300,38300,38300
"Pasar Kiaracondong","Susu Bubuk Indomilk",34950,34950,34950,34950,0,0,0,0,38300,38300,34950,0,0,34950,34950,34950,0,34950,0,0,34950,34950,0,34950,34950,0,0,34950,34950,34950,34950
"Pasar Kiaracondong","Ikan Kembung",35000,35000,35000,35000,0,0,0,0,35000,35000,35000,0,0,35000,35000,35000,0,35000,0,0,35000,35000,0,35000,35000,0,0,35000,35000,35000,35000
