KECAMATAN,Tdk/Blm Sekolah,Blm Tamat SD/ Sederajat,Tamat SD/ Sederajat,SLTP/ Sederajat,SLTA/ Sederajat,Diploma D-I/II,Akademi /D-III/ Sarjana Muda,D-IV/ Strata-I,Strata-II,Strata-III
 SUKASARI,11329,6812,11671,9121,25659,865,4800,12768,1512,232
 COBLONG,17489,15950,15974,22027,41633,746,4271,15927,1388,250
 BABAKAN CIPARAY,21255,16680,36172,23496,32112,641,4002,6949,407,52
 BOJONGLOA KALER,18941,13111,26066,22671,39415,1002,2903,6305,343,29
 ANDIR,16060,15080,17323,23992,38549,514,2649,8734,498,34
 CICENDO,14136,11641,14597,17968,35843,1223,4756,10060,892,101
 SUKAJADI,13995,12235,16494,16125,34236,982,5031,10119,985,130
 CIDADAP,7596,5496,10404,7272,18973,523,1684,5163,473,82
 BANDUNG WETAN,4376,3810,3673,5916,12077,452,2416,6686,987,119
 ASTANA ANYAR,11119,8665,11286,14083,29524,552,2937,7340,380,37
 REGOL,11578,10729,11097,16013,34018,767,5413,12506,979,91
 BATUNUNGGAL,18798,16560,17572,23691,41301,591,3510,9857,644,69
 LENGKONG,9269,8758,6329,11582,26851,937,5052,14823,1633,191
 CIBEUNYING KIDUL,16463,12862,14769,19873,40961,1144,4388,10749,754,99
 BANDUNG KULON,21303,17644,30950,26578,36466,1095,3467,9089,637,84
 KIARACONDONG,20600,11741,20446,20392,51061,621,4047,9492,573,46
 BOJONGLOA KIDUL,12472,10156,18917,15387,24244,687,2810,5987,337,40
 CIBEUNYING KALER,9645,8421,7903,10928,25273,485,2963,10241,1154,216
 SUMUR BANDUNG,4825,3680,4432,5040,18260,220,1605,4472,333,40
 ANTAPANI,10829,6533,7914,8950,25332,1204,5184,13819,1593,170
 BANDUNG KIDUL,8645,7026,8271,9640,18172,500,2882,7427,671,59
 BUAH BATU,15861,10691,11790,14017,30067,826,6991,15879,1587,151
 RANCASARI,12799,8905,10084,11152,25637,1158,8231,14048,1475,153
 ARCAMANIK,11309,7292,10417,10495,22582,656,3815,10841,1366,209
 CIBIRU,12985,7265,15104,13879,27732,578,2303,5960,547,75
 UJUNGBERUNG,13356,10385,12904,15500,24950,841,3031,7321,666,79
 GEDEBAGE,6199,4719,4524,5976,11490,487,3060,5850,566,48
 PANYILEUKAN,5031,4349,3665,5473,13100,508,2292,5940,505,92
 CINAMBO,3931,3082,3970,4965,8104,102,750,1944,164,26
 MANDALAJATI,10943,7954,12306,11982,22135,225,2596,5576,449,54
