nama_kecamatan,jumlah_pus,jml_pus_kps_ksi,persentase_pus_kps_ks1,jml_pus_jkn_penerima_bantuan,persentase_pus_jkn_terima_bantuan,jml_pus_jkn_bukan_penerima_bantuan,persentase_pus_jkn_bukan_penerima_bantuan,jml_pus_jkn,persentase_pus_jkn
Sukasari,8973,3561,39.69,0,0.00,0,0.00,0,0.00
Coblong,16775,6765,40.33,56,0.33,45,0.27,101,0.60
Babakan Ciparay,21590,8396,38.89,8200,37.98,13390,62.02,21590,100.00
Bojongloa Kaler,20045,8137,40.59,8627,43.04,11255,56.15,19882,99.19
Andir,14211,10697,75.27,10045,70.68,0,0.00,10045,70.68
Cicendo,23314,16707,71.66,0,0.00,23308,99.97,23308,99.97
Sukajadi,16752,5068,30.25,0,0.00,0,0.00,0,0.00
Cidadap,8218,2629,31.99,2629,31.99,5589,68.01,8218,100.00
Bandung Wetan,4739,2036,42.96,0,0.00,0,0.00,0,0.00
Astana Anyar,9810,2411,24.58,0,0.00,0,0.00,0,0.00
Regol,12215,3666,30.01,3666,30.01,8549,69.99,12215,100.00
Batununggal,17321,8185,47.25,0,0.00,0,0.00,0,0.00
Lengkong,8885,4018,45.22,417,4.69,5219,58.74,5636,63.43
Cibeunying Kidul,17783,7876,44.29,7021,39.48,9946,55.93,16967,95.41
Bandung Kulon,13690,9691,70.79,6026,44.02,3267,23.86,9293,67.88
Kiaracondong,19446,9968,51.26,0,0.00,0,0.00,0,0.00
Bojongloa Kidul,12137,4927,40.59,2102,17.32,8972,73.92,11074,91.24
Cibeunying Kaler,9727,1892,19.45,1761,18.10,5956,61.23,7717,79.34
Sumur Bandung,3567,583,16.34,0,0.00,0,0.00,0,0.00
Antapani,10217,1402,13.72,0,0.00,0,0.00,0,0.00
Bandung Kidul,4279,1902,44.45,1803,42.14,2476,57.86,4279,100.00
Buahbatu,11955,2286,19.12,0,0.00,0,0.00,0,0.00
Rancasari,12984,2554,19.67,2327,17.92,127,0.98,2454,18.90
Arcamanik,8709,3267,37.51,0,0.00,0,0.00,0,0.00
Cibiru,9701,3522,36.31,1377,14.19,2369,24.42,3746,38.61
Ujung Berung,20775,16928,81.48,5474,26.35,0,0.00,5474,26.35
Gedebage,7503,2922,38.94,554,7.38,4662,62.14,5216,69.52
Panyileukan,5705,1424,24.96,796,13.95,628,11.01,1424,24.96
Cinambo,4432,1498,33.80,777,17.53,1511,34.09,2288,51.62
Mandalajati,11315,4257,37.62,4257,37.62,7008,61.94,11265,99.56
