lokasi,nama_komoditas,2018-07-01,2018-07-02,2018-07-03,2018-07-04,2018-07-05,2018-07-06,2018-07-07,2018-07-08,2018-07-09,2018-07-10,2018-07-11,2018-07-12,2018-07-13,2018-07-14,2018-07-15,2018-07-16,2018-07-17,2018-07-18,2018-07-19,2018-07-20,2018-07-21,2018-07-22,2018-07-23,2018-07-24,2018-07-25,2018-07-26,2018-07-27,2018-07-28,2018-07-29,2018-07-30,2018-07-31
"Pasar Baru","Beras Medium",0,12000,12000,12000,12000,12000,0,0,12000,12000,12000,0,0,0,0,0,12000,12000,12000,0,0,0,12000,12000,12000,12000,12000,0,0,12000,12000
"Pasar Baru","Cabe Merah",0,50000,50000,50000,50000,55000,0,0,55000,60000,60000,0,0,0,0,0,60000,60000,60000,0,0,0,60000,50000,50000,50000,50000,0,0,50000,50000
"Pasar Baru","Bawang Merah",0,35000,35000,35000,40000,40000,0,0,35000,35000,35000,0,0,0,0,0,35000,35000,35000,0,0,0,35000,35000,35000,35000,35000,0,0,30000,30000
"Pasar Baru","Daging Ayam Ras",0,38000,38000,38000,38000,38000,0,0,40000,40000,42000,0,0,0,0,0,42000,42000,42000,0,0,0,42000,42000,42000,42000,42000,0,0,40000,40000
"Pasar Baru","Telur Ayam Ras",0,25000,25000,25000,24000,23000,0,0,28000,29000,28000,0,0,0,0,0,28000,28000,28000,0,0,0,28000,26000,26000,26000,26000,0,0,2500,25000
"Pasar Baru","Daging Sapi",0,120000,120000,120000,120000,120000,0,0,120000,120000,120000,0,0,0,0,0,120000,120000,120000,0,0,0,120000,120000,120000,120000,120000,0,0,12000,120000
"Pasar Baru","Minyak Goreng",0,15000,15000,15000,15000,15000,0,0,15000,15000,15000,0,0,0,0,0,15000,15000,15000,0,0,0,15000,15000,15000,15000,15000,0,0,15000,15000
"Pasar Baru","Gula Pasir",0,12500,12500,12500,12500,12500,0,0,12500,12500,12500,0,0,0,0,0,12500,12500,12500,0,0,0,12500,12500,12500,12500,12500,0,0,12500,12500
"Pasar Baru",Kentang,0,15000,15000,15000,15000,15000,0,0,15000,15000,15000,0,0,0,0,0,15000,15000,15000,0,0,0,15000,15000,15000,15000,15000,0,0,15000,15000
"Pasar Baru",Kedelai,0,12000,12000,12000,12000,12000,0,0,12000,12000,12000,0,0,0,0,0,12000,12000,12000,0,0,0,12000,12000,12000,12000,12000,0,0,12000,12000
"Pasar Baru","Tepung Terigu",0,7500,7500,7500,7500,7500,0,0,7500,7500,7500,0,0,0,0,0,7500,7500,7500,0,0,0,7500,7500,7500,7500,7500,0,0,7500,7500
"Pasar Baru","Bawang Putih",0,35000,35000,35000,35000,30000,0,0,35000,35000,35000,0,0,0,0,0,35000,30000,30000,0,0,0,30000,30000,30000,30000,30000,0,0,25000,25000
"Pasar Baru","Cabe Keriting",0,35000,35000,35000,40000,40000,0,0,40000,40000,40000,0,0,0,0,0,40000,40000,40000,0,0,0,40000,40000,40000,40000,40000,0,0,40000,40000
"Pasar Baru","Cabe Rawit",0,50000,50000,50000,50000,60000,0,0,70000,70000,70000,0,0,0,0,0,70000,60000,60000,0,0,0,60000,35000,35000,60000,35000,0,0,55000,55000
"Pasar Baru","Kacang Tanah",0,28000,28000,28000,28000,28000,0,0,28000,28000,28000,0,0,0,0,0,28000,28000,28000,0,0,0,28000,28000,28000,28000,28000,0,0,28000,28000
"Pasar Baru","Ubi Kayu",0,5000,5000,5000,5000,5000,0,0,5000,5000,5000,0,0,0,0,0,5000,5000,5000,0,0,0,5000,5000,5000,5000,5000,0,0,5000,5000
"Pasar Baru","Ubi Jalar",0,0,0,0,0,0,0,0,0,0,0,0,0,0,0,0,0,0,0,0,0,0,0,0,0,0,0,0,0,0,0
"Pasar Baru",Jagung,0,12000,12000,12000,12000,12000,0,0,12000,12000,12000,0,0,0,0,0,12000,12000,12000,0,0,0,12000,12000,12000,12000,12000,0,0,12000,12000
"Pasar Baru","Ikan Olahan",0,70000,70000,70000,70000,70000,0,0,70000,70000,70000,0,0,0,0,0,70000,70000,70000,0,0,0,70000,70000,70000,70000,70000,0,0,70000,70000
"Pasar Baru","Beras Premium",0,0,0,0,0,0,0,0,0,0,0,0,0,0,0,0,0,0,0,0,0,0,0,0,0,0,0,0,0,0,0
"Pasar Baru","Minyak Goreng Curah",0,12000,12000,12000,12000,12000,0,0,12000,12000,12000,0,0,0,0,0,12000,12000,12000,0,0,0,12000,12000,12000,12000,12000,0,0,12000,12000
"Pasar Baru","Daging Ayam Kampung",0,70000,70000,70000,70000,70000,0,0,70000,70000,70000,0,0,0,0,0,70000,70000,70000,0,0,0,70000,70000,70000,70000,70000,0,0,70000,70000
"Pasar Baru","Telur Ayam Kampung",0,45000,45000,45000,45000,45000,0,0,45000,45000,45000,0,0,0,0,0,45000,45000,45000,0,0,0,45000,45000,45000,45000,45000,0,0,45000,45000
"Pasar Baru","Susu Kental Manis Merk Bendera",0,11000,11000,11000,11000,11000,0,0,11000,11000,11000,0,0,0,0,0,11000,11000,11000,0,0,0,11000,11000,11000,11000,11000,0,0,11000,11000
"Pasar Baru","Susu Kental Manis Merk Indomilk",0,10000,10000,10000,10000,10000,0,0,10000,10000,10000,0,0,0,0,0,10000,10000,10000,0,0,0,10000,10000,10000,10000,10000,0,0,10000,10000
"Pasar Baru","Garam Beryodium Bata",0,3000,3000,3000,3000,3000,0,0,3000,3000,3000,0,0,0,0,0,3000,3000,3000,0,0,0,3000,3000,3000,3000,3000,0,0,3000,3000
"Pasar Baru","Garam Beryodium Halus",0,12000,12000,12000,12000,12000,0,0,12000,12000,12000,0,0,0,0,0,12000,12000,12000,0,0,0,12000,12000,12000,12000,12000,0,0,12000,12000
"Pasar Baru","Tepung Terigu Cakra Kembar",0,8000,8000,8000,8000,8000,0,0,8000,8000,8000,0,0,0,0,0,8000,8000,8000,0,0,0,8000,8000,8000,8000,8000,0,0,8000,8000
"Pasar Baru","Tepung Terigu Kunci",0,7500,7500,7500,7500,7500,0,0,7500,7500,7500,0,0,0,0,0,7500,7500,7500,0,0,0,7500,7500,7500,7500,7500,0,0,7500,7500
"Pasar Baru","Mie Instan",0,2500,2500,2500,2500,2500,0,0,2500,2500,2500,0,0,0,0,0,2500,2500,2500,0,0,0,2500,2500,2500,2500,2500,0,0,2500,2500
"Pasar Baru","Cabe Rawit Hijau",0,40000,40000,40000,40000,50000,0,0,50000,50000,50000,0,0,0,0,0,50000,50000,50000,0,0,0,50000,50000,50000,50000,50000,0,0,50000,50000
"Pasar Baru","Kacang Hijau",0,24000,24000,24000,24000,24000,0,0,24000,24000,24000,0,0,0,0,0,24000,24000,24000,0,0,0,24000,24000,24000,24000,24000,0,0,24000,24000
"Pasar Baru","Susu Bubuk Dancow",0,36000,36000,36000,36000,36000,0,0,36000,36000,36000,0,0,0,0,0,36000,36000,36000,0,0,0,36000,36000,36000,36000,36000,0,0,37500,37500
"Pasar Baru","Susu Bubuk Indomilk",0,33500,33500,33500,33500,33500,0,0,33500,33500,33500,0,0,0,0,0,33500,33500,33500,0,0,0,33500,33500,33500,33500,33500,0,0,33500,33500
"Pasar Baru","Ikan Kembung",0,40000,40000,40000,40000,40000,0,0,40000,40000,40000,0,0,0,0,0,40000,40000,40000,0,0,0,40000,40000,40000,40000,40000,0,0,40000,40000
