nama_kecamatan,jumlah_pengguna_IUD,persentase_pengguna_IUD,jumlah_pengguna_MOW,persentase_pengguna_MOW,jumlah_pengguna_MOP,persentase_pengguna_MOP,jumlah_pengguna_kondom,persentase_pengguna_kondom,jumlah_pengguna_implan,persentase_pengguna_implan,jumlah_pengguna_suntikan,persentase_pengguna_suntikan,jumlah_pengguna_pil,persentase_pengguna_pil,jumlah_peserta_kb_aktif
Sukasari,2203,32.54,193,2.85,14,0.21,129,1.91,120,1.77,2744,40.53,1367,20.19,6770
Coblong,4614,36.13,1217,9.53,23,0.18,680,5.32,305,2.39,4527,35.44,1406,11.01,12772
Babakan Ciparay,3596,19.44,254,1.37,33,0.18,104,0.56,286,1.55,11504,62.18,2725,14.73,18502
Bojongloa Kaler,5715,40.69,453,3.23,61,0.43,244,1.74,210,1.5,4430,31.54,2933,20.88,14046
Andir,3128,25.4,990,8.04,21,0.17,273,2.22,232,1.88,5252,42.65,2418,19.64,12314
Cicendo,2825,27.42,538,5.22,5,0.05,239,2.32,211,2.05,4426,42.97,2057,19.97,10301
Sukajadi,3496,27.15,1827,14.19,19,0.15,580,4.5,387,3.01,4026,31.26,2543,19.75,12878
Cidadap,1327,20.86,236,3.71,6,0.09,66,1.04,517,8.13,3222,50.64,988,15.53,6362
Bandung Wetan,1792,45.22,460,11.61,73,1.84,88,2.22,128,3.23,847,21.37,575,14.51,3963
Astana Anyar,2627,35.25,266,3.57,39,0.52,68,0.91,223,2.99,3363,45.12,867,11.63,7453
Regol,4742,50.25,391,4.14,48,0.51,324,3.43,182,1.93,3109,32.94,641,6.79,9437
Batununggal,3991,30.18,278,2.1,19,0.14,226,1.71,128,0.97,6558,49.59,2024,15.31,13224
Lengkong,2280,42.11,222,4.1,3,0.06,202,3.73,203,3.75,1924,35.53,581,10.73,5415
Cibeunying Kidul,4452,32.17,1144,8.27,6,0.04,305,2.2,331,2.39,6018,43.49,1582,11.43,13838
Bandung Kulon,6002,45.73,327,2.49,10,0.08,420,3.2,625,4.76,3480,26.52,2260,17.22,13124
Kiaracondong,4442,29.74,253,1.69,17,0.11,370,2.48,230,1.54,7196,48.17,2430,16.27,14938
Bojongloa Kidul,2473,24.65,153,1.53,12,0.12,92,0.92,245,2.44,6234,62.14,823,8.2,10032
Cibeunying Kaler,2678,37.87,356,5.03,27,0.38,134,1.9,86,1.22,2466,34.87,1324,18.72,7071
Sumur Bandung,923,36.86,106,4.23,5,0.2,147,5.87,94,3.75,854,34.11,375,14.98,2504
Antapani,3046,39.38,177,2.29,31,0.4,225,2.91,103,1.33,3248,41.99,905,11.7,7735
Bandung Kidul,1871,27.57,121,1.78,7,0.1,282,4.16,101,1.49,3118,45.94,1287,18.96,6787
Buahbatu,3182,31.56,166,1.65,21,0.21,188,1.86,189,1.87,5064,50.23,1272,12.62,10082
Rancasari,2655,37.29,149,2.09,11,0.15,251,3.53,65,0.91,2885,40.53,1103,15.49,7119
Arcamanik,2262,30.09,267,3.55,11,0.15,284,3.78,323,4.3,3095,41.17,1276,16.97,7518
Cibiru,1930,22.06,173,1.98,33,0.38,169,1.93,258,2.95,4359,49.82,1827,20.88,8749
Ujung Berung,10515,71.81,132,0.9,58,0.4,258,1.76,378,2.58,1659,11.33,1643,11.22,14643
Gedebage,2806,36.42,575,7.46,102,1.32,197,2.56,146,1.9,2593,33.66,1285,16.68,7704
Panyileukan,1810,38.43,157,3.33,2,0.04,227,4.82,136,2.89,1782,37.83,596,12.65,4710
Cinambo,1049,29.79,68,1.93,9,0.26,61,1.73,65,1.85,1715,48.71,554,15.73,3521
Mandalajati,2109,23.16,295,3.24,13,0.14,217,2.38,183,2.01,4518,49.62,1771,19.45,9106