lokasi,nama_komoditas,2018-06-01,2018-06-02,2018-06-03,2018-06-04,2018-06-05,2018-06-06,2018-06-07,2018-06-08,2018-06-09,2018-06-10,2018-06-11,2018-06-12,2018-06-13,2018-06-14,2018-06-15,2018-06-16,2018-06-17,2018-06-18,2018-06-19,2018-06-20,2018-06-21,2018-06-22,2018-06-23,2018-06-24,2018-06-25,2018-06-26,2018-06-27,2018-06-28,2018-06-29,2018-06-30
"Pasar Sederhana","Beras Medium",0,0,0,11000,11000,11000,11000,11000,0,0,0,0,0,0,0,0,0,0,0,0,11000,11000,0,0,11000,0,0,11000,11000,0
"Pasar Sederhana","Cabe Merah",0,0,0,45000,45000,45000,45000,55000,0,0,0,0,0,0,0,0,0,0,0,0,50000,40000,0,0,40000,0,0,40000,40000,0
"Pasar Sederhana","Bawang Merah",0,0,0,38000,38000,38000,38000,38000,0,0,0,0,0,0,0,0,0,0,0,0,30000,30000,0,0,35000,0,0,35000,35000,0
"Pasar Sederhana","Daging Ayam Ras",0,0,0,38000,38000,38000,38000,40000,0,0,0,0,0,0,0,0,0,0,0,0,45000,40000,0,0,38000,0,0,38000,38000,0
"Pasar Sederhana","Telur Ayam Ras",0,0,0,23000,23000,23000,23000,23000,0,0,0,0,0,0,0,0,0,0,0,0,23000,23000,0,0,23000,0,0,23000,23000,0
"Pasar Sederhana","Daging Sapi",0,0,0,125000,125000,125000,125000,125000,0,0,0,0,0,0,0,0,0,0,0,0,120000,120000,0,0,115000,0,0,115000,115000,0
"Pasar Sederhana","Minyak Goreng",0,0,0,14000,14000,14000,14000,14000,0,0,0,0,0,0,0,0,0,0,0,0,14000,14000,0,0,0,0,0,14000,14000,0
"Pasar Sederhana","Gula Pasir",0,0,0,12500,12500,12500,12500,12500,0,0,0,0,0,0,0,0,0,0,0,0,12500,12500,0,0,12500,0,0,12500,12500,0
"Pasar Sederhana",Kentang,0,0,0,16000,16000,0,0,16000,0,0,0,0,0,0,0,0,0,0,0,0,15000,15000,0,0,15000,0,0,15000,15000,0
"Pasar Sederhana",Kedelai,0,0,0,12000,12000,12000,12000,12000,0,0,0,0,0,0,0,0,0,0,0,0,12000,12000,0,0,12000,0,0,12000,12000,0
"Pasar Sederhana","Tepung Terigu",0,0,0,7500,7500,7500,7500,7500,0,0,0,0,0,0,0,0,0,0,0,0,7500,7500,0,0,7500,0,0,7500,7500,0
"Pasar Sederhana","Bawang Putih",0,0,0,25000,25000,25000,25000,25000,0,0,0,0,0,0,0,0,0,0,0,0,30000,30000,0,0,35000,0,0,35000,35000,0
"Pasar Sederhana","Cabe Keriting",0,0,0,35000,35000,35000,35000,35000,0,0,0,0,0,0,0,0,0,0,0,0,35000,35000,0,0,30000,0,0,30000,30000,0
"Pasar Sederhana","Cabe Rawit",0,0,0,35000,35000,35000,35000,35000,0,0,0,0,0,0,0,0,0,0,0,0,40000,40000,0,0,40000,0,0,40000,40000,0
"Pasar Sederhana","Kacang Tanah",0,0,0,27000,27000,27000,27000,27000,0,0,0,0,0,0,0,0,0,0,0,0,27000,27000,0,0,27000,0,0,27000,27000,0
"Pasar Sederhana","Ubi Kayu",0,0,0,5000,5000,5000,5000,5000,0,0,0,0,0,0,0,0,0,0,0,0,5000,5000,0,0,5000,0,0,5000,5000,0
"Pasar Sederhana","Ubi Jalar",0,0,0,0,0,0,0,0,0,0,0,0,0,0,0,0,0,0,0,0,0,0,0,0,0,0,0,0,0,0
"Pasar Sederhana",Jagung,0,0,0,10000,10000,10000,10000,10000,0,0,0,0,0,0,0,0,0,0,0,0,10000,10000,0,0,10000,0,0,10000,10000,0
"Pasar Sederhana","Ikan Olahan",0,0,0,70000,70000,70000,70000,70000,0,0,0,0,0,0,0,0,0,0,0,0,70000,70000,0,0,70000,0,0,70000,70000,0
"Pasar Sederhana","Beras Premium",0,0,0,0,0,0,0,0,0,0,0,0,0,0,0,0,0,0,0,0,0,0,0,0,0,0,0,0,0,0
"Pasar Sederhana","Minyak Goreng Curah",0,0,0,12000,12000,12000,12000,12000,0,0,0,0,0,0,0,0,0,0,0,0,12000,12000,0,0,12000,0,0,12000,12000,0
"Pasar Sederhana","Daging Ayam Kampung",0,0,0,70000,70000,70000,70000,70000,0,0,0,0,0,0,0,0,0,0,0,0,70000,70000,0,0,70000,0,0,70000,70000,0
"Pasar Sederhana","Telur Ayam Kampung",0,0,0,44000,44000,44000,44000,44000,0,0,0,0,0,0,0,0,0,0,0,0,44000,44000,0,0,44000,0,0,44000,44000,0
"Pasar Sederhana","Susu Kental Manis Merk Bendera",0,0,0,10000,10000,10000,10000,10000,0,0,0,0,0,0,0,0,0,0,0,0,10000,10000,0,0,10000,0,0,10000,10000,0
"Pasar Sederhana","Susu Kental Manis Merk Indomilk",0,0,0,10000,10000,10000,10000,10000,0,0,0,0,0,0,0,0,0,0,0,0,10000,10000,0,0,10000,0,0,10000,10000,0
"Pasar Sederhana","Garam Beryodium Bata",0,0,0,3500,3500,3500,3500,3500,0,0,0,0,0,0,0,0,0,0,0,0,3500,3500,0,0,3500,0,0,3500,3500,0
"Pasar Sederhana","Garam Beryodium Halus",0,0,0,0,0,12000,12000,12000,0,0,0,0,0,0,0,0,0,0,0,0,12000,12000,0,0,12000,0,0,12000,12000,0
"Pasar Sederhana","Tepung Terigu Cakra Kembar",0,0,0,8000,8000,8000,8000,8000,0,0,0,0,0,0,0,0,0,0,0,0,8000,8000,0,0,8000,0,0,8000,8000,0
"Pasar Sederhana","Tepung Terigu Kunci",0,0,0,7000,7000,7000,7000,7000,0,0,0,0,0,0,0,0,0,0,0,0,7000,7000,0,0,7000,0,0,7000,7000,0
"Pasar Sederhana","Mie Instan",0,0,0,2300,2300,2300,2300,2300,0,0,0,0,0,0,0,0,0,0,0,0,2300,2300,0,0,2300,0,0,2300,2300,0
"Pasar Sederhana","Cabe Rawit Hijau",0,0,0,32000,32000,32000,32000,32000,0,0,0,0,0,0,0,0,0,0,0,0,40000,35000,0,0,40000,0,0,40000,40000,0
"Pasar Sederhana","Kacang Hijau",0,0,0,21000,21000,21000,21000,21000,0,0,0,0,0,0,0,0,0,0,0,0,21000,21000,0,0,21000,0,0,21000,21000,0
"Pasar Sederhana","Susu Bubuk Dancow",0,0,0,43700,43700,43700,43700,43700,0,0,0,0,0,0,0,0,0,0,0,0,43700,43700,0,0,43700,0,0,43700,43700,0
"Pasar Sederhana","Susu Bubuk Indomilk",0,0,0,36100,36100,36100,36100,36100,0,0,0,0,0,0,0,0,0,0,0,0,36100,36100,0,0,36100,0,0,36100,36100,0
"Pasar Sederhana","Ikan Kembung",0,0,0,34000,34000,34000,34000,34000,0,0,0,0,0,0,0,0,0,0,0,0,36000,36000,0,0,36000,0,0,36000,36000,0
