Kecamatan,Jumlah_PUS,Jumlah PUS Bukan Peserta KB,Presentase Jumlah PUS Bukan Peserta KB,Jumlah PUS yang ingin hamil,Presentase PUS yang ingin hamil,Jumlah PUS yang ingin anak segera,Presentase PUS yang ingin anak segera,Jumlah PUS yang ingin anak ditunda,Presentase PUS yang ingin anak ditunda,Jumlah PUS yang tidak ingin anak lagi,Presentasi PUS yang tidak ingin anak lagi
Andir,17158,5550,32.35,889,16.02,1140,20.54,229,4.13,3292,59.32
Antapani,11006,2961,26.9,414,13.98,1261,42.59,548,18.51,738,24.92
Arcamanik,8489,1832,21.58,268,14.63,410,22.38,355,19.38,799,43.61
Astana Anyar,10190,2783,27.31,173,6.22,1256,45.13,613,22.03,741,26.63
Babakan Ciparay,26319,7955,30.23,4377,55.02,681,8.56,2096,26.35,801,10.07
Bandung Kidul,9069,2570,28.34,140,5.45,528,20.54,452,17.59,1450,56.42
Bandung Kulon,15286,3411,22.31,407,11.93,998,29.26,703,20.61,1303,38.2
Bandung Wetan,5019,1253,24.97,228,18.2,462,36.87,289,23.06,274,21.87
Batununggal,18525,5470,29.53,812,14.84,2001,36.58,1382,25.27,1275,23.31
Bojongloa Kaler,18181,4277,23.52,294,6.87,1185,27.71,1801,42.11,997,23.31
Bojongloa Kidul,12803,2876,22.46,532,18.5,558,19.4,795,27.64,991,34.46
Buahbatu,12960,3445,26.58,295,8.56,1175,34.11,389,11.29,1586,46.04
Cibeunying Kaler,9886,2894,29.27,228,7.88,941,32.52,878,30.34,847,29.27
Cibeunying Kidul,17536,3825,21.81,483,12.63,257,6.72,2289,59.84,796,20.81
Cibiru,11216,2635,23.49,194,7.36,821,31.16,272,10.32,1348,51.16
Cicendo,14489,4328,29.87,294,6.79,974,22.5,1130,26.11,1930,44.59
Cidadap,9241,2134,23.09,372,17.43,671,31.44,542,25.4,549,25.73
Cinambo,4749,1307,27.52,206,15.76,419,32.06,381,29.15,301,23.03
Coblong,17138,4390,25.62,1241,28.27,1547,35.24,728,16.58,874,19.91
Gedebage,10108,2807,27.77,715,25.47,727,25.9,765,27.25,600,21.38
Kiaracondong,19931,5225,26.22,524,10.03,1613,30.87,1515,29,1573,30.11
Lengkong,7505,2146,28.59,249,11.6,1007,46.92,206,9.6,684,31.87
Mandalajati,11690,2741,23.45,393,14.34,942,34.37,426,15.54,980,35.75
Panyileukan,5995,1397,23.3,170,12.17,398,28.49,257,18.4,572,40.94
Rancasari,10877,3918,36.02,299,7.63,1186,30.27,476,12.15,1957,49.95
Regol,12843,3518,27.39,80,2.27,755,21.46,932,26.49,1751,49.77
Sukajadi,17427,4846,27.81,702,14.49,1628,33.59,1237,25.53,1279,26.39
Sukasari,9183,2474,26.94,168,6.79,706,28.54,712,28.78,888,35.89
Sumur Bandung,3425,908,26.51,90,9.91,304,33.48,146,16.08,368,40.53
Ujung Berung,23091,8514,36.87,5453,64.05,703,8.26,1153,13.54,1205,14.15
