lokasi,nama_komoditas,2018-11-01,2018-11-02,2018-11-03,2018-11-04,2018-11-05,2018-11-06,2018-11-07,2018-11-08,2018-11-09,2018-11-10,2018-11-11,2018-11-12,2018-11-13,2018-11-14,2018-11-15,2018-11-16,2018-11-17,2018-11-18,2018-11-19,2018-11-20,2018-11-21,2018-11-22,2018-11-23,2018-11-24,2018-11-25,2018-11-26,2018-11-27,2018-11-28,2018-11-29,2018-11-30
Pasar Sederhana,Beras Medium,0,11000,0,0,11000,11000,0,11000,11000,0,0,11000,11000,11000,11000,0,0,0,0,0,0,0,0,0,0,11000,11000,11000,11000,11000
Pasar Sederhana,Cabe Merah,0,40000,0,0,48000,48000,0,48000,48000,0,0,45000,45000,45000,45000,0,0,0,0,0,0,0,0,0,0,40000,40000,40000,40000,40000
Pasar Sederhana,Bawang Merah,0,24000,0,0,24000,24000,0,24000,24000,0,0,25000,25000,25000,25000,0,0,0,0,0,0,0,0,0,0,30000,30000,30000,30000,30000
Pasar Sederhana,Daging Ayam Ras,0,35000,0,0,36000,36000,0,36000,36000,0,0,36000,36000,36000,36000,0,0,0,0,0,0,0,0,0,0,35000,35000,35000,35000,35000
Pasar Sederhana,Telur Ayam Ras,0,21000,0,0,21000,21000,0,21000,21000,0,0,22000,22000,22000,22000,0,0,0,0,0,0,0,0,0,0,24000,24000,24000,24000,24000
Pasar Sederhana,Daging Sapi,0,120000,0,0,120000,120000,0,120000,120000,0,0,120000,120000,120000,120000,0,0,0,0,0,0,0,0,0,0,120000,120000,120000,120000,120000
Pasar Sederhana,Minyak Goreng,0,14000,0,0,14000,14000,0,14000,14000,0,0,14000,14000,14000,14000,0,0,0,0,0,0,0,0,0,0,14000,14000,14000,14000,14000
Pasar Sederhana,Gula Pasir,0,12000,0,0,12000,12000,0,12000,12000,0,0,12500,12500,12500,12500,0,0,0,0,0,0,0,0,0,0,12000,12000,12000,12000,12000
Pasar Sederhana,Kentang,0,15000,0,0,15000,15000,0,15000,15000,0,0,15000,15000,15000,15000,0,0,0,0,0,0,0,0,0,0,15000,15000,15000,15000,15000
Pasar Sederhana,Kedelai,0,12000,0,0,12000,12000,0,12000,12000,0,0,12000,12000,12000,12000,0,0,0,0,0,0,0,0,0,0,12000,12000,12000,12000,12000
Pasar Sederhana,Tepung Terigu,0,7500,0,0,7500,7500,0,7500,7500,0,0,7500,7500,7500,7500,0,0,0,0,0,0,0,0,0,0,7500,7500,7500,7500,7500
Pasar Sederhana,Bawang Putih,0,24000,0,0,23000,23000,0,23000,23000,0,0,23000,23000,23000,23000,0,0,0,0,0,0,0,0,0,0,24000,24000,24000,24000,24000
Pasar Sederhana,Cabe Keriting,0,45000,0,0,40000,40000,0,40000,40000,0,0,40000,40000,40000,40000,0,0,0,0,0,0,0,0,0,0,32000,32000,32000,32000,32000
Pasar Sederhana,Cabe Rawit,0,36000,0,0,40000,40000,0,40000,40000,0,0,35000,35000,35000,35000,0,0,0,0,0,0,0,0,0,0,35000,35000,35000,35000,35000
Pasar Sederhana,Kacang Tanah,0,27000,0,0,27000,27000,0,27000,27000,0,0,27000,27000,27000,27000,0,0,0,0,0,0,0,0,0,0,27000,27000,27000,27000,27000
Pasar Sederhana,Ubi Kayu,0,5000,0,0,5000,5000,0,5000,5000,0,0,5000,5000,5000,5000,0,0,0,0,0,0,0,0,0,0,5000,5000,5000,5000,5000
Pasar Sederhana,Ubi Jalar,0,0,0,0,0,0,0,0,0,0,0,0,0,0,0,0,0,0,0,0,0,0,0,0,0,0,0,0,0,0
Pasar Sederhana,Jagung,0,12000,0,0,12000,12000,0,12000,12000,0,0,12000,12000,12000,12000,0,0,0,0,0,0,0,0,0,0,12000,12000,12000,12000,12000
Pasar Sederhana,Ikan Olahan,0,70000,0,0,70000,70000,0,70000,70000,0,0,70000,70000,70000,70000,0,0,0,0,0,0,0,0,0,0,70000,70000,70000,70000,70000
Pasar Sederhana,Beras Premium,0,0,0,0,0,0,0,0,0,0,0,0,0,0,0,0,0,0,0,0,0,0,0,0,0,0,0,0,0,0
Pasar Sederhana,Minyak Goreng Curah,0,12000,0,0,12000,12000,0,12000,12000,0,0,12000,12000,12000,12000,0,0,0,0,0,0,0,0,0,0,12000,12000,12000,12000,12000
Pasar Sederhana,Daging Ayam Kampung,0,70000,0,0,70000,70000,0,70000,70000,0,0,70000,70000,70000,70000,0,0,0,0,0,0,0,0,0,0,70000,70000,70000,70000,70000
Pasar Sederhana,Telur Ayam Kampung,0,44000,0,0,44000,44000,0,44000,44000,0,0,44000,44000,44000,44000,0,0,0,0,0,0,0,0,0,0,44000,44000,44000,44000,44000
Pasar Sederhana,Susu Kental Manis Merk Bendera,0,10000,0,0,10000,10000,0,10000,10000,0,0,10000,10000,10000,10000,0,0,0,0,0,0,0,0,0,0,10000,10000,10000,10000,10000
Pasar Sederhana,Susu Kental Manis Merk Indomilk,0,10000,0,0,10000,10000,0,10000,10000,0,0,10000,10000,10000,10000,0,0,0,0,0,0,0,0,0,0,10000,10000,10000,10000,10000
Pasar Sederhana,Garam Beryodium Bata,0,3500,0,0,3500,3500,0,3500,3500,0,0,3500,3500,3500,3500,0,0,0,0,0,0,0,0,0,0,3500,3500,3500,3500,3500
Pasar Sederhana,Garam Beryodium Halus,0,12000,0,0,12000,12000,0,12000,12000,0,0,12000,12000,12000,12000,0,0,0,0,0,0,0,0,0,0,12000,12000,12000,12000,12000
Pasar Sederhana,Tepung Terigu Cakra Kembar,0,8000,0,0,8000,8000,0,8000,8000,0,0,8000,8000,8000,8000,0,0,0,0,0,0,0,0,0,0,8000,8000,8000,8000,8000
Pasar Sederhana,Tepung Terigu Kunci,0,7000,0,0,7000,7000,0,7000,7000,0,0,7000,7000,7000,7000,0,0,0,0,0,0,0,0,0,0,7000,7000,7000,7000,7000
Pasar Sederhana,Mie Instan,0,2500,0,0,2500,2500,0,2500,2500,0,0,2500,2500,2500,2500,0,0,0,0,0,0,0,0,0,0,2500,2500,2500,2500,2500
Pasar Sederhana,Cabe Rawit Hijau,0,34000,0,0,40000,40000,0,40000,40000,0,0,35000,35000,35000,35000,0,0,0,0,0,0,0,0,0,0,32000,32000,32000,32000,32000
Pasar Sederhana,Kacang Hijau,0,21000,0,0,21000,21000,0,21000,21000,0,0,21000,21000,21000,21000,0,0,0,0,0,0,0,0,0,0,21000,21000,21000,21000,21000
Pasar Sederhana,Susu Bubuk Dancow,0,43700,0,0,43700,43700,0,43700,43700,0,0,43700,43700,43700,43700,0,0,0,0,0,0,0,0,0,0,43700,43700,43700,43700,43700
Pasar Sederhana,Susu Bubuk Indomilk,0,36100,0,0,36100,36100,0,36100,36100,0,0,36100,36100,36100,36100,0,0,0,0,0,0,0,0,0,0,36100,36100,36100,36100,36100
Pasar Sederhana,Ikan Kembung,0,38000,0,0,38000,38000,0,38000,38000,0,0,38000,38000,38000,38000,0,0,0,0,0,0,0,0,0,0,38000,38000,38000,38000,38000