nama_kecamatan,jumlah_pengguna_IUD,persentase_pengguna_IUD,jumlah_pengguna_MOW,persentase_pengguna_MOW,jumlah_pengguna_MOP,persentase_pengguna_MOP,jumlah_pengguna_kondom,persentase_pengguna_kondom,jumlah_pengguna_implan,persentase_pengguna_implan,jumlah_pengguna_suntikan,persentase_pengguna_suntikan,jumlah_pengguna_pil,persentase_pengguna_pil,jumlah_peserta_kb_aktif
Sukasari,1811,29.05,175,2.81,12,0.19,158,2.53,66,1.06,2913,46.72,1100,17.64,6235
Coblong,4315,35.3,1202,9.83,23,0.19,683,5.59,255,2.09,4325,35.38,1420,11.62,12223
Babakan Ciparay,3394,19.97,245,1.44,26,0.15,104,0.61,237,1.39,10351,60.91,2636,15.51,16993
Bojongloa Kaler,5513,39.58,446,3.2,56,0.4,230,1.65,190,1.36,4620,33.17,2874,20.63,13929
Andir,2263,22.44,747,7.41,19,0.19,154,1.53,269,2.67,4168,41.34,2463,24.43,10083
Cicendo,2704,27.7,519,5.32,32,0.33,234,2.4,161,1.65,4185,42.88,1925,19.72,9760
Sukajadi,3169,27.83,1976,17.35,37,0.32,537,4.72,152,1.33,3455,30.34,2060,18.09,11386
Cidadap,1305,21.39,224,3.67,7,0.11,52,0.85,517,8.47,3048,49.95,949,15.55,6102
Bandung Wetan,1566,46.18,420,12.39,27,0.8,103,3.04,101,2.98,739,21.79,435,12.83,3391
Astana Anyar,2278,33.84,261,3.88,43,0.64,176,2.61,231,3.43,2812,41.77,931,13.83,6732
Regol,4433,53.26,378,4.54,279,3.35,23,0.28,125,1.5,2551,30.65,534,6.42,8323
Batununggal,3462,30.08,273,2.37,18,0.16,208,1.81,84,0.73,5519,47.96,1944,16.89,11508
Lengkong,4161,38.89,294,2.75,20,0.19,407,3.8,201,1.88,4366,40.81,1250,11.68,10699
Cibeunying Kidul,3867,32.17,1125,9.36,53,0.44,233,1.94,83,0.69,5171,43.01,1490,12.39,12022
Bandung Kulon,7030,56.62,282,2.27,10,0.08,139,1.12,306,2.46,2675,21.54,1974,15.9,12416
Kiaracondong,3257,28.51,219,1.92,20,0.18,284,2.49,128,1.12,5556,48.63,1962,17.17,11426
Bojongloa Kidul,2213,23.21,125,1.31,32,0.34,28,0.29,231,2.42,6104,64.02,801,8.4,9534
Cibeunying Kaler,3072,41.48,228,3.08,34,0.46,132,1.78,196,2.65,2400,32.41,1344,18.15,7406
Sumur Bandung,2610,60.01,156,3.59,2,0.05,23,0.53,16,0.37,918,21.11,624,14.35,4349
Antapani,2843,39.39,169,2.34,31,0.43,214,2.96,78,1.08,2958,40.98,925,12.82,7218
Bandung Kidul,649,23.01,58,2.06,7,0.25,83,2.94,22,0.78,1461,51.81,540,19.15,2820
Buahbatu,2706,30.69,127,1.44,26,0.29,151,1.71,123,1.39,4422,50.15,1263,14.32,8818
Rancasari,3724,38.67,376,3.9,25,0.26,237,2.46,78,0.81,4205,43.66,986,10.24,9631
Arcamanik,2298,33.73,236,3.46,24,0.35,111,1.63,378,5.55,2964,43.51,802,11.77,6813
Cibiru,1305,19.47,127,1.89,31,0.46,142,2.12,228,3.4,3574,53.31,1297,19.35,6704
Ujung Berung,8164,67.39,126,1.04,58,0.48,246,2.03,324,2.67,1529,12.62,1667,13.76,12114
Gedebage,2302,32.64,830,11.77,124,1.76,313,4.44,235,3.33,2396,33.98,852,12.08,7052
Panyileukan,1491,38.23,133,3.41,4,0.1,176,4.51,76,1.95,1421,36.44,599,15.36,3900
Cinambo,858,27.31,66,2.1,9,0.29,58,1.85,34,1.08,1564,49.78,553,17.6,3142
Mandalajati,1955,23.82,276,3.36,10,0.12,169,2.06,141,1.72,3996,48.7,1659,20.22,8206
