nama_kecamatan,jumlah_pengguna_IUD,persentase_pengguna_IUD,jumlah_pengguna_MOW,persentase_pengguna_MOW,jumlah_pengguna_MOP,persentase_pengguna_MOP,jumlah_pengguna_kondom,persentase_pengguna_kondom,jumlah_pengguna_implan,persentase_pengguna_implan,jumlah_pengguna_suntikan,persentase_pengguna_suntikan,jumlah_pengguna_pil,persentase_pengguna_pil,jumlah_peserta_kb_aktif
Sukasari,2046,33.16,189,3.06,21,0.34,115,1.86,70,1.13,2451,39.72,1278,20.71,6170
Coblong,4459,35.96,1213,9.78,23,0.19,670,5.4,285,2.3,4356,35.13,1393,11.23,12399
Babakan Ciparay,3486,20.2,249,1.44,33,0.19,103,0.6,254,1.47,10449,60.55,2682,15.54,17256
Bojongloa Kaler,5582,39.45,449,3.17,56,0.4,257,1.82,210,1.48,4676,33.05,2920,20.64,14150
Andir,2551,23.94,784,7.36,19,0.18,160,1.5,282,2.65,4389,41.19,2471,23.19,10656
Cicendo,2640,27.2,511,5.26,33,0.34,219,2.26,171,1.76,4159,42.85,1974,20.34,9707
Sukajadi,3179,26.29,1803,14.91,31,0.26,479,3.96,159,1.31,3960,32.75,2482,20.52,12093
Cidadap,1393,21.8,263,4.12,7,0.11,121,1.89,549,8.59,3108,48.63,950,14.86,6391
Bandung Wetan,1602,46.81,434,12.68,73,2.13,73,2.13,102,2.98,710,20.75,428,12.51,3422
Astana Anyar,2529,35.13,299,4.15,48,0.67,134,1.86,243,3.38,3026,42.03,921,12.79,7200
Regol,4536,51.28,386,4.36,47,0.53,279,3.15,152,1.72,2880,32.56,565,6.39,8845
Batununggal,3685,30,278,2.26,18,0.15,208,1.69,95,0.77,5996,48.82,2003,16.31,12283
Lengkong,2182,41.38,233,4.42,16,0.3,201,3.81,214,4.06,1847,35.03,580,11,5273
Cibeunying Kidul,4060,31.21,1144,8.8,53,0.41,281,2.16,299,2.3,5586,42.95,1584,12.18,13007
Bandung Kulon,5101,54.55,294,3.14,10,0.11,131,1.4,315,3.37,2182,23.33,1318,14.09,9351
Kiaracondong,4003,29.41,234,1.72,20,0.15,460,3.38,183,1.34,6218,45.69,2492,18.31,13610
Bojongloa Kidul,2239,23.98,125,1.34,32,0.34,88,0.94,234,2.51,5820,62.33,800,8.57,9338
Cibeunying Kaler,2491,36.42,296,4.33,27,0.39,111,1.62,57,0.83,2533,37.04,1324,19.36,6839
Sumur Bandung,870,34.36,101,3.99,2,0.08,153,6.04,92,3.63,903,35.66,411,16.23,2532
Antapani,2931,38.31,176,2.3,31,0.41,226,2.95,90,1.18,3242,42.38,954,12.47,7650
Bandung Kidul,1566,26.99,120,2.07,7,0.12,122,2.1,57,0.98,2822,48.64,1108,19.1,5802
Buahbatu,2870,30.96,133,1.43,26,0.28,160,1.73,150,1.62,4646,50.11,1286,13.87,9271
Rancasari,2275,36.13,142,2.26,11,0.17,239,3.8,44,0.7,2506,39.8,1080,17.15,6297
Arcamanik,2395,34.15,238,3.39,24,0.34,111,1.58,401,5.72,3041,43.36,804,11.46,7014
Cibiru,1705,22.09,163,2.11,33,0.43,135,1.75,199,2.58,3832,49.65,1651,21.39,7718
Ujung Berung,14076,67.35,148,0.71,58,0.28,486,2.33,409,1.96,4000,19.14,1722,8.24,20899
Gedebage,2197,38.24,521,9.07,102,1.78,151,2.63,119,2.07,1972,34.32,684,11.9,5746
Panyileukan,1585,37.95,134,3.21,3,0.07,198,4.74,90,2.16,1574,37.69,592,14.18,4176
Cinambo,916,28.04,68,2.08,9,0.28,61,1.87,47,1.44,1610,49.28,556,17.02,3267
Mandalajati,2039,23.49,287,3.31,10,0.12,207,2.38,164,1.89,4273,49.23,1700,19.59,8680
