nama_kecamatan,jumlah_pus,jml_pus_kps_ksi,persentase_pus_kps_ks1,jml_pus_jkn_penerima_bantuan,persentase_pus_jkn_terima_bantuan,jml_pus_jkn_bukan_penerima_bantuan,persentase_pus_jkn_bukan_penerima_bantuan,jml_pus_jkn,persentase_pus_jkn
Sukasari,8742,3568,40.81,0,0.00,0,0.00,0,0.00
Coblong,16398,7056,43.03,23,0.14,24,0.15,47,0.29
Babakan Ciparay,21465,8326,38.79,8124,37.85,13341,62.15,21465,100.00
Bojongloa Kaler,17527,7492,42.75,7620,43.48,9887,56.41,17507,99.89
Andir,14142,4368,30.89,163,1.15,0,0.00,163,1.15
Cicendo,18537,12265,66.16,0,0.00,13810,74.50,13810,74.50
Sukajadi,16529,4977,30.11,0,0.00,0,0.00,0,0.00
Cidadap,8121,2625,32.32,2622,32.29,0,0.00,2622,32.29
Bandung Wetan,5103,2071,40.58,0,0.00,0,0.00,0,0.00
Astana Anyar,9581,2353,24.56,0,0.00,0,0.00,0,0.00
Regol,12215,3663,29.99,0,0.00,0,0.00,0,0.00
Batununggal,16840,9305,55.26,0,0.00,0,0.00,0,0.00
Lengkong,14998,5769,38.47,1965,13.10,13033,86.90,14998,100.00
Cibeunying Kidul,17434,7879,45.19,7043,40.40,9878,56.66,16921,97.06
Bandung Kulon,14779,10558,71.44,5406,36.58,5384,36.43,10790,73.01
Kiaracondong,15240,8790,57.68,0,0.00,0,0.00,0,0.00
Bojongloa Kidul,12099,4927,40.72,2102,17.37,8972,74.15,11074,91.53
Cibeunying Kaler,10208,1992,19.51,2524,24.73,7684,75.27,10208,100.00
Sumur Bandung,6271,2962,47.23,0,0.00,0,0.00,0,0.00
Antapani,10029,1376,13.72,0,0.00,0,0.00,0,0.00
Bandung Kidul,4263,1909,44.78,1875,43.98,2195,51.49,4070,95.47
Buahbatu,11587,2168,18.71,0,0.00,0,0.00,0,0.00
Rancasari,12669,1557,12.29,1417,11.18,138,1.09,1555,12.27
Arcamanik,8579,3267,38.08,0,0.00,0,0.00,0,0.00
Cibiru,9579,3426,35.77,1306,13.63,2332,24.34,3638,37.98
Ujung Berung,20736,16669,80.39,5473,26.39,6336,30.56,11809,56.95
Gedebage,8979,2753,30.66,656,7.31,4614,51.39,5270,58.69
Panyileukan,5396,1428,26.46,731,13.55,741,13.73,1472,27.28
Cinambo,4151,1497,36.06,777,18.72,1511,36.40,2288,55.12
Mandalajati,11133,4127,37.07,4127,37.07,7006,62.93,11133,100.00
