lokasi,nama_komoditas,2015-06-01,2015-06-02,2015-06-03,2015-06-04,2015-06-05,2015-06-06,2015-06-07,2015-06-08,2015-06-09,2015-06-10,2015-06-11,2015-06-12,2015-06-13,2015-06-14,2015-06-15,2015-06-16,2015-06-17,2015-06-18,2015-06-19,2015-06-20,2015-06-21,2015-06-22,2015-06-23,2015-06-24,2015-06-25,2015-06-26,2015-06-27,2015-06-28,2015-06-29,2015-06-30
"Pasar Sederhana","Beras Medium",10000,0,10000,10000,10000,0,0,10000,10000,10000,9000,9000,0,0,9000,9000,9000,9000,9000,0,0,9000,9000,9000,9000,9000,0,0,9000,0
"Pasar Sederhana","Cabe Merah",40000,0,40000,40000,40000,0,0,40000,40000,40000,40000,40000,0,0,45000,45000,60000,60000,60000,0,0,45000,45000,45000,45000,45000,0,0,28000,0
"Pasar Sederhana","Bawang Merah",36000,0,36000,36000,36000,0,0,36000,36000,36000,34000,34000,0,0,34000,34000,34000,32000,32000,0,0,32000,32000,32000,32000,32000,0,0,28000,0
"Pasar Sederhana","Daging Ayam Ras",32000,0,32000,32000,32000,0,0,32000,32000,32000,35000,35000,0,0,35000,35000,35000,35000,35000,0,0,33000,33000,33000,33000,33000,0,0,31000,0
"Pasar Sederhana","Telur Ayam Ras",21000,0,21000,21000,21000,0,0,21000,21000,21000,22000,22000,0,0,23000,23000,23000,23000,23000,0,0,23000,23000,23000,23000,23000,0,0,22000,0
"Pasar Sederhana","Daging Sapi",100000,0,100000,100000,100000,0,0,100000,100000,100000,98000,98000,0,0,98000,98000,105000,105000,105000,0,0,105000,105000,105000,105000,105000,0,0,105000,0
"Pasar Sederhana","Minyak Goreng",14500,0,14500,14500,14500,0,0,14500,14500,14500,14500,14500,0,0,14500,14500,14500,14500,14500,0,0,14500,14500,14500,14500,14500,0,0,14500,0
"Pasar Sederhana","Gula Pasir",12000,0,12000,12000,12000,0,0,12000,12000,12000,13000,13000,0,0,13000,13000,13000,13000,13000,0,0,13000,13000,13000,13000,13000,0,0,13000,0
"Pasar Sederhana",Kentang,10000,0,10000,10000,10000,0,0,10000,10000,10000,10000,10000,0,0,10000,10000,10000,10000,10000,0,0,10000,10000,10000,10000,10000,0,0,10000,0
"Pasar Sederhana",Kedelai,12000,0,12000,12000,12000,0,0,12000,12000,12000,12000,12000,0,0,12000,12000,12000,12000,12000,0,0,12000,12000,12000,12000,12000,0,0,12000,0
"Pasar Sederhana","Tepung Terigu",8000,0,8000,8000,8000,0,0,8000,8000,8000,7500,7500,0,0,8000,8000,8000,7500,7500,0,0,7500,7500,7500,7500,7500,0,0,7500,0
"Pasar Sederhana","Bawang Putih",20000,0,20000,20000,20000,0,0,20000,20000,20000,20000,20000,0,0,20000,20000,20000,20000,20000,0,0,20000,20000,20000,20000,20000,0,0,20000,0
"Pasar Sederhana","Cabe Keriting",25000,0,25000,25000,25000,0,0,25000,25000,25000,30000,30000,0,0,32000,32000,32000,32000,32000,0,0,32000,32000,32000,32000,32000,0,0,28000,0
"Pasar Sederhana","Cabe Rawit",35000,0,35000,35000,35000,0,0,35000,35000,35000,30000,30000,0,0,30000,30000,30000,30000,30000,0,0,35000,35000,35000,35000,30000,0,0,30000,0
"Pasar Sederhana","Kacang Tanah",22000,0,22000,22000,22000,0,0,22000,22000,22000,26000,26000,0,0,28000,28000,28000,28000,28000,0,0,28000,28000,28000,28000,28000,0,0,28000,0
"Pasar Sederhana","Ubi Kayu",4000,0,4000,4000,4000,0,0,4000,4000,4000,4000,4000,0,0,4000,4000,4000,4000,4000,0,0,4000,4000,4000,4000,4000,0,0,4000,0
"Pasar Sederhana","Ubi Jalar",0,0,0,0,0,0,0,0,0,0,0,0,0,0,0,0,0,0,0,0,0,0,0,0,0,0,0,0,0,0
"Pasar Sederhana",Jagung,7000,0,7000,7000,7000,0,0,7000,7000,7000,7000,7000,0,0,7000,7000,7000,7000,7000,0,0,7000,7000,7000,7000,7000,0,0,7000,0
"Pasar Sederhana","Ikan Olahan",70000,0,70000,70000,70000,0,0,70000,70000,70000,70000,70000,0,0,70000,70000,70000,70000,70000,0,0,70000,70000,70000,70000,70000,0,0,70000,0
"Pasar Sederhana","Beras Premium",0,0,0,0,0,0,0,0,0,0,0,0,0,0,0,0,0,0,0,0,0,0,0,0,0,0,0,0,0,0
"Pasar Sederhana","Minyak Goreng Curah",12000,0,12000,12000,12000,0,0,12000,12000,12000,13000,13000,0,0,13000,13000,13000,13000,13000,0,0,13000,13000,13000,13000,13000,0,0,13000,0
"Pasar Sederhana","Daging Ayam Kampung",55000,0,55000,55000,55000,0,0,55000,55000,55000,55000,55000,0,0,55000,55000,55000,55000,55000,0,0,55000,55000,55000,55000,55000,0,0,55000,0
"Pasar Sederhana","Telur Ayam Kampung",44000,0,44000,44000,44000,0,0,44000,44000,44000,44000,44000,0,0,44000,44000,44000,44000,44000,0,0,44000,44000,44000,44000,44000,0,0,44000,0
"Pasar Sederhana","Susu Kental Manis Merk Bendera",10000,0,10000,10000,10000,0,0,10000,10000,10000,10000,10000,0,0,9500,9500,9500,10000,10000,0,0,10000,10000,10000,10000,10000,0,0,10000,0
"Pasar Sederhana","Susu Kental Manis Merk Indomilk",9500,0,9500,9500,9500,0,0,9500,9500,9500,9500,9500,0,0,10000,10000,10000,9500,9500,0,0,9500,9500,9500,9500,9500,0,0,9500,0
"Pasar Sederhana","Garam Beryodium Bata",1000,0,1000,1000,1000,0,0,1000,1000,1000,1000,1000,0,0,1000,1000,1000,1000,1000,0,0,1000,1000,1000,1000,1000,0,0,1000,0
"Pasar Sederhana","Garam Beryodium Halus",4000,0,4000,4000,4000,0,0,4000,4000,4000,4000,4000,0,0,4000,4000,4000,4000,4000,0,0,4000,4000,4000,4000,4000,0,0,4000,0
"Pasar Sederhana","Tepung Terigu Cakra Kembar",8500,0,8500,8500,8500,0,0,8500,8500,8500,8500,8500,0,0,8500,8500,8500,8500,8500,0,0,8500,8500,8500,8500,8500,0,0,8500,0
"Pasar Sederhana","Tepung Terigu Kunci",7500,0,7500,7500,7500,0,0,7500,7500,7500,7500,7500,0,0,7500,7500,7500,7500,7500,0,0,7500,7500,7500,7500,7500,0,0,7500,0
"Pasar Sederhana","Mie Instan",2000,0,2000,2000,2000,0,0,2000,2000,2000,2000,2000,0,0,2000,2000,2000,2000,2000,0,0,2000,2000,2000,2000,2000,0,0,2000,0
"Pasar Sederhana","Cabe Rawit Hijau",25000,0,25000,25000,25000,0,0,25000,25000,25000,25000,25000,0,0,25000,25000,25000,25000,25000,0,0,30000,30000,30000,30000,30000,0,0,30000,0
"Pasar Sederhana","Kacang Hijau",20000,0,20000,20000,20000,0,0,20000,20000,20000,20000,20000,0,0,20000,20000,20000,20000,20000,0,0,20000,20000,20000,20000,20000,0,0,20000,0
"Pasar Sederhana","Susu Bubuk Dancow",34750,0,34750,34750,34750,0,0,34750,34750,34750,34750,34750,0,0,34750,34750,34750,34750,34750,0,0,34750,34750,34750,34750,34750,0,0,38300,0
"Pasar Sederhana","Susu Bubuk Indomilk",31250,0,31250,31250,31250,0,0,31250,31250,31250,31250,31250,0,0,31250,31250,31250,31250,31250,0,0,31250,31250,31250,31250,31250,0,0,31250,0
"Pasar Sederhana","Ikan Kembung",30000,0,30000,30000,30000,0,0,30000,30000,30000,30000,30000,0,0,30000,30000,30000,30000,30000,0,0,30000,30000,30000,30000,30000,0,0,30000,0
