lokasi,nama_komoditas,2018-10-01,2018-10-02,2018-10-03,2018-10-04,2018-10-05,2018-10-06,2018-10-07,2018-10-08,2018-10-09,2018-10-10,2018-10-11,2018-10-12,2018-10-13,2018-10-14,2018-10-15,2018-10-16,2018-10-17,2018-10-18,2018-10-19,2018-10-20,2018-10-21,2018-10-22,2018-10-23,2018-10-24,2018-10-25,2018-10-26,2018-10-27,2018-10-28,2018-10-29,2018-10-30,2018-10-31
Pasar Kosambi,Beras Medium,10500,0,10500,10500,10500,0,0,10500,10500,0,10500,0,0,0,10500,10500,0,10500,10500,0,0,10500,10500,10500,10500,0,0,0,10500,0,10500
Pasar Kosambi,Cabe Merah,35000,0,35000,35000,35000,0,0,35000,35000,0,50000,0,0,0,50000,50000,0,50000,50000,0,0,45000,45000,45000,45000,0,0,0,50000,0,50000
Pasar Kosambi,Bawang Merah,25000,0,25000,25000,25000,0,0,25000,25000,0,25000,0,0,0,25000,25000,0,25000,25000,0,0,27000,27000,27000,27000,0,0,0,25000,0,25000
Pasar Kosambi,Daging Ayam Ras,34000,0,34000,34000,34000,0,0,35000,35000,0,36000,0,0,0,36000,36000,0,33000,33000,0,0,36000,36000,36000,36000,0,0,0,35000,0,35000
Pasar Kosambi,Telur Ayam Ras,22000,0,23000,23500,23500,0,0,23500,23500,0,23500,0,0,0,23500,23500,0,21500,21500,0,0,21500,21500,21500,21500,0,0,0,21000,0,21000
Pasar Kosambi,Daging Sapi,120000,0,120000,120000,120000,0,0,120000,120000,0,120000,0,0,0,120000,120000,0,120000,120000,0,0,120000,120000,120000,120000,0,0,0,120000,0,120000
Pasar Kosambi,Minyak Goreng,15000,0,15000,15000,15000,0,0,15000,15000,0,15000,0,0,0,15000,15000,0,15000,15000,0,0,15000,15000,15000,15000,0,0,0,15000,0,15000
Pasar Kosambi,Gula Pasir,12500,0,12500,12500,12500,0,0,12500,12500,0,12500,0,0,0,12500,12500,0,12500,12500,0,0,12500,12500,12500,12500,0,0,0,12500,0,12500
Pasar Kosambi,Kentang,15000,0,15000,15000,15000,0,0,15000,15000,0,15000,0,0,0,15000,15000,0,15000,15000,0,0,15000,15000,15000,15000,0,0,0,15000,0,15000
Pasar Kosambi,Kedelai,10000,0,10000,10000,10000,0,0,10000,10000,0,10000,0,0,0,10000,10000,0,10000,10000,0,0,10000,10000,10000,10000,0,0,0,10000,0,10000
Pasar Kosambi,Tepung Terigu,7500,0,7500,7500,7500,0,0,7500,7500,0,7500,0,0,0,7500,7500,0,7500,7500,0,0,7500,7500,7500,7500,0,0,0,7500,0,7500
Pasar Kosambi,Bawang Putih,25000,0,25000,25000,25000,0,0,25000,25000,0,25000,0,0,0,25000,25000,0,25000,25000,0,0,25000,25000,25000,25000,0,0,0,28000,0,28000
Pasar Kosambi,Cabe Keriting,35000,0,35000,35000,35000,0,0,35000,35000,0,50000,0,0,0,50000,50000,0,50000,50000,0,0,50000,45000,45000,45000,0,0,0,50000,0,50000
Pasar Kosambi,Cabe Rawit,35000,0,35000,35000,35000,0,0,35000,35000,0,40000,0,0,0,40000,40000,0,40000,40000,0,0,40000,40000,40000,40000,0,0,0,30000,0,30000
Pasar Kosambi,Kacang Tanah,24000,0,24000,24000,24000,0,0,24000,24000,0,24000,0,0,0,24000,24000,0,24000,24000,0,0,24000,24000,24000,24000,0,0,0,24000,0,24000
Pasar Kosambi,Ubi Kayu,4000,0,4000,4000,4000,0,0,4000,4000,0,4000,0,0,0,4000,4000,0,4000,4000,0,0,4000,4000,4000,4000,0,0,0,4000,0,4000
Pasar Kosambi,Ubi Jalar,0,0,0,0,0,0,0,0,0,0,0,0,0,0,0,0,0,0,0,0,0,0,0,0,0,0,0,0,0,0,0
Pasar Kosambi,Jagung,10000,0,10000,10000,10000,0,0,10000,10000,0,10000,0,0,0,10000,10000,0,10000,10000,0,0,10000,10000,10000,10000,0,0,0,10000,0,10000
Pasar Kosambi,Ikan Olahan,80000,0,80000,80000,80000,0,0,80000,80000,0,80000,0,0,0,80000,80000,0,80000,80000,0,0,80000,80000,80000,80000,0,0,0,80000,0,80000
Pasar Kosambi,Beras Premium,0,0,0,0,0,0,0,0,0,0,0,0,0,0,0,0,0,0,0,0,0,0,0,0,0,0,0,0,0,0,0
Pasar Kosambi,Minyak Goreng Curah,12000,0,12000,12000,12000,0,0,12000,12000,0,12000,0,0,0,12000,12000,0,12000,12000,0,0,12000,12000,12000,12000,0,0,0,12000,0,12000
Pasar Kosambi,Daging Ayam Kampung,75000,0,75000,75000,75000,0,0,75000,75000,0,75000,0,0,0,75000,75000,0,75000,75000,0,0,75000,75000,75000,75000,0,0,0,75000,0,75000
Pasar Kosambi,Telur Ayam Kampung,45000,0,45000,45000,45000,0,0,45000,45000,0,45000,0,0,0,45000,45000,0,45000,45000,0,0,45000,45000,45000,45000,0,0,0,45000,0,45000
Pasar Kosambi,Susu Kental Manis Merk Bendera,10000,0,10000,10000,10000,0,0,10000,10000,0,10000,0,0,0,10000,10000,0,10000,10000,0,0,10000,10000,10000,10000,0,0,0,10000,0,10000
Pasar Kosambi,Susu Kental Manis Merk Indomilk,9500,0,9500,9500,9500,0,0,9500,9500,0,9500,0,0,0,9500,9500,0,9500,9500,0,0,9500,9500,9500,9500,0,0,0,9500,0,9500
Pasar Kosambi,Garam Beryodium Bata,2500,0,2500,2500,2500,0,0,2500,2500,0,2500,0,0,0,2500,2500,0,2500,2500,0,0,2500,2500,2500,2500,0,0,0,2500,0,2500
Pasar Kosambi,Garam Beryodium Halus,12000,0,12000,12000,12000,0,0,12000,12000,0,12000,0,0,0,12000,12000,0,12000,12000,0,0,12000,12000,12000,12000,0,0,0,12000,0,12000
Pasar Kosambi,Tepung Terigu Cakra Kembar,7500,0,7500,7500,7500,0,0,7500,7500,0,7500,0,0,0,7500,7500,0,7500,7500,0,0,7500,7500,7500,7500,0,0,0,7500,0,7500
Pasar Kosambi,Tepung Terigu Kunci,7000,0,7000,7000,7000,0,0,7000,7000,0,7000,0,0,0,7000,7000,0,7000,7000,0,0,7000,7000,7000,7000,0,0,0,7000,0,7000
Pasar Kosambi,Mie Instan,2300,0,2300,2300,2300,0,0,2300,2300,0,2300,0,0,0,2300,2300,0,2300,2300,0,0,2300,2300,2300,2300,0,0,0,2300,0,2300
Pasar Kosambi,Cabe Rawit Hijau,35000,0,35000,35000,35000,0,0,35000,35000,0,40000,0,0,0,40000,40000,0,40000,40000,0,0,40000,40000,40000,40000,0,0,0,30000,0,30000
Pasar Kosambi,Kacang Hijau,20000,0,20000,20000,20000,0,0,20000,20000,0,20000,0,0,0,20000,20000,0,20000,20000,0,0,20000,20000,20000,20000,0,0,0,20000,0,20000
Pasar Kosambi,Susu Bubuk Dancow,34500,0,34500,34500,34500,0,0,34500,34500,0,34500,0,0,0,34500,34500,0,34500,34500,0,0,34500,34500,34500,34500,0,0,0,34500,0,34500
Pasar Kosambi,Susu Bubuk Indomilk,30000,0,30000,30000,30000,0,0,30000,30000,0,30000,0,0,0,30000,30000,0,30000,30000,0,0,30000,30000,30000,30000,0,0,0,30000,0,30000
Pasar Kosambi,Ikan Kembung,45000,0,45000,45000,45000,0,0,45000,45000,0,45000,0,0,0,45000,45000,0,45000,45000,0,0,45000,45000,45000,45000,0,0,0,45000,0,45000