lokasi,nama_komoditas,2015-12-01,2015-12-02,2015-12-03,2015-12-04,2015-12-05,2015-12-06,2015-12-07,2015-12-08,2015-12-09,2015-12-10,2015-12-11,2015-12-12,2015-12-13,2015-12-14,2015-12-15,2015-12-16,2015-12-17,2015-12-18,2015-12-19,2015-12-20,2015-12-21,2015-12-22,2015-12-23,2015-12-24,2015-12-25,2015-12-26,2015-12-27,2015-12-28,2015-12-29,2015-12-30,2015-12-31
"Pasar Baru","Beras Medium",10000,10000,10000,0,0,0,10000,10000,0,10000,10000,0,0,10000,10000,9500,10000,10000,0,0,0,10000,10000,0,0,0,0,10000,10000,10000,10000
"Pasar Baru","Cabe Merah",30000,30000,42000,0,0,0,45000,0,0,45000,45000,0,0,45000,45000,30000,45000,45000,0,0,0,45000,45000,0,0,0,0,70000,70000,70000,70000
"Pasar Baru","Bawang Merah",20000,20000,20000,0,0,0,20000,20000,0,20000,20000,0,0,30000,30000,20000,30000,30000,0,0,0,30000,30000,0,0,0,0,38000,38000,38000,40000
"Pasar Baru","Daging Ayam Ras",33000,33000,33000,0,0,0,33000,33000,0,33000,33000,0,0,35000,35000,29000,35000,0,0,0,0,35000,35000,0,0,0,0,38000,38000,38000,38000
"Pasar Baru","Telur Ayam Ras",22000,22000,22000,0,0,0,22000,22000,0,22000,22000,0,0,22000,22000,22000,22000,22000,0,0,0,22000,22000,0,0,0,0,26000,26000,26000,26000
"Pasar Baru","Daging Sapi",120000,120000,120000,0,0,0,120000,120000,0,120000,120000,0,0,120000,120000,120000,120000,120000,0,0,0,120000,120000,0,0,0,0,120000,120000,120000,120000
"Pasar Baru","Minyak Goreng",14000,14000,14000,0,0,0,14000,14000,0,14000,14000,0,0,14000,14000,14000,14000,14000,0,0,0,14000,14000,0,0,0,0,14000,14000,14000,14000
"Pasar Baru","Gula Pasir",13000,13000,13000,0,0,0,13000,0,0,13000,13000,0,0,13000,13000,13000,13000,13000,0,0,0,13000,13000,0,0,0,0,13000,13000,13000,13000
"Pasar Baru",Kentang,11000,11000,11000,0,0,0,11000,11000,0,11000,11000,0,0,11000,11000,11000,11000,11000,0,0,0,11000,11000,0,0,0,0,11000,11000,11000,11000
"Pasar Baru",Kedelai,11000,11000,11000,0,0,0,11000,11000,0,11000,11000,0,0,11000,11000,11000,0,11000,0,0,0,11000,11000,0,0,0,0,11000,11000,11000,11000
"Pasar Baru","Tepung Terigu",7500,0,7500,0,0,0,7500,7500,0,7500,7500,0,0,7500,7500,7500,7500,7500,0,0,0,7500,7500,0,0,0,0,7500,7500,7500,7500
"Pasar Baru","Bawang Putih",25000,25000,25000,0,0,0,25000,25000,0,25000,25000,0,0,25000,25000,25000,25000,25000,0,0,0,25000,25000,0,0,0,0,25000,25000,25000,28000
"Pasar Baru","Cabe Keriting",35000,35000,35000,0,0,0,35000,35000,0,35000,35000,0,0,40000,40000,30000,40000,40000,0,0,0,40000,40000,0,0,0,0,50000,50000,50000,50000
"Pasar Baru","Cabe Rawit",30000,30000,30000,0,0,0,0,30000,0,30000,30000,0,0,30000,30000,50000,0,30000,0,0,0,30000,30000,0,0,0,0,50000,50000,50000,50000
"Pasar Baru","Kacang Tanah",27000,27000,27000,0,0,0,27000,27000,0,27000,27000,0,0,27000,27000,27000,27000,0,0,0,0,27000,27000,0,0,0,0,27000,27000,27000,27000
"Pasar Baru","Ubi Kayu",3000,3000,3000,0,0,0,3000,3000,0,3000,3000,0,0,3000,3000,3000,3000,3000,0,0,0,3000,3000,0,0,0,0,3000,3000,3000,3000
"Pasar Baru","Ubi Jalar",0,0,0,0,0,0,0,0,0,0,0,0,0,0,0,0,0,0,0,0,0,0,0,0,0,0,0,0,0,0,0
"Pasar Baru",Jagung,7000,7000,7000,0,0,0,7000,7000,0,7000,7000,0,0,7000,7000,7000,7000,7000,0,0,0,7000,7000,0,0,0,0,7000,7000,7000,7000
"Pasar Baru","Ikan Olahan",50000,50000,50000,0,0,0,50000,0,0,50000,50000,0,0,50000,50000,50000,50000,50000,0,0,0,50000,50000,0,0,0,0,50000,50000,50000,50000
"Pasar Baru","Beras Premium",0,0,0,0,0,0,0,0,0,0,0,0,0,0,0,0,0,0,0,0,0,0,0,0,0,0,0,0,0,0,0
"Pasar Baru","Minyak Goreng Curah",10000,10000,0,0,0,0,10000,0,0,10000,10000,0,0,10000,10000,11000,10000,10000,0,0,0,10000,10000,0,0,0,0,10000,10000,10000,10000
"Pasar Baru","Daging Ayam Kampung",65000,0,65000,0,0,0,65000,65000,0,65000,65000,0,0,65000,65000,65000,65000,65000,0,0,0,65000,65000,0,0,0,0,65000,65000,65000,65000
"Pasar Baru","Telur Ayam Kampung",45000,45000,45000,0,0,0,45000,45000,0,45000,45000,0,0,45000,45000,45000,45000,0,0,0,0,45000,45000,0,0,0,0,45000,45000,45000,45000
"Pasar Baru","Susu Kental Manis Merk Bendera",11000,11000,11000,0,0,0,11000,11000,0,11000,11000,0,0,11000,11000,11000,11000,11000,0,0,0,11000,11000,0,0,0,0,11000,11000,11000,11000
"Pasar Baru","Susu Kental Manis Merk Indomilk",9500,9500,9500,0,0,0,9500,9500,0,9500,9500,0,0,9500,9500,9500,9500,9500,0,0,0,9500,9500,0,0,0,0,9500,9500,9500,9500
"Pasar Baru","Garam Beryodium Bata",1000,1000,1000,0,0,0,1000,1000,0,1000,1000,0,0,1000,1000,1000,0,1000,0,0,0,1000,1000,0,0,0,0,1000,1000,1000,1000
"Pasar Baru","Garam Beryodium Halus",3500,3500,3500,0,0,0,3500,3500,0,3500,3500,0,0,3500,3500,3000,3500,3500,0,0,0,3500,3500,0,0,0,0,3500,3500,3500,3500
"Pasar Baru","Tepung Terigu Cakra Kembar",8000,8000,8000,0,0,0,8000,8000,0,8000,8000,0,0,8000,8000,8000,8000,8000,0,0,0,8000,8000,0,0,0,0,8000,8000,8000,8000
"Pasar Baru","Tepung Terigu Kunci",7500,7500,7500,0,0,0,0,7500,0,7500,7500,0,0,7500,7500,7500,7500,7500,0,0,0,7500,7500,0,0,0,0,7500,7500,7500,7500
"Pasar Baru","Mie Instan",2000,2000,2000,0,0,0,2000,2000,0,2000,2000,0,0,2000,2000,2000,2000,2000,0,0,0,2000,2000,0,0,0,0,2000,2000,2000,2000
"Pasar Baru","Cabe Rawit Hijau",30000,30000,30000,0,0,0,30000,30000,0,0,30000,0,0,30000,30000,30000,30000,30000,0,0,0,30000,30000,0,0,0,0,40000,40000,40000,40000
"Pasar Baru","Kacang Hijau",22000,22000,22000,0,0,0,0,22000,0,22000,22000,0,0,22000,22000,25000,22000,22000,0,0,0,0,22000,0,0,0,0,22000,22000,22000,22000
"Pasar Baru","Susu Bubuk Dancow",36000,0,36000,0,0,0,36000,36000,0,36000,36000,0,0,36000,36000,36000,36000,0,0,0,0,36000,36000,0,0,0,0,36000,36000,36000,36000
"Pasar Baru","Susu Bubuk Indomilk",33500,33500,33500,0,0,0,33500,33500,0,33500,33500,0,0,33500,33500,33500,33500,33500,0,0,0,33500,33500,0,0,0,0,33500,33500,33500,33500
"Pasar Baru","Ikan Kembung",30000,30000,30000,0,0,0,30000,30000,0,30000,0,0,0,30000,30000,30000,30000,30000,0,0,0,30000,30000,0,0,0,0,30000,30000,30000,30000
