KECAMATAN;ISLAM;KRISTEN;KATHOLIK;HINDU;BUDDHA;KONG HUCU;KEPERCAYAAN
SUKASARI;76.345;4.494;2.176;157;241;5;8
COBLONG;125.983;4.489;2.365;99;264;3;5
BABAKAN CIPARAY;120.111;8.238;2.954;61;922;4;0
BOJONGLOA KALER;112.518;9.218;2.025;39;993;16;1
ANDIR;100.127;13.239;4.169;93;2.032;9;5
CICENDO;95.150;10.766;4.802;90;943;2;4
SUKAJADI;97.976;5.968;2.691;78;356;10;0
CIDADAP;51.316;2.713;1.596;42;298;4;0
BANDUNG WETAN;31.866;3.788;2.657;56;334;1;6
ASTANA ANYAR;65.731;11.624;3.311;32;2.163;20;3
REGOL;92.014;11.692;5.550;140;1.803;10;2
BATUNUNGGAL;123.362;4.849;2.255;62;367;1;4
LENGKONG;80.847;6.676;3.488;198;828;11;7
CIBEUNYING KIDUL;113.380;4.848;1.967;116;215;0;4
BANDUNG KULON;123.866;9.833;3.024;67;1.128;11;0
KIARACONDONG;126.956;3.871;1.490;71;200;6;3
BOJONGLOA KIDUL;77.292;6.830;2.383;16;809;17;1
CIBEUNYING KALER;70.177;3.379;1.872;87;79;2;2
SUMUR BANDUNG;36.469;4.253;2.515;83;681;6;10
ANTAPANI;70.423;4.533;1.729;143;110;0;1
BANDUNG KIDUL;55.023;2.632;1.655;53;224;2;1
BUAH BATU;107.146;3.977;1.582;146;191;4;13
RANCASARI;88.119;3.390;1.200;128;104;1;2
ARCAMANIK;68.467;3.450;1.609;117;82;0;0
CIBIRU;85.167;1.757;548;75;20;3;0
UJUNGBERUNG;83.855;1.349;598;106;22;1;14
GEDEBAGE;39.743;1.382;579;39;68;4;1
PANYILEUKAN;38.251;1.160;466;65;41;8;0
CINAMBO;25.158;807;339;56;39;0;1
MANDALAJATI;70.919;1.790;744;40;32;1;5
