NAMA_KEC,0Thn_LP,1Thn_LP,2Thn_LP,3Thn_LP,4Thn_LP,5Thn_LP,6Thn_LP,7Thn_LP,8Thn_LP,9Thn_LP,10Thn_LP,11Thn_LP,12Thn_LP,13Thn_LP,14Thn_LP,15Thn_LP,16Thn_LP,17Thn_LP,18Thn_LP,19Thn_LP,20Thn_LP,21Thn_LP,22Thn_LP,23Thn_LP,24Thn_LP,25Thn_LP,26Thn_LP,27Thn_LP,28Thn_LP,29Thn_LP,30Thn_LP,31Thn_LP,32Thn_LP,33Thn_LP,34Thn_LP,35Thn_LP,36Thn_LP,37Thn_LP,38Thn_LP,39Thn_LP,40Thn_LP,41Thn_LP,42Thn_LP,43Thn_LP,44Thn_LP,45Thn_LP,46Thn_LP,47Thn_LP,48Thn_LP,49Thn_LP,50Thn_LP,51Thn_LP,52Thn_LP,53Thn_LP,54Thn_LP,55Thn_LP,56Thn_LP,57Thn_LP,58Thn_LP,59Thn_LP,60Thn_LP,61Thn_LP,62Thn_LP,63Thn_LP,64Thn_LP,65Thn_LP,66Thn_LP,67Thn_LP,68Thn_LP,69Thn_LP,70Thn_LP,71Thn_LP,72Thn_LP,73Thn_LP,74Thn_LP,75Thn_LP,76Thn_LP,77Thn_LP,78Thn_LP,79Thn_LP,80Thn_LP,81Thn_LP,82Thn_LP,83Thn_LP,84Thn_LP,85Thn_LP,86Thn_LP,87Thn_LP,88Thn_LP,89Thn_LP,90Thn_LP,91Thn_LP,92Thn_LP,93Thn_LP,94Thn_LP,95Thn_LP,96Thn_LP,97Thn_LP,98Thn_LP,99Thn_LP,100Thn_LP,>100Thn_LP,JML_DUK
SUKASARI,0,746,1079,1031,1064,1092,1140,1189,1160,1168,1198,1167,1085,1217,1217,1219,1040,1071,965,1088,1109,1033,1099,1133,1048,1130,988,1093,1101,1100,1105,1040,1114,1172,1231,1320,1275,1275,1215,1218,1164,1238,1241,1135,1193,1168,1085,1117,1138,1039,994,928,994,842,803,802,672,810,779,664,617,619,575,591,527,558,420,483,419,366,344,286,370,291,314,371,219,252,197,164,137,135,114,83,86,78,42,69,43,34,33,19,22,8,12,6,5,2,2,1,0,3,72458
COBLONG,0,1125,1649,1632,1763,1788,1760,1889,1760,1768,1751,1737,1750,1756,1888,1819,1779,1765,1540,1705,1666,1700,1840,1687,1734,1732,1736,1750,1744,1664,1728,1815,1784,1889,1934,2209,2077,2041,1868,1817,1794,1779,1785,1635,1650,1816,1602,1664,1713,1520,1432,1315,1446,1271,1267,1261,1013,1110,1054,1036,979,915,905,843,843,835,483,618,532,461,427,344,513,375,386,509,252,373,351,228,215,177,191,156,113,115,76,105,62,34,36,27,37,25,20,13,3,6,4,4,2,11,110806
BABAKAN CIPARAY,0,1316,2119,2189,2227,2232,2276,2409,2267,2237,2296,2278,2304,2386,2350,2459,2273,2421,2015,2230,2167,2060,2260,2267,2205,2246,2098,2145,2157,2038,2146,2200,2415,2454,2462,2719,2338,2494,2338,2165,2182,2139,2173,1845,1907,1955,1581,1856,1741,1559,1438,1339,1521,1261,1246,1321,1000,1319,1219,1109,1009,979,965,872,820,825,545,652,466,415,344,306,469,296,297,364,170,262,177,145,115,96,112,69,63,54,31,50,21,25,28,8,14,11,6,4,6,5,2,2,1,3,130473
BOJONGLOA KALER,0,1300,1838,1935,1864,1979,2077,2195,2096,2181,2089,2176,2030,2085,2255,2247,2109,2240,1713,1952,1931,2044,2014,1987,1899,1939,1903,1929,1880,1796,1895,1934,2121,2264,2243,2465,2162,2184,2173,2027,1906,1963,1920,1777,1823,1871,1578,1648,1671,1554,1489,1310,1568,1268,1239,1304,1034,1299,1150,1061,969,955,946,888,797,753,549,649,511,439,332,337,481,335,319,389,204,277,232,170,151,159,149,114,95,71,46,66,25,23,24,17,13,10,6,8,6,8,0,0,0,3,121110
ANDIR,0,982,1363,1445,1464,1513,1566,1667,1598,1610,1587,1616,1622,1626,1730,1780,1676,1738,1424,1622,1545,1596,1708,1579,1598,1598,1450,1510,1463,1468,1485,1494,1609,1750,1749,1937,1869,1939,1797,1769,1730,1802,1717,1667,1583,1791,1525,1546,1644,1498,1396,1283,1384,1211,1122,1143,870,1045,1047,958,884,864,775,818,713,715,516,628,522,441,385,341,492,353,351,446,254,312,235,193,181,161,166,109,107,102,74,87,48,39,46,27,31,13,16,11,4,1,2,3,1,5,101976
CICENDO,0,951,1294,1365,1410,1410,1395,1492,1473,1418,1452,1420,1494,1577,1561,1608,1519,1637,1371,1431,1521,1461,1503,1505,1489,1500,1399,1382,1422,1398,1324,1391,1483,1588,1643,1784,1660,1637,1656,1564,1554,1543,1507,1429,1467,1506,1315,1395,1384,1314,1234,1231,1356,1089,1086,1066,913,1045,975,903,838,827,724,768,690,686,503,511,471,440,360,327,427,324,306,373,250,320,241,199,178,175,151,119,112,104,67,82,47,48,34,36,34,21,15,9,3,10,1,6,2,7,93746
SUKAJADI,0,1013,1462,1533,1461,1614,1597,1718,1599,1606,1680,1590,1499,1675,1689,1734,1728,1759,1416,1586,1503,1572,1536,1548,1512,1665,1560,1533,1512,1515,1538,1507,1700,1757,1745,1942,1686,1799,1672,1596,1563,1606,1536,1547,1491,1599,1376,1419,1400,1304,1239,1171,1347,1095,1066,1080,894,1062,1036,930,872,845,792,810,726,693,503,579,481,459,360,325,473,306,287,394,204,273,217,193,149,155,147,97,78,91,54,86,38,42,28,30,25,18,15,9,7,9,1,5,2,3,98999
CIDADAP,0,508,789,840,848,848,894,876,893,848,892,841,813,827,880,833,916,936,813,792,804,798,893,874,841,819,784,772,786,833,779,777,874,915,963,999,939,920,886,805,804,790,799,772,787,856,711,760,768,687,674,619,678,623,611,577,470,574,513,452,494,433,423,373,352,371,246,293,232,231,166,137,233,162,155,237,142,154,122,116,93,67,55,51,36,34,42,43,24,21,24,10,13,6,12,7,6,1,0,1,0,1,52092
BANDUNG WETAN,0,239,376,364,402,351,392,443,429,412,435,418,419,417,471,482,472,472,405,463,458,462,490,475,470,406,449,468,427,462,463,471,509,525,507,597,539,581,514,576,550,509,527,518,481,493,453,536,513,444,435,418,424,431,384,373,336,366,357,331,353,293,293,319,259,265,198,187,171,145,138,114,143,108,105,158,106,131,93,99,96,76,81,60,50,50,41,57,27,27,23,23,23,14,8,6,8,11,2,3,1,3,30958
ASTANA ANYAR,0,699,992,1008,1119,1096,1143,1168,1152,1144,1180,1167,1162,1137,1251,1215,1149,1290,1020,1123,1127,1146,1147,1138,1116,1145,1107,1150,1025,1054,1109,1117,1147,1286,1258,1446,1318,1320,1291,1153,1160,1161,1146,1159,1088,1133,983,1044,1047,990,942,870,991,917,820,812,716,834,769,710,774,677,624,641,592,557,459,520,469,397,343,344,353,263,294,309,221,261,200,177,166,151,129,100,82,91,66,78,29,52,25,20,13,22,9,9,2,4,9,1,0,4,73644
REGOL,0,738,1060,1186,1098,1141,1172,1254,1185,1218,1225,1267,1259,1265,1315,1366,1297,1411,1179,1259,1324,1307,1313,1245,1219,1298,1299,1137,1183,1200,1167,1244,1359,1344,1424,1549,1565,1510,1464,1490,1400,1355,1408,1342,1264,1310,1166,1251,1164,1121,1092,1010,1066,991,927,1002,791,903,797,803,744,673,671,692,652,632,483,581,450,392,413,351,394,287,317,328,226,257,242,184,173,155,146,90,97,84,55,76,46,30,30,26,23,14,9,10,2,8,4,4,2,4,81756
BATUNUNGGAL,0,979,1653,1742,1790,1748,1845,1935,1822,1834,1904,1879,1842,1983,2099,2090,1995,2019,1778,1924,1848,1955,2099,1988,1891,1873,1707,1776,1704,1694,1662,1734,1858,1978,1925,2206,1972,2039,1960,1950,1843,1900,1882,1897,1825,1978,1612,1821,1838,1706,1662,1467,1674,1393,1407,1351,1060,1247,1069,1107,988,955,917,882,800,791,528,677,515,409,388,345,514,374,364,464,254,398,308,210,197,189,160,119,97,102,48,86,46,34,44,22,19,9,14,2,8,8,1,3,0,1,116709
LENGKONG,0,637,918,933,948,941,1020,1030,1030,1024,1074,1086,1026,1137,1133,1194,1204,1224,1041,1043,1151,1174,1141,1094,1132,1087,974,1023,1066,1055,1093,1029,1079,1190,1142,1236,1142,1158,1242,1142,1062,1100,1199,1058,1081,1216,1090,1109,1203,1057,1042,998,1071,908,854,901,724,831,724,745,642,596,611,576,582,503,436,472,413,369,344,317,370,324,321,371,228,260,275,237,156,184,173,128,135,116,84,98,67,45,54,25,21,25,12,8,8,2,9,5,4,5,71577
CIBEUNYING KIDUL,0,1053,1643,1685,1680,1735,1769,1799,1810,1858,1726,1854,1803,1803,1866,1910,1831,1863,1585,1693,1717,1720,1838,1714,1615,1775,1649,1681,1753,1543,1594,1726,1724,1772,1836,2069,1929,1971,1910,1829,1731,1803,1680,1629,1640,1734,1560,1624,1589,1545,1443,1309,1452,1267,1190,1205,987,1210,1154,1126,1097,898,943,848,789,766,495,642,457,383,357,293,470,323,341,487,223,340,272,212,192,151,171,127,66,94,76,105,38,42,30,24,19,25,17,10,0,4,3,3,0,6,109048
BANDUNG KULON,0,1208,2009,2116,2102,2099,2244,2348,2350,2294,2345,2380,2368,2211,2506,2572,2362,2510,2187,2252,2153,2325,2312,2289,2174,2231,2058,2180,2169,2067,2054,2185,2319,2414,2357,2730,2348,2456,2384,2265,2088,2175,2171,2015,2004,2052,1723,1874,1832,1558,1528,1313,1565,1387,1275,1267,986,1297,1159,921,951,834,848,824,742,671,423,561,485,407,351,310,447,296,289,362,157,255,202,156,141,128,145,84,65,56,40,63,28,24,25,14,9,10,9,6,5,4,1,4,1,7,130563
KIARACONDONG,0,1300,1950,1895,1962,1885,2016,2060,2015,2079,2074,2030,1909,2117,2068,2247,2155,2163,1866,1992,2019,2058,2055,2073,1885,1881,1881,1849,1895,1837,1795,1872,1835,2006,2059,2308,2135,2108,2128,2040,1956,1973,1975,1927,1913,1908,1788,1784,1871,1730,1602,1550,1686,1514,1396,1352,1093,1293,1201,1166,1113,1014,941,933,902,841,569,657,507,468,377,391,457,335,322,431,215,324,247,225,144,133,137,81,59,58,36,68,31,25,32,15,14,9,8,7,0,3,0,1,0,2,122312
BOJONGLOA KIDUL,0,853,1337,1351,1386,1390,1388,1564,1502,1506,1441,1430,1374,1453,1546,1563,1419,1539,1206,1387,1256,1336,1337,1350,1334,1363,1275,1323,1285,1273,1308,1314,1440,1536,1624,1782,1540,1577,1558,1456,1425,1441,1363,1327,1237,1410,1085,1225,1142,1006,972,852,1012,924,796,857,679,765,729,670,656,603,580,570,511,475,320,431,340,303,239,213,314,217,195,274,142,188,166,114,70,89,102,65,36,63,32,49,17,28,15,17,8,11,2,2,2,2,2,1,2,4,83289
CIBEUNYING KALER,0,620,970,1006,1023,992,1108,1107,1078,1114,1088,1081,1081,1104,1155,1177,1166,1187,1050,1087,1057,1070,1058,1089,1075,1071,973,1078,1073,1011,1042,1003,1048,1148,1154,1266,1120,1266,1144,1131,1134,1059,1068,1022,1096,1047,932,1071,994,937,938,861,951,785,773,757,683,727,736,648,614,558,531,570,478,464,348,406,261,279,250,213,309,247,262,308,138,256,183,130,126,132,109,61,70,82,41,58,28,32,21,16,7,6,7,10,3,2,1,2,2,2,67913
SUMUR BANDUNG,0,347,493,452,480,526,544,477,529,558,570,511,568,597,571,682,699,618,551,598,575,541,585,572,531,553,544,540,575,516,540,532,597,581,619,576,560,584,588,589,531,545,570,548,531,550,527,538,546,524,454,452,551,442,439,443,312,380,341,349,327,349,315,274,261,259,191,202,215,166,132,127,171,113,117,152,88,101,108,79,99,79,59,40,49,33,30,38,16,21,18,14,11,16,3,6,6,2,2,2,2,3,35538
ANTAPANI,0,798,1207,1220,1155,1145,1185,1143,1191,1101,1149,1063,1053,1092,1133,1116,1142,1135,1081,1096,1147,1139,1255,1233,1229,1266,1312,1296,1328,1288,1281,1267,1294,1307,1401,1495,1381,1287,1259,1205,1125,1093,1127,968,993,979,864,953,948,846,887,816,887,893,919,1029,866,949,921,974,874,809,754,774,642,596,460,435,364,295,227,191,250,180,183,185,99,133,100,93,71,52,58,42,37,44,26,47,13,11,14,8,11,6,3,6,1,4,0,0,0,0,74010
BANDUNG KIDUL,0,576,905,904,911,949,923,930,991,953,965,946,984,1023,1032,1039,1046,971,872,908,951,991,910,1009,857,890,885,862,860,808,856,841,874,1003,974,1082,998,1055,1034,1019,970,956,965,839,877,913,854,828,840,750,756,690,785,694,630,626,464,594,521,467,427,436,420,394,367,323,263,311,233,180,206,166,229,135,159,197,98,132,91,86,68,70,64,47,35,21,20,38,17,14,14,4,11,7,7,4,4,3,1,1,0,0,56909
BUAHBATU,0,999,1451,1533,1581,1508,1547,1634,1641,1614,1581,1585,1517,1603,1700,1646,1580,1732,1452,1609,1566,1649,1621,1686,1590,1578,1523,1552,1626,1555,1602,1569,1666,1682,1597,1790,1676,1709,1726,1599,1461,1515,1535,1438,1406,1482,1270,1337,1416,1295,1227,1135,1322,1162,1150,1183,937,1087,962,887,860,823,775,766,645,667,457,556,428,339,317,285,379,239,228,292,158,245,160,132,115,101,99,50,53,51,34,52,22,26,13,12,11,9,9,2,1,2,1,0,0,0,96696
RANCASARI,0,853,1214,1263,1207,1331,1244,1342,1344,1298,1324,1245,1291,1273,1404,1321,1343,1468,1183,1255,1312,1235,1304,1354,1249,1269,1230,1288,1322,1176,1307,1283,1349,1379,1290,1576,1385,1398,1425,1321,1261,1262,1322,1167,1172,1234,1072,1162,1135,1041,973,886,988,915,833,906,658,821,730,716,702,629,652,655,624,600,413,513,394,299,265,264,332,210,234,298,136,200,141,130,86,94,96,51,50,57,31,43,28,19,20,11,17,7,7,2,3,3,0,2,0,2,79229
ARCAMANIK,0,778,1127,1141,1140,1135,1172,1228,1195,1184,1138,1195,1191,1222,1195,1267,1183,1209,1128,1140,1171,1202,1245,1201,1191,1064,1119,1173,1206,1093,1084,1124,1150,1316,1241,1339,1221,1236,1179,1126,1079,1088,1048,1051,1064,1080,929,1016,1010,937,946,820,981,849,797,826,652,754,694,634,648,588,589,539,494,498,295,385,278,234,229,193,228,171,149,219,103,154,115,109,97,70,61,59,44,57,21,43,16,23,15,8,9,6,2,1,1,3,1,1,2,5,70667
CIBIRU,0,820,1146,1118,1181,1158,1228,1276,1302,1220,1256,1257,1225,1345,1286,1359,1310,1335,1137,1161,1187,1269,1294,1249,1158,1198,1162,1132,1160,1078,1090,1023,1101,1119,1135,1314,1240,1227,1305,1210,1057,1106,1093,1041,1088,1215,968,1114,1105,940,822,809,903,798,777,759,555,704,610,541,535,458,461,444,398,412,230,296,220,179,154,139,204,148,136,215,93,121,93,81,60,45,68,34,25,42,20,33,12,19,11,8,11,3,1,3,3,2,2,1,0,5,70201
UJUNG BERUNG,0,883,1266,1340,1352,1312,1434,1421,1458,1489,1412,1444,1382,1463,1436,1536,1492,1447,1239,1288,1299,1372,1376,1323,1290,1280,1275,1239,1239,1147,1148,1149,1269,1319,1378,1491,1385,1469,1385,1279,1210,1266,1282,1199,1226,1338,1105,1227,1170,1095,1025,891,1018,839,832,875,646,786,737,654,622,582,553,532,511,481,321,399,290,242,230,159,310,195,182,243,125,181,120,104,84,80,100,53,38,45,26,50,21,18,24,12,10,3,5,5,3,6,2,2,1,3,79600
GEDEBAGE,0,396,595,611,632,635,586,717,664,712,721,687,662,665,683,713,701,694,562,631,619,610,617,627,578,541,557,595,553,562,529,578,588,557,604,701,624,715,730,675,652,678,648,634,611,656,540,585,557,461,540,429,458,438,403,387,295,408,311,329,275,244,254,272,217,200,149,160,134,102,94,78,129,92,100,93,47,69,45,47,22,25,36,30,24,19,17,20,10,15,9,9,8,4,2,2,2,0,1,0,0,1,37504
PANYILEUKAN,0,385,555,610,587,517,539,562,502,544,559,571,546,596,620,648,694,689,592,661,688,771,763,740,700,744,721,717,700,652,598,565,579,580,570,599,557,558,559,485,494,550,489,472,434,567,466,510,551,516,578,513,622,567,586,600,521,558,475,441,372,311,285,287,240,226,128,127,113,116,79,80,91,67,69,88,34,69,47,32,34,36,22,23,14,14,10,17,7,7,4,2,5,2,4,1,1,3,0,1,0,0,37401
CINAMBO,0,262,424,435,402,424,444,427,433,428,441,397,385,410,437,466,417,405,380,394,399,383,422,386,384,384,365,372,414,333,391,376,398,429,414,483,361,476,468,416,412,444,393,362,374,423,352,295,332,336,296,271,307,215,232,213,191,246,220,162,184,173,159,132,125,145,83,97,91,60,62,48,80,45,48,77,40,48,47,29,27,25,23,10,9,16,9,8,6,7,4,1,4,0,4,3,0,1,0,0,0,0,23871
MANDALAJATI,0,768,1135,1139,1115,1123,1234,1242,1166,1153,1185,1193,1117,1200,1224,1194,1111,1194,1029,1044,1031,1118,1148,1063,1078,1080,1075,1086,1091,1037,1029,1025,1090,1176,1117,1321,1278,1183,1258,1146,1021,977,1048,998,984,981,857,917,934,841,811,757,830,721,707,725,548,697,615,559,604,500,515,494,403,432,279,312,223,204,182,165,239,138,141,210,102,127,91,69,76,55,53,44,37,34,17,26,12,7,10,3,5,2,4,1,1,0,0,0,0,0,66341
