lokasi,nama_komoditas,2018-08-01,2018-08-02,2018-08-03,2018-08-04,2018-08-05,2018-08-06,2018-08-07,2018-08-08,2018-08-09,2018-08-10,2018-08-11,2018-08-12,2018-08-13,2018-08-14,2018-08-15,2018-08-16,2018-08-17,2018-08-18,2018-08-19,2018-08-20,2018-08-21,2018-08-22,2018-08-23,2018-08-24,2018-08-25,2018-08-26,2018-08-27,2018-08-28,2018-08-29,2018-08-30,2018-08-31
"Pasar Andir","Beras Medium",11000,11000,11000,0,0,11000,11000,0,11000,11000,0,0,11000,0,11000,0,0,0,0,11000,11000,0,0,11000,0,0,0,0,0,0,0
"Pasar Andir","Cabe Merah",45000,45000,45000,0,0,40000,40000,0,40000,40000,0,0,40000,0,40000,0,0,0,0,40000,40000,0,0,40000,0,0,0,0,0,0,0
"Pasar Andir","Bawang Merah",28000,28000,28000,0,0,28000,28000,0,28000,28000,0,0,28000,0,28000,0,0,0,0,28000,28000,0,0,28000,0,0,0,0,0,0,0
"Pasar Andir","Daging Ayam Ras",39000,39000,37000,0,0,37000,37000,0,35000,35000,0,0,36000,0,36000,0,0,0,0,36000,36000,0,0,36000,0,0,0,0,0,0,0
"Pasar Andir","Telur Ayam Ras",24000,24000,23000,0,0,23000,23000,0,23000,23000,0,0,23000,0,23000,0,0,0,0,23000,23000,0,0,23000,0,0,0,0,0,0,0
"Pasar Andir","Daging Sapi",115000,115000,115000,0,0,115000,115000,0,115000,115000,0,0,115000,0,115000,0,0,0,0,115000,115000,0,0,115000,0,0,0,0,0,0,0
"Pasar Andir","Minyak Goreng",14500,14500,14500,0,0,14500,14500,0,14500,14500,0,0,14500,0,14500,0,0,0,0,14500,14500,0,0,14500,0,0,0,0,0,0,0
"Pasar Andir","Gula Pasir",12500,12500,12500,0,0,12500,12500,0,12500,12500,0,0,12500,0,12500,0,0,0,0,12500,12500,0,0,12500,0,0,0,0,0,0,0
"Pasar Andir",Kentang,15000,15000,15000,0,0,15000,15000,0,15000,15000,0,0,15000,0,15000,0,0,0,0,15000,15000,0,0,15000,0,0,0,0,0,0,0
"Pasar Andir",Kedelai,11000,11000,11000,0,0,11000,11000,0,11000,11000,0,0,11000,0,11000,0,0,0,0,11000,11000,0,0,11000,0,0,0,0,0,0,0
"Pasar Andir","Tepung Terigu",7500,7500,7500,0,0,7500,7500,0,7500,7500,0,0,7500,0,7500,0,0,0,0,7500,7500,0,0,7500,0,0,0,0,0,0,0
"Pasar Andir","Bawang Putih",24000,24000,24000,0,0,24000,24000,0,24000,24000,0,0,24000,0,24000,0,0,0,0,24000,24000,0,0,24000,0,0,0,0,0,0,0
"Pasar Andir","Cabe Keriting",35000,35000,35000,0,0,30000,30000,0,30000,30000,0,0,30000,0,30000,0,0,0,0,28000,28000,0,0,28000,0,0,0,0,0,0,0
"Pasar Andir","Cabe Rawit",50000,50000,50000,0,0,50000,50000,0,50000,50000,0,0,50000,0,50000,0,0,0,0,45000,45000,0,0,45000,0,0,0,0,0,0,0
"Pasar Andir","Kacang Tanah",27000,27000,27000,0,0,27000,27000,0,27000,27000,0,0,27000,0,27000,0,0,0,0,27000,27000,0,0,27000,0,0,0,0,0,0,0
"Pasar Andir","Ubi Kayu",3000,3000,3000,0,0,3000,3000,0,3000,3000,0,0,3000,0,3000,0,0,0,0,3000,3000,0,0,3000,0,0,0,0,0,0,0
"Pasar Andir","Ubi Jalar",0,0,0,0,0,0,0,0,0,0,0,0,0,0,0,0,0,0,0,0,0,0,0,0,0,0,0,0,0,0,0
"Pasar Andir",Jagung,10000,10000,10000,0,0,10000,10000,0,10000,10000,0,0,10000,0,10000,0,0,0,0,10000,10000,0,0,10000,0,0,0,0,0,0,0
"Pasar Andir","Ikan Olahan",70000,70000,70000,0,0,70000,70000,0,70000,70000,0,0,70000,0,70000,0,0,0,0,70000,70000,0,0,70000,0,0,0,0,0,0,0
"Pasar Andir","Beras Premium",0,0,0,0,0,0,0,0,0,0,0,0,0,0,0,0,0,0,0,0,0,0,0,0,0,0,0,0,0,0,0
"Pasar Andir","Minyak Goreng Curah",11500,11500,11500,0,0,11500,11500,0,11500,11500,0,0,11500,0,11500,0,0,0,0,11500,11500,0,0,11500,0,0,0,0,0,0,0
"Pasar Andir","Daging Ayam Kampung",75000,75000,75000,0,0,75000,75000,0,75000,75000,0,0,75000,0,75000,0,0,0,0,75000,75000,0,0,75000,0,0,0,0,0,0,0
"Pasar Andir","Telur Ayam Kampung",45000,45000,45000,0,0,45000,45000,0,45000,45000,0,0,45000,0,45000,0,0,0,0,75000,75000,0,0,75000,0,0,0,0,0,0,0
"Pasar Andir","Susu Kental Manis Merk Bendera",9500,9500,9500,0,0,9500,9500,0,9500,9500,0,0,9500,0,9500,0,0,0,0,9500,9500,0,0,9500,0,0,0,0,0,0,0
"Pasar Andir","Susu Kental Manis Merk Indomilk",9000,9000,9000,0,0,9000,9000,0,9000,9000,0,0,9000,0,9000,0,0,0,0,9000,9000,0,0,9000,0,0,0,0,0,0,0
"Pasar Andir","Garam Beryodium Bata",2000,2000,2000,0,0,2000,2000,0,2000,2000,0,0,2000,0,2000,0,0,0,0,2000,2000,0,0,2000,0,0,0,0,0,0,0
"Pasar Andir","Garam Beryodium Halus",8000,8000,8000,0,0,8000,8000,0,8000,8000,0,0,8000,0,8000,0,0,0,0,8000,8000,0,0,8000,0,0,0,0,0,0,0
"Pasar Andir","Tepung Terigu Cakra Kembar",7500,7500,7500,0,0,7500,7500,0,7500,7500,0,0,7500,0,7500,0,0,0,0,7500,7500,0,0,7500,0,0,0,0,0,0,0
"Pasar Andir","Tepung Terigu Kunci",7000,7000,7000,0,0,7000,7000,0,7000,7000,0,0,7000,0,7000,0,0,0,0,7000,7000,0,0,7000,0,0,0,0,0,0,0
"Pasar Andir","Mie Instan",2000,2000,2000,0,0,2000,2000,0,2000,2000,0,0,2000,0,2000,0,0,0,0,2000,2000,0,0,2000,0,0,0,0,0,0,0
"Pasar Andir","Cabe Rawit Hijau",40000,40000,40000,0,0,40000,40000,0,40000,40000,0,0,40000,0,40000,0,0,0,0,40000,40000,0,0,40000,0,0,0,0,0,0,0
"Pasar Andir","Kacang Hijau",20000,20000,20000,0,0,20000,20000,0,20000,20000,0,0,20000,0,20000,0,0,0,0,20000,20000,0,0,20000,0,0,0,0,0,0,0
"Pasar Andir","Susu Bubuk Dancow",35000,35000,35000,0,0,35000,35000,0,35000,35000,0,0,35000,0,35000,0,0,0,0,35000,35000,0,0,35000,0,0,0,0,0,0,0
"Pasar Andir","Susu Bubuk Indomilk",32000,32000,32000,0,0,32000,32000,0,32000,32000,0,0,32000,0,32000,0,0,0,0,32000,32000,0,0,32000,0,0,0,0,0,0,0
"Pasar Andir","Ikan Kembung",35000,35000,35000,0,0,35000,35000,0,35000,35000,0,0,35000,0,35000,0,0,0,0,35000,35000,0,0,35000,0,0,0,0,0,0,0
