nama_kecamatan,iud_sisa_bulan_lalu,kondom_sisa_bulan_lalu,implant_sisa_bulan_lalu,suntikan_sisa_bulan_lalu,pil_sisa_bulan_lalu,iud_diterima_bulan_ini,kondom_diterima_bulan_ini,implant_diterima_bulan_ini,suntikan_diterima_bulan_ini,pil_keluar_bulan_ini,iud_keluar_bulan_ini,kondom_keluar_bulan_ini,implant_keluar_bulan_ini,suntikan_keluar_bulan_ini,pil_diterima_bulan_ini,iud_sisa_akhir_bulan_ini,kondom_sisa_akhir_bulan_ini,implant_sisa_akhir_bulan_ini,suntikan_sisa_akhir_bulan_ini,pil_sisa_akhir_bulan_ini
Sukasari,20,24.5,23,279,836,0,0,0,300,300,1,5.5,1,206,98,19,19,22,373,1038
Coblong,28,118,20,368,1823,0,0,0,400,400,1,11,1,200,432,27,107,19,568,1791
Babakan Ciparay,60,908,21,501,576,32,1,11,305,313,37,16,12,71,46,55,893,20,735,843
Bojongloa Kaler,20,66,34,2,927,8,0,0,620,200,8,2,0,179,338,20,64,34,443,789
Andir,98,0,28,154,558,10,2,0,50,0,15,2,1,93,7,93,0,27,111,551
Cicendo,43,181,8,286,535,0,12,0,220,249,7,156,0,70,64,36,37,8,436,720
Sukajadi,0,0,0,46,11,228,72,250,300,300,228,52,250,326,266,0,20,0,20,45
Cidadap,121,156,27,639,1400,0,0,0,0,0,20,46,5,56,63,101,110,22,583,1337
Bandung Wetan,28,91,36,627,1646,49,0,5,100,100,47,19,9,66,317,30,72,32,661,1429
Astana Anyar,30,84,7,768,1507,94,0,1,500,400,124,7,1,275,89,0,77,7,993,1818
Regol,51,118,16,833,1690,52,0,0,0,0,56,10,0,123,119,47,108,16,710,1571
Batununggal,24,52,5,555,1453,0,0,0,200,300,4,6,0,69,30,20,46,5,686,1723
Lengkong,31,86,50,398,1208,51,31,12,0,0,52,15,11,81,31,30,102,51,317,1177
Cibeunying Kidul,25,17,15,25,1081,0,0,0,200,200,7,3,1,103,34,18,14,14,122,1247
Bandung Kulon,41,56,6,257,1134,0,0,0,100,100,12,35,0,187,71,29,21,6,170,1163
Kiaracondong,0,25,9,324,891,0,0,0,200,200,0,1,0,109,39,0,24,9,415,1052
Bojongloa Kidul,0,27,9,234,251,50,4,10,100,105,42,5,11,7,16,8,26,8,327,340
Cibeunying Kaler,0,0,0,111,354,0,24,0,100,100,0,4,0,18,104,0,20,0,193,350
Sumur Bandung,0,21,16,414,1161,0,12,0,200,200,0,7,0,58,5,0,26,16,556,1356
Antapani,52,89,2,354,1483,0,0,0,300,300,0,10,0,104,86,52,79,2,550,1697
Bandung Kidul,90,22,48,337,929,3,3,0,0,0,3,4,1,48,111,90,21,47,289,818
Buahbatu,18,13,27,62,658,0,0,20,200,200,8,2,5,127,42,10,11,42,135,816
Rancasari,59,79,17,84,394,0,0,0,200,200,35,1,1,276,160,24,78,16,8,434
Arcamanik,154,0,12,122,840,0,0,0,400,200,6,0,0,261,65,148,0,12,261,975
Cibiru,70,46,30,293,854,0,0,0,360,500,2,8,1,246,428,68,38,29,407,926
Ujung Berung,0,2,6,116,196,0,0,4,0,0,0,0,2,34,23,0,2,8,82,173
Gedebage,14,19,22,269,557,0,0,0,200,200,1,0,0,62,56,13,19,22,407,701
Panyileukan,35,13,7,203,436,0,0,0,200,200,0,0,0,18,42,35,13,7,385,594
Cinambo,31,114,65,354,753,53,0,0,38,0,54,10,1,79,10,30,104,64,313,743
Mandalajati,127,82,0,468,971,0,12,0,100,100,9,2,0,68,26,118,92,0,500,1045