lokasi,nama_komoditas,2018-03-01,2018-03-02,2018-03-03,2018-03-04,2018-03-05,2018-03-06,2018-03-07,2018-03-08,2018-03-09,2018-03-10,2018-03-11,2018-03-12,2018-03-13,2018-03-14,2018-03-15,2018-03-16,2018-03-17,2018-03-18,2018-03-19,2018-03-20,2018-03-21,2018-03-22,2018-03-23,2018-03-24,2018-03-25,2018-03-26,2018-03-27,2018-03-28,2018-03-29,2018-03-30,2018-03-31
"Pasar Sederhana","Beras Medium",12500,12500,0,0,11000,11000,11000,11000,11000,0,0,11000,11000,11000,11000,11000,0,0,0,0,11000,0,11000,0,0,11000,0,11000,11000,0,0
"Pasar Sederhana","Cabe Merah",45000,45000,0,0,48000,48000,48000,48000,48000,0,0,48000,48000,48000,48000,48000,0,0,0,0,55000,0,55000,0,0,55000,0,55000,55000,0,0
"Pasar Sederhana","Bawang Merah",28000,28000,0,0,28000,28000,28000,28000,28000,0,0,30000,30000,30000,30000,30000,0,0,0,0,32000,0,32000,0,0,32000,0,32000,32000,0,0
"Pasar Sederhana","Daging Ayam Ras",33000,33000,0,0,34000,34000,34000,34000,34000,0,0,35000,35000,35000,35000,35000,0,0,0,0,35000,0,35000,0,0,36000,0,36000,36000,0,0
"Pasar Sederhana","Telur Ayam Ras",23000,23000,0,0,23000,23000,23000,23000,23000,0,0,22000,22000,22000,22000,22000,0,0,0,0,22000,0,22000,0,0,22000,0,22000,22000,0,0
"Pasar Sederhana","Daging Sapi",120000,120000,0,0,120000,120000,120000,120000,120000,0,0,120000,120000,120000,120000,120000,0,0,0,0,120000,0,120000,0,0,120000,0,120000,120000,0,0
"Pasar Sederhana","Minyak Goreng",14000,14000,0,0,14000,14000,14000,14000,14000,0,0,14000,14000,14000,14000,14000,0,0,0,0,14000,0,14000,0,0,14000,0,14000,14000,0,0
"Pasar Sederhana","Gula Pasir",12500,12500,0,0,12500,12500,12500,12500,12500,0,0,12500,12500,12500,12500,12500,0,0,0,0,12500,0,12500,0,0,12500,0,12500,12500,0,0
"Pasar Sederhana",Kentang,0,17000,0,0,0,17000,0,17000,0,0,0,17000,17000,0,17000,17000,0,0,0,0,16000,0,0,0,0,16000,0,0,16000,0,0
"Pasar Sederhana",Kedelai,12000,12000,0,0,12000,12000,12000,12000,12000,0,0,12000,12000,12000,12000,12000,0,0,0,0,12000,0,12000,0,0,12000,0,12000,12000,0,0
"Pasar Sederhana","Tepung Terigu",7500,7500,0,0,7500,7500,7500,7500,7500,0,0,7500,7500,7500,7500,7500,0,0,0,0,7500,0,7500,0,0,7500,0,7500,7500,0,0
"Pasar Sederhana","Bawang Putih",28000,28000,0,0,28000,28000,28000,28000,28000,0,0,30000,30000,30000,32000,32000,0,0,0,0,32000,0,30000,0,0,31000,0,30000,30000,0,0
"Pasar Sederhana","Cabe Keriting",40000,40000,0,0,48000,48000,48000,48000,48000,0,0,48000,48000,48000,48000,48000,0,0,0,0,48000,0,48000,0,0,48000,0,48000,48000,0,0
"Pasar Sederhana","Cabe Rawit",60000,60000,0,0,70000,70000,40000,40000,40000,0,0,70000,70000,70000,70000,70000,0,0,0,0,65000,0,65000,0,0,60000,0,60000,60000,0,0
"Pasar Sederhana","Kacang Tanah",27000,27000,0,0,27000,27000,27000,27000,27000,0,0,27000,27000,27000,27000,27000,0,0,0,0,27000,0,27000,0,0,27000,0,27000,27000,0,0
"Pasar Sederhana","Ubi Kayu",5000,5000,0,0,5000,5000,5000,5000,5000,0,0,5000,5000,5000,5000,5000,0,0,0,0,5000,0,5000,0,0,5000,0,5000,5000,0,0
"Pasar Sederhana","Ubi Jalar",0,0,0,0,0,0,0,0,0,0,0,0,0,0,0,0,0,0,0,0,0,0,0,0,0,0,0,0,0,0,0
"Pasar Sederhana",Jagung,10000,10000,0,0,10000,10000,10000,10000,10000,0,0,10000,10000,10000,10000,10000,0,0,0,0,10000,0,10000,0,0,10000,0,10000,10000,0,0
"Pasar Sederhana","Ikan Olahan",70000,70000,0,0,70000,70000,70000,70000,70000,0,0,70000,70000,70000,70000,70000,0,0,0,0,70000,0,70000,0,0,70000,0,70000,70000,0,0
"Pasar Sederhana","Beras Premium",0,0,0,0,0,0,0,0,0,0,0,0,0,0,0,0,0,0,0,0,0,0,0,0,0,0,0,0,0,0,0
"Pasar Sederhana","Minyak Goreng Curah",12000,12000,0,0,12000,12000,12000,12000,12000,0,0,12000,12000,12000,12000,12000,0,0,0,0,12000,0,12000,0,0,12000,0,12000,12000,0,0
"Pasar Sederhana","Daging Ayam Kampung",70000,70000,0,0,70000,70000,70000,70000,70000,0,0,70000,70000,70000,70000,70000,0,0,0,0,70000,0,70000,0,0,70000,0,70000,70000,0,0
"Pasar Sederhana","Telur Ayam Kampung",44000,44000,0,0,44000,44000,44000,44000,44000,0,0,44000,44000,44000,44000,44000,0,0,0,0,44000,0,44000,0,0,44000,0,44000,44000,0,0
"Pasar Sederhana","Susu Kental Manis Merk Bendera",10000,10000,0,0,10000,10000,10000,10000,10000,0,0,10000,10000,10000,10000,10000,0,0,0,0,10000,0,10000,0,0,10000,0,10000,10000,0,0
"Pasar Sederhana","Susu Kental Manis Merk Indomilk",10000,10000,0,0,10000,10000,10000,10000,10000,0,0,10000,10000,10000,10000,10000,0,0,0,0,10000,0,10000,0,0,10000,0,10000,10000,0,0
"Pasar Sederhana","Garam Beryodium Bata",3500,3500,0,0,3500,3500,3500,3500,3500,0,0,3500,3500,3500,3500,3500,0,0,0,0,3500,0,3500,0,0,3500,0,3500,3500,0,0
"Pasar Sederhana","Garam Beryodium Halus",12000,12000,0,0,12000,12000,12000,12000,12000,0,0,12000,0,12000,12000,12000,0,0,0,0,12000,0,12000,0,0,12000,0,12000,12000,0,0
"Pasar Sederhana","Tepung Terigu Cakra Kembar",8000,8000,0,0,8000,8000,8000,8000,8000,0,0,8000,8000,8000,8000,8000,0,0,0,0,8000,0,8000,0,0,8000,0,8000,8000,0,0
"Pasar Sederhana","Tepung Terigu Kunci",7000,7000,0,0,7000,7000,7000,7000,7000,0,0,7000,7000,7000,7000,7000,0,0,0,0,7000,0,7000,0,0,7000,0,7000,7000,0,0
"Pasar Sederhana","Mie Instan",2300,2300,0,0,2300,2300,2300,2300,2300,0,0,2300,2300,2300,2300,2300,0,0,0,0,2300,0,2300,0,0,2300,0,2300,2300,0,0
"Pasar Sederhana","Cabe Rawit Hijau",40000,40000,0,0,40000,40000,40000,40000,40000,0,0,35000,35000,35000,35000,35000,0,0,0,0,40000,0,40000,0,0,40000,0,40000,40000,0,0
"Pasar Sederhana","Kacang Hijau",21000,21000,0,0,21000,21000,21000,21000,21000,0,0,21000,21000,21000,21000,21000,0,0,0,0,21000,0,21000,0,0,21000,0,21000,21000,0,0
"Pasar Sederhana","Susu Bubuk Dancow",43700,43700,0,0,43700,43700,43700,43700,43700,0,0,43700,43700,43700,43700,43700,0,0,0,0,43700,0,43700,0,0,43700,0,43700,43700,0,0
"Pasar Sederhana","Susu Bubuk Indomilk",36100,36100,0,0,36100,36100,36100,36100,36100,0,0,36100,36100,36100,36100,36100,0,0,0,0,36100,0,36100,0,0,36100,0,36100,36100,0,0
"Pasar Sederhana","Ikan Kembung",38000,35000,0,0,36000,36000,36000,36000,36000,0,0,36000,36000,36000,36000,36000,0,0,0,0,36000,0,36000,0,0,36000,0,36000,36000,0,0
