lokasi,nama_komoditas,2016-07-01,2016-07-08,2016-07-15,2016-07-22,2016-07-29,2016-07-11,2016-07-12,2016-07-13,2016-07-14,2016-07-18,2016-07-19,2016-07-20,2016-07-21,2016-07-26,2016-07-27,2016-07-28,2016-07-31,,,,,
Pasar Andir,Beras Medium,10000,0,10000,10000,0,10000,10000,10000,10000,10000,10000,10000,10000,10000,10000,10000,10000,,,,,
Pasar Andir,Cabe Merah,0,0,55000,35000,0,55000,55000,55000,55000,35000,35000,35000,0,35000,35000,35000,35000,,,,,
Pasar Andir,Bawang Merah,38000,0,70000,45000,0,70000,0,70000,70000,45000,45000,45000,0,45000,45000,0,45000,,,,,
Pasar Andir,Daging Ayam Ras,35000,0,33000,32000,0,38000,38000,38000,0,32000,32000,32000,32000,32000,32000,32000,32000,,,,,
Pasar Andir,Telur Ayam Ras,2100,0,22000,20000,0,22000,22000,22000,22000,20000,20000,20000,20000,40000,21500,21500,21500,,,,,
Pasar Andir,Daging Sapi,0,0,120000,120000,0,120000,120000,120000,120000,120000,120000,120000,120000,120000,120000,120000,120000,,,,,
Pasar Andir,Minyak Goreng,14000,0,14000,14000,0,14000,14000,14000,14000,14000,14000,14000,0,14000,0,14000,14000,,,,,
Pasar Andir,Gula Pasir,16000,0,16000,16000,0,16000,16000,16000,16000,16000,16000,16000,16000,16000,16000,16000,16000,,,,,
Pasar Andir,Kentang,16000,0,23000,18000,0,23000,23000,23000,23000,18000,18000,18000,18000,18000,18000,18000,18000,,,,,
Pasar Andir,Kedelai,11000,0,11000,11000,0,11000,11000,11000,11000,11000,11000,11000,11000,11000,11000,11000,11000,,,,,
Pasar Andir,Tepung Terigu,7500,0,7500,7500,0,7500,7500,7500,7500,0,7500,7500,7500,0,7500,7500,7500,,,,,
Pasar Andir,Bawang Putih,38000,0,50000,35000,0,50000,50000,50000,0,35000,35000,35000,35000,35000,35000,35000,32000,,,,,
Pasar Andir,Cabe Keriting,30000,0,40000,30000,0,40000,0,40000,40000,0,30000,30000,30000,30000,30000,30000,30000,,,,,
Pasar Andir,Cabe Rawit,0,0,55000,45000,0,55000,55000,55000,55000,45000,45000,45000,45000,45000,50000,50000,50000,,,,,
Pasar Andir,Kacang Tanah,28000,0,28000,28000,0,28000,28000,28000,0,28000,28000,28000,28000,28000,28000,28000,28000,,,,,
Pasar Andir,Ubi Kayu,3000,0,3000,3000,0,3000,0,3000,3000,3000,3000,3000,3000,3000,3000,3000,3000,,,,,
Pasar Andir,Ubi Jalar,0,0,0,0,0,0,0,0,0,0,0,0,0,0,0,0,0,,,,,
Pasar Andir,Jagung,8000,0,8000,8000,0,8000,8000,8000,8000,8000,8000,8000,8000,8000,8000,8000,8000,,,,,
Pasar Andir,Ikan Olahan,60000,0,60000,60000,0,60000,60000,60000,60000,60000,60000,60000,60000,60000,60000,60000,60000,,,,,
Pasar Andir,Beras Premium,0,0,0,0,0,0,0,0,0,0,0,0,0,0,0,0,0,,,,,
Pasar Andir,Minyak Goreng Curah,11000,0,11000,11000,0,11000,11000,11000,11000,11000,11000,11000,11000,11000,11000,11000,14000,,,,,
Pasar Andir,Daging Ayam Kampung,60000,0,70000,70000,0,70000,70000,70000,70000,70000,70000,70000,70000,70000,70000,70000,70000,,,,,
Pasar Andir,Telur Ayam Kampung,40000,0,40000,40000,0,40000,40000,40000,40000,40000,40000,40000,40000,40000,40000,40000,40000,,,,,
Pasar Andir,Susu Kental Manis Merk Bendera,9500,0,9500,9500,0,9500,0,0,9500,9500,9500,9500,9500,9500,9500,9500,9500,,,,,
Pasar Andir,Susu Kental Manis Merk Indomilk,9000,0,9000,9000,0,9000,9000,9000,9000,0,9000,9000,9000,9000,9000,9000,9000,,,,,
Pasar Andir,Garam Beryodium Bata,1000,0,1000,1000,0,1000,1000,1000,1000,1000,1000,1000,1000,1000,1000,1000,1000,,,,,
Pasar Andir,Garam Beryodium Halus,0,0,5000,5000,0,0,5000,5000,5000,5000,5000,5000,5000,5000,5000,5000,5000,,,,,
Pasar Andir,Tepung Terigu Cakra Kembar,7500,0,7500,7500,0,7500,7500,7500,7500,7500,7500,7500,7500,7500,7500,7500,7500,,,,,
Pasar Andir,Tepung Terigu Kunci,7000,0,7000,7000,0,7000,7000,7000,7000,7000,7000,7000,7000,7000,70000,7000,7500,,,,,
Pasar Andir,Mie Instan,2000,0,2000,2000,0,2000,2000,2000,2000,2000,2000,2000,2000,2000,2000,2000,2000,,,,,
Pasar Andir,Cabe Rawit Hijau,25000,0,40000,25000,0,40000,40000,40000,40000,25000,25000,25000,25000,25000,28000,28000,28000,,,,,
Pasar Andir,Kacang Hijau,2100,0,0,21000,0,21000,2100,2100,0,2100,21000,21000,21000,21000,2100,21000,21000,,,,,
Pasar Andir,Susu Bubuk Dancow,35000,0,35000,35000,0,35000,35000,35000,35000,35000,35000,35000,35000,35000,35000,35000,34500,,,,,
Pasar Andir,Susu Bubuk Indomilk,32000,0,32000,0,0,32000,32000,32000,32000,0,0,0,0,32000,32000,32000,32000,,,,,
Pasar Andir,Ikan Kembung,32000,0,32000,32000,0,32000,32000,32000,32000,32000,32000,32000,32000,32000,32000,32000,32000,,,,,
