nama_kecamatan,jumlah_pus,jml_pus_kps_ksi,persentase_pus_kps_ks1,jml_pus_jkn_penerima_bantuan,persentase_pus_jkn_terima_bantuan,jml_pus_jkn_bukan_penerima_bantuan,persentase_pus_jkn_bukan_penerima_bantuan,jml_pus_jkn,persentase_pus_jkn
Sukasari,9046,3487,38.55,0,0,0,0,0,0
Coblong,17093,8123,47.52,113,0.66,174,1.02,287,1.68
Babakan Ciparay,21691,11167,51.48,8243,38,11476,52.91,19719,90.91
Bojongloa Kaler,17677,8058,45.58,8648,48.92,9029,51.08,17677,100
Andir,11990,341,2.84,0,0,0,0,0,0
Cicendo,14335,9352,65.24,0,0,0,0,0,0
Sukajadi,17169,14125,82.27,1961,11.42,0,0,1961,11.42
Cidadap,8602,2829,32.89,2829,32.89,5773,67.11,8602,100
Bandung Wetan,4884,3876,79.36,0,0,0,0,0,0
Astana Anyar,10018,3366,33.6,0,0,0,0,0,0
Regol,12725,3666,28.81,3666,28.81,9059,71.19,12725,100
Batununggal,18027,9305,51.62,0,0,0,0,0,0
Lengkong,7469,3166,42.39,389,5.21,7080,94.79,7469,100
Cibeunying Kidul,17731,8851,49.92,8921,50.31,7797,43.97,16718,94.29
Bandung Kulon,13330,9179,68.86,4859,36.45,4216,31.63,9075,68.08
Kiaracondong,19274,6254,32.45,0,0,0,0,0,0
Bojongloa Kidul,12673,4927,38.88,2102,16.59,8772,69.22,10874,85.8
Cibeunying Kaler,9834,2894,29.43,1818,18.49,3338,33.94,5156,52.43
Sumur Bandung,3483,872,25.04,0,0,0,0,0,0
Antapani,10795,1401,12.98,0,0,0,0,0,0
Bandung Kidul,8490,3571,42.06,3898,45.91,4592,54.09,8490,100
Buahbatu,12927,2584,19.99,0,0,0,0,0,0
Rancasari,10546,3306,31.35,1006,9.54,2300,21.81,3306,31.35
Arcamanik,8974,3267,36.41,0,0,0,0,0,0
Cibiru,11029,4966,45.03,2001,18.14,2590,23.48,4591,41.63
Ujung Berung,22958,16949,73.83,5473,23.84,6136,26.73,11609,50.57
Gedebage,8863,2922,32.97,530,5.98,2985,33.68,3515,39.66
Panyileukan,5873,1463,24.91,847,14.42,594,10.11,1441,24.54
Cinambo,4639,1498,32.29,777,16.75,1511,32.57,2288,49.32
Mandalajati,11563,4380,37.88,4380,37.88,6604,57.11,10984,94.99
