Kecamatan,Belum Kawin,Kawin,Cerai Hidup,Cerai Mati
Cinambo,5929,5322,167,141
Kiara Condong,25127,33392,1575,154
Rancasari,12561,18590,231,216
Bandung Wetan,4758,7205,428,217
Cidadap,8654,15628,779,235
Bojongloa Kaler,26823,26912,233,294
Panyileukan,9560,7347,155,309
Sukajadi,23889,23725,682,318
Buah Batu,17527,22481,843,368
Antapani,11933,20707,394,398
Arcamanik,11923,18157,225,451
Gedebage,5890,9371,142,476
Lengkong,12452,17689,249,527
Ujung Berung,12279,20100,522,538
Bandung Kulon,22605,33436,550,656
Bandung Kidul,9139,14916,394,684
Babakan Ciparay,25589,36432,603,808
Coblong,29701,27353,752,815
Cicendo,18987,22779,1923,821
Cibiru,12892,16051,138,915
Sukasari,12590,20096,612,982
Bojongloa Kidul,12784,21501,497,1027
Mandalajati,11066,15073,306,1066
Astana Anyar,10753,18251,244,1076
Sumur Bandung,7354,7577,91,1199
Cibeunying Kaler,16266,14118,1468,1263
Andir,15959,24267,1098,1293
Cibeunying Kidul,16072,27858,3202,1437
Batununggal,22323,30725,2238,1617
Regol,12723,20666,400,1869
