nama_kecamatan,jumlah_pengguna_IUD,persentase_pengguna_IUD,jumlah_pengguna_MOW,persentase_pengguna_MOW,jumlah_pengguna_MOP,persentase_pengguna_MOP,jumlah_pengguna_kondom,persentase_pengguna_kondom,jumlah_pengguna_implan,persentase_pengguna_implan,jumlah_pengguna_suntikan,persentase_pengguna_suntikan,jumlah_pengguna_pil,persentase_pengguna_pil,jumlah_peserta_kb_aktif
Sukasari,2053,33.12,189,3.05,21,0.34,116,1.87,72,1.16,2465,39.76,1283,20.7,6199
Coblong,4475,35.95,1213,9.75,23,0.18,670,5.38,285,2.29,4372,35.12,1409,11.32,12447
Babakan Ciparay,3491,20.22,249,1.44,33,0.19,103,0.6,254,1.47,10452,60.53,2686,15.55,17268
Bojongloa Kaler,5590,39.44,449,3.17,56,0.4,259,1.83,210,1.48,4685,33.05,2925,20.64,14174
Andir,2558,23.98,785,7.36,19,0.18,160,1.5,282,2.64,4389,41.15,2472,23.18,10665
Cicendo,2648,27.28,511,5.26,33,0.34,219,2.26,171,1.76,4151,42.76,1974,20.34,9707
Sukajadi,3187,26.29,1805,14.89,31,0.26,486,4.01,162,1.34,3966,32.71,2486,20.51,12123
Cidadap,1394,21.77,265,4.14,7,0.11,121,1.89,548,8.56,3119,48.71,949,14.82,6403
Bandung Wetan,1605,46.77,434,12.65,73,2.13,73,2.13,102,2.97,715,20.83,430,12.53,3432
Astana Anyar,2538,35.19,296,4.1,48,0.67,136,1.89,243,3.37,3030,42.01,921,12.77,7212
Regol,4539,51.21,386,4.36,47,0.53,279,3.15,152,1.71,2894,32.65,566,6.39,8863
Batununggal,3693,30.06,278,2.26,18,0.15,208,1.69,95,0.77,5999,48.83,1994,16.23,12285
Lengkong,2185,41.37,233,4.41,16,0.3,201,3.81,214,4.05,1854,35.11,578,10.94,5281
Cibeunying Kidul,4080,31.27,1144,8.77,53,0.41,283,2.17,300,2.3,5605,42.95,1584,12.14,13049
Bandung Kulon,5107,54.48,294,3.14,10,0.11,131,1.4,315,3.36,2193,23.39,1324,14.12,9374
Kiaracondong,4026,29.44,234,1.71,20,0.15,460,3.36,184,1.35,6258,45.77,2492,18.22,13674
Bojongloa Kidul,2246,24.02,125,1.34,32,0.34,88,0.94,234,2.5,5825,62.29,801,8.57,9351
Cibeunying Kaler,2496,36.5,296,4.33,27,0.39,111,1.62,57,0.83,2529,36.98,1323,19.34,6839
Sumur Bandung,872,34.47,101,3.99,2,0.08,153,6.05,92,3.64,901,35.61,409,16.17,2530
Antapani,2936,38.33,176,2.3,31,0.4,227,2.96,90,1.17,3238,42.27,962,12.56,7660
Bandung Kidul,1570,26.94,120,2.06,7,0.12,122,2.09,57,0.98,2834,48.64,1117,19.17,5827
Buahbatu,2877,30.9,134,1.44,26,0.28,160,1.72,151,1.62,4674,50.2,1288,13.83,9310
Rancasari,2292,36.17,142,2.24,11,0.17,239,3.77,44,0.69,2525,39.85,1083,17.09,6336
Arcamanik,2400,34.12,238,3.38,24,0.34,111,1.58,401,5.7,3055,43.43,806,11.46,7035
Cibiru,1717,22.13,163,2.1,33,0.43,137,1.77,199,2.57,3852,49.65,1657,21.36,7758
Ujung Berung,14079,67.36,148,0.71,58,0.28,486,2.33,409,1.96,4000,19.14,1722,8.24,20902
Gedebage,2214,37.89,572,9.79,102,1.75,151,2.58,119,2.04,1993,34.11,692,11.84,5843
Panyileukan,1592,37.92,134,3.19,3,0.07,199,4.74,91,2.17,1585,37.76,594,14.15,4198
Cinambo,923,28.17,68,2.08,9,0.27,61,1.86,47,1.43,1613,49.22,556,16.97,3277
Mandalajati,2039,23.49,287,3.31,10,0.12,207,2.38,164,1.89,4273,49.23,1700,19.59,8680
