lokasi,nama_komoditas,2016-05-06,2016-05-13,2016-05-20,2016-05-27,2016-05-02,2016-05-03,2016-05-04,2016-05-09,2016-05-10,2016-05-11,2016-05-12,2016-05-16,2016-05-17,2016-05-19,2016-05-23,2016-05-24,2016-05-25,2016-05-26,2016-05-30,2016-05-31,,
Pasar Kosambi,Beras Medium,0,10000,10000,10000,10000,10000,10000,10000,10000,10000,10000,10000,10000,10000,10000,10000,10000,10000,10000,10000,,
Pasar Kosambi,Cabe Merah,0,40000,27000,30000,30000,30000,30000,40000,40000,40000,40000,0,27000,27000,30000,30000,30000,30000,30000,30000,,
Pasar Kosambi,Bawang Merah,0,40000,40000,40000,40000,40000,40000,40000,40000,40000,40000,40000,40000,40000,40000,40000,40000,40000,40000,40000,,
Pasar Kosambi,Daging Ayam Ras,0,35000,33000,34000,30000,0,0,35000,35000,35000,35000,33000,33000,33000,34000,34000,34000,34000,34000,34000,,
Pasar Kosambi,Telur Ayam Ras,0,19000,19000,22500,20000,20000,20000,19000,19000,19000,19000,19000,19000,19000,21000,21000,21000,22500,22500,23000,,
Pasar Kosambi,Daging Sapi,0,120000,120000,120000,120000,120000,120000,120000,120000,120000,120000,120000,120000,120000,120000,120000,120000,120000,120000,120000,,
Pasar Kosambi,Minyak Goreng,0,14000,14000,14000,14000,14000,14000,14000,14000,14000,12835,14000,14000,14000,14000,14000,14000,14000,14000,14000,,
Pasar Kosambi,Gula Pasir,0,15000,15000,15000,13000,13000,13000,13000,13000,13000,13000,15000,15000,15000,15000,15000,15000,15000,15000,15000,,
Pasar Kosambi,Kentang,0,12000,14000,16000,12000,12000,12000,12000,12000,12000,12000,14000,14000,14000,16000,16000,16000,16000,16000,16000,,
Pasar Kosambi,Kedelai,0,11000,11000,11000,11000,11000,11000,11000,11000,11000,11000,11000,11000,11000,11000,11000,11000,11000,11000,11000,,
Pasar Kosambi,Tepung Terigu,0,7500,7500,0,7500,7500,7500,7500,7500,7500,7500,7500,7500,0,7500,7500,7500,7500,7500,7500,,
Pasar Kosambi,Bawang Putih,0,40000,40000,0,40000,0,40000,40000,40000,40000,40000,40000,40000,40000,40000,40000,40000,40000,40000,40000,,
Pasar Kosambi,Cabe Keriting,0,30000,25000,0,25000,20000,20000,30000,30000,30000,30000,25000,25000,25000,25000,0,25000,25000,25000,25000,,
Pasar Kosambi,Cabe Rawit,0,30000,27000,30000,25000,30000,30000,30000,30000,30000,30000,27000,27000,27000,0,30000,0,30000,30000,30000,,
Pasar Kosambi,Kacang Tanah,0,28000,28000,28000,27000,27000,27000,27000,27000,27000,27000,28000,28000,28000,28000,28000,28000,28000,28000,28000,,
Pasar Kosambi,Ubi Kayu,0,4000,4000,4000,4000,4000,4000,4000,4000,4000,4000,4000,4000,4000,4000,4000,4000,4000,4000,4000,,
Pasar Kosambi,Ubi Jalar,0,0,0,0,0,0,0,0,0,0,0,0,0,0,0,0,0,0,0,0,,
Pasar Kosambi,Jagung,0,10000,10000,10000,10000,10000,10000,10000,10000,10000,10000,10000,10000,10000,10000,10000,10000,10000,10000,10000,,
Pasar Kosambi,Ikan Olahan,0,70000,0,0,70000,70000,70000,70000,70000,70000,70000,70000,70000,70000,70000,70000,70000,70000,70000,70000,,
Pasar Kosambi,Beras Premium,0,0,0,0,0,0,0,0,0,0,0,0,0,0,0,0,0,0,0,0,,
Pasar Kosambi,Minyak Goreng Curah,0,12000,12000,12000,12000,12000,12000,12000,12000,12000,12000,12000,12000,12000,12000,12000,12000,12000,12000,12000,,
Pasar Kosambi,Daging Ayam Kampung,0,65000,65000,65000,60000,65000,65000,65000,65000,65000,65000,65000,65000,65000,65000,65000,65000,65000,65000,65000,,
Pasar Kosambi,Telur Ayam Kampung,0,40000,40000,40000,40000,40000,40000,40000,40000,40000,40000,40000,40000,40000,40000,40000,40000,40000,40000,40000,,
Pasar Kosambi,Susu Kental Manis Merk Bendera,0,10000,10000,10000,10000,10000,10000,10000,10000,10000,10000,10000,10000,10000,10000,10000,10000,10000,10000,10000,,
Pasar Kosambi,Susu Kental Manis Merk Indomilk,0,9500,9500,9500,9500,9500,9500,0,9500,9500,9500,9500,9500,9500,9500,9500,9500,9500,9500,9500,,
Pasar Kosambi,Garam Beryodium Bata,0,1500,1500,1500,1500,1500,1500,1500,1500,1500,1500,1500,1500,1500,1500,1500,1500,1500,1500,1500,,
Pasar Kosambi,Garam Beryodium Halus,0,6000,6000,6000,6000,6000,6000,6000,6000,6000,6000,6000,6000,6000,6000,6000,6000,6000,6000,6000,,
Pasar Kosambi,Tepung Terigu Cakra Kembar,0,7500,7500,7500,7500,7500,7500,7500,7500,7500,7500,7500,7500,7500,7500,7500,7500,7500,7500,7500,,
Pasar Kosambi,Tepung Terigu Kunci,0,0,7000,7000,7000,7000,7000,7000,7000,7000,7000,7000,7000,7000,7000,7000,7000,7000,7000,7000,,
Pasar Kosambi,Mie Instan,0,2100,2100,2100,2100,2100,2100,2100,2100,2100,2100,2100,2100,2100,2100,2100,2100,0,2100,2100,,
Pasar Kosambi,Cabe Rawit Hijau,0,20000,15000,15000,20000,0,20000,20000,20000,20000,20000,15000,0,15000,15000,15000,15000,15000,15000,15000,,
Pasar Kosambi,Kacang Hijau,0,22000,22000,22000,20000,20000,20000,20000,20000,20000,20000,22000,22000,22000,22000,22000,22000,22000,22000,22000,,
Pasar Kosambi,Susu Bubuk Dancow,0,34500,34500,34500,34500,34500,34500,34500,34500,34500,34500,34500,34500,34500,34500,34500,34500,34500,34500,34500,,
Pasar Kosambi,Susu Bubuk Indomilk,0,30000,30000,30000,30000,10000,10000,30000,30000,30000,30000,30000,30000,30000,30000,30000,30000,30000,30000,30000,,
Pasar Kosambi,Ikan Kembung,0,30000,30000,30000,30000,30000,30000,30000,30000,30000,30000,30000,30000,30000,30000,30000,30000,30000,30000,30000,,
