lokasi,nama_komoditas,2014-01-01,2014-01-02,2014-01-03,2014-01-04,2014-01-05,2014-01-06,2014-01-07,2014-01-08,2014-01-09,2014-01-10,2014-01-11,2014-01-12,2014-01-13,2014-01-14,2014-01-15,2014-01-16,2014-01-17,2014-01-18,2014-01-19,2014-01-20,2014-01-21,2014-01-22,2014-01-23,2014-01-24,2014-01-25,2014-01-26,2014-01-27,2014-01-28,2014-01-29,2014-01-30,2014-01-31
"Pasar Kiaracondong","Beras Medium",8500,8500,0,8500,8500,0,0,8500,8500,8500,8500,8500,0,0,8500,0,8500,8500,8500,0,0,8500,8500,8500,8500,8500,0,0,8500,8500,8500
"Pasar Kiaracondong","Cabe Merah",40000,40000,0,40000,40000,0,0,40000,40000,40000,40000,40000,0,0,40000,0,40000,40000,40000,0,0,40000,40000,40000,40000,35000,0,0,35000,35000,35000
"Pasar Kiaracondong","Bawang Merah",25000,25000,0,25000,25000,0,0,24000,24000,24000,24000,24000,0,0,22000,0,22000,22000,22000,0,0,22000,22000,22000,22000,24000,0,0,24000,24000,24000
"Pasar Kiaracondong","Daging Ayam Ras",28000,28000,0,28000,28000,0,0,28000,28000,28000,28000,28000,0,0,28000,0,32000,32000,32000,0,0,32000,32000,32000,32000,28000,0,0,28000,28000,28000
"Pasar Kiaracondong","Telur Ayam Ras",18000,18000,0,18000,18000,0,0,19000,19000,19000,19000,19000,0,0,19000,0,19000,19000,19000,0,0,19500,19500,19500,19500,20000,0,0,20000,20000,20000
"Pasar Kiaracondong","Daging Sapi",103000,103000,0,103000,103000,0,0,100000,100000,100000,100000,100000,0,0,100000,0,100000,100000,100000,0,0,96000,96000,96000,96000,100000,0,0,100000,100000,100000
"Pasar Kiaracondong","Minyak Goreng",12200,12200,0,12200,12200,0,0,12200,12200,12200,12200,12200,0,0,12200,0,12200,12200,12200,0,0,12200,12200,12200,12200,12200,0,0,12200,12200,12200
"Pasar Kiaracondong","Gula Pasir",11500,11500,0,11500,11500,0,0,11500,11500,11500,11500,11500,0,0,11500,0,11500,11500,11500,0,0,11500,11500,11500,11500,11500,0,0,11500,11500,11500
"Pasar Kiaracondong",Kentang,12000,12000,0,12000,12000,0,0,12000,12000,12000,12000,12000,0,0,12000,0,12000,12000,12000,0,0,10000,10000,10000,10000,10000,0,0,10000,10000,10000
"Pasar Kiaracondong",Kedelai,12000,12000,0,12000,12000,0,0,12000,12000,12000,12000,12000,0,0,12000,0,12000,12000,12000,0,0,12000,12000,12000,12000,12000,0,0,12000,12000,12000
"Pasar Kiaracondong","Tepung Terigu",8000,8000,0,8000,8000,0,0,7000,7000,7000,7000,7000,0,0,7000,0,7000,7000,7000,0,0,7000,7000,7000,7000,7000,0,0,7000,7000,7000
"Pasar Kiaracondong","Bawang Putih",16000,16000,0,16000,16000,0,0,16000,16000,16000,16000,16000,0,0,16000,0,16000,16000,16000,0,0,16000,16000,16000,16000,15000,0,0,15000,15000,15000
"Pasar Kiaracondong","Cabe Keriting",40000,40000,0,40000,40000,0,0,40000,40000,40000,40000,40000,0,0,40000,0,40000,40000,40000,0,0,40000,40000,40000,40000,35000,0,0,35000,35000,35000
"Pasar Kiaracondong","Cabe Rawit",40000,40000,0,40000,40000,0,0,40000,40000,40000,40000,40000,0,0,40000,0,40000,40000,40000,0,0,40000,40000,40000,40000,30000,0,0,30000,30000,30000
"Pasar Kiaracondong","Kacang Tanah",18000,18000,0,18000,18000,0,0,18000,18000,18000,18000,18000,0,0,18000,0,18000,18000,18000,0,0,18000,18000,18000,18000,18000,0,0,18000,18000,18000
"Pasar Kiaracondong","Ubi Kayu",3000,3000,0,3000,3000,0,0,3000,3000,3000,3000,3000,0,0,3000,0,3000,3000,3000,0,0,2500,2500,2500,2500,2500,0,0,2500,2500,2500
"Pasar Kiaracondong","Ubi Jalar",0,0,0,0,0,0,0,0,0,0,0,0,0,0,0,0,0,0,0,0,0,0,0,0,0,0,0,0,0,0,0
"Pasar Kiaracondong",Jagung,6000,6000,0,6000,6000,0,0,6000,6000,6000,6000,6000,0,0,6000,0,6000,6000,6000,0,0,6000,6000,6000,6000,6000,0,0,6000,6000,6000
"Pasar Kiaracondong","Ikan Olahan",50000,50000,0,50000,50000,0,0,50000,50000,50000,50000,50000,0,0,50000,0,50000,50000,50000,0,0,50000,50000,50000,50000,50000,0,0,50000,50000,50000
"Pasar Kiaracondong","Beras Premium",0,0,0,0,0,0,0,0,0,0,0,0,0,0,0,0,0,0,0,0,0,0,0,0,0,0,0,0,0,0,0
"Pasar Kiaracondong","Minyak Goreng Curah",12000,12000,0,12000,12000,0,0,12000,12000,12000,12000,12000,0,0,10250,0,10250,10250,10250,0,0,10250,10250,10250,10250,10250,0,0,10250,10250,10250
"Pasar Kiaracondong","Daging Ayam Kampung",0,0,0,0,0,0,0,0,0,0,0,0,0,0,0,0,0,0,0,0,0,0,0,0,0,0,0,0,0,0,0
"Pasar Kiaracondong","Telur Ayam Kampung",30000,30000,0,30000,30000,0,0,30000,30000,30000,30000,30000,0,0,30000,0,30000,30000,30000,0,0,30000,30000,30000,30000,30000,0,0,30000,30000,30000
"Pasar Kiaracondong","Susu Kental Manis Merk Bendera",9000,9000,0,9000,9000,0,0,9000,9000,9000,9000,9000,0,0,9000,0,9000,9000,9000,0,0,9000,9000,9000,9000,9000,0,0,9000,9000,9000
"Pasar Kiaracondong","Susu Kental Manis Merk Indomilk",0,0,0,0,0,0,0,0,0,0,0,0,0,0,0,0,0,0,0,0,0,0,0,0,0,0,0,0,0,0,0
"Pasar Kiaracondong","Garam Beryodium Bata",1000,1000,0,1000,1000,0,0,1000,1000,1000,1000,1000,0,0,1000,0,1000,1000,1000,0,0,1000,1000,1000,1000,1000,0,0,1000,1000,1000
"Pasar Kiaracondong","Garam Beryodium Halus",3300,3300,0,3300,3300,0,0,3300,3300,3300,3300,3300,0,0,3300,0,3300,3300,3300,0,0,3300,3300,3300,3300,3300,0,0,3300,3300,3300
"Pasar Kiaracondong","Tepung Terigu Cakra Kembar",8000,8000,0,8000,8000,0,0,7500,7500,7500,7500,7500,0,0,7500,0,7500,7500,7500,0,0,7500,7500,7500,7500,7500,0,0,7500,7500,7500
"Pasar Kiaracondong","Tepung Terigu Kunci",7500,7500,0,7500,7500,0,0,7000,7000,7000,7000,7000,0,0,7000,0,7000,7000,7000,0,0,7000,7000,7000,7000,7000,0,0,7000,7000,7000
"Pasar Kiaracondong","Mie Instan",0,0,0,0,0,0,0,0,0,0,0,0,0,0,0,0,0,0,0,0,0,0,0,0,0,0,0,0,0,0,0
"Pasar Kiaracondong","Cabe Rawit Hijau",25000,25000,0,25000,25000,0,0,30000,30000,30000,30000,30000,0,0,30000,0,30000,30000,30000,0,0,26000,26000,26000,26000,30000,0,0,30000,30000,30000
"Pasar Kiaracondong","Kacang Hijau",0,0,0,0,0,0,0,0,0,0,0,0,0,0,0,0,0,0,0,0,0,0,0,0,0,0,0,0,0,0,0
"Pasar Kiaracondong","Susu Bubuk Dancow",0,0,0,0,0,0,0,0,0,0,0,0,0,0,0,0,0,0,0,0,0,0,0,0,0,0,0,0,0,0,0
"Pasar Kiaracondong","Susu Bubuk Indomilk",0,0,0,0,0,0,0,0,0,0,0,0,0,0,0,0,0,0,0,0,0,0,0,0,0,0,0,0,0,0,0
"Pasar Kiaracondong","Ikan Kembung",0,0,0,0,0,0,0,0,0,0,0,0,0,0,0,0,0,0,0,0,0,0,0,0,0,0,0,0,0,0,0
