nama_kecamatan,iud_sisa_bulan_lalu,kondom_sisa_bulan_lalu,implant_sisa_bulan_lalu,suntikan_sisa_bulan_lalu,pil_sisa_bulan_lalu,iud_diterima_bulan_ini,kondom_diterima_bulan_ini,implant_diterima_bulan_ini,suntikan_diterima_bulan_ini,pil_diterima_bulan_ini,iud_diterima_bulan_ini,kondom_diterima_bulan_ini,implant_diterima_bulan_ini,suntikan_diterima_bulan_ini,pil_diterima_bulan_ini,iud_sisa_akhir_bulan_ini,kondom_sisa_akhir_bulan_ini,implant_sisa_akhir_bulan_ini,suntikan_sisa_akhir_bulan_ini,pil_sisa_akhir_bulan_ini
Sukasari,106,245,52,217,446,25,14,0,240,0,10,5,2,219,108,121,254,50,238,338
Coblong,69,154,12,209,497,25,0,20,60,0,22,37,2,148,14,72,117,30,121,483
Babakan Ciparay,96,149,20,119,348,0,0,0,0,0,6,87,0,26,89,90,62,20,93,259
Bojongloa Kaler,69,52,32,97,316,25,20,0,0,0,16,17,1,75,39,78,55,31,22,277
Andir,112,117,17,100,203,50,0,10,120,0,12,4,3,34,2,150,113,24,186,201
Cicendo,22,277,0,61,237,20,0,0,25,0,15,14,0,52,13,27,263,0,34,224
Sukajadi,63,57,19,16,112,150,48,0,432,300,148,50,0,437,315,65,55,19,11,97
Cidadap,150,149,28,160,484,0,0,0,0,0,5,6,0,40,13,145,143,28,120,471
Bandung Wetan,59,130,56,129,553,25,17,0,0,0,21,30,1,24,10,63,117,55,105,543
Astana Anyar,106,123,11,353,624,50,0,0,300,400,35,8,0,291,114,121,115,11,362,910
Regol,97,123,19,214,531,0,24,0,100,0,25,20,0,96,33,72,127,19,218,498
Batununggal,70,96,21,141,239,25,36,0,220,100,15,35,0,234,51,80,97,21,127,288
Lengkong,105,262,41,169,572,0,84,0,420,400,16,27,0,252,61,89,319,41,337,911
Cibeunying Kidul,13,25,8,53,277,25,12,10,80,100,15,18,1,57,35,23,19,17,76,342
Bandung Kulon,50,127,7,60,358,50,24,10,160,300,11,11,0,120,43,89,140,17,100,615
Kiaracondong,42,26,19,81,141,0,24,0,60,200,6,11,6,83,39,36,39,13,58,302
Bojongloa Kidul,16,25,0,103,68,0,0,0,0,0,5,4,0,7,10,11,21,0,96,58
Cibeunying Kaler,33,16,20,15,73,0,0,0,0,0,1,6,0,15,20,32,10,20,0,53
Sumur Bandung,35,40,60,14,433,0,0,0,100,0,8,9,0,29,17,27,31,60,85,416
Antapani,69,146,2,44,393,0,36,0,160,300,0,26,0,118,88,69,156,2,86,605
Bandung Kidul,109,165,34,76,521,25,149,0,243,100,4,83,0,214,57,130,231,34,105,564
Buahbatu,66,33,21,72,196,0,0,0,160,0,6,3,3,191,20,60,30,18,41,176
Rancasari,4,79,19,0,177,50,12,0,120,200,5,1,0,120,30,49,90,19,0,347
Arcamanik,140,54,0,57,87,0,0,0,40,0,3,0,0,69,1,137,54,0,28,86
Cibiru,121,223,61,195,333,4,0,20,349,203,6,11,4,394,204,119,212,77,150,332
Ujung Berung,25,29,0,20,87,75,0,30,60,0,52,0,11,20,28,48,29,19,60,59
Gedebage,48,47,8,120,298,25,0,0,0,0,9,1,1,35,62,64,46,7,85,236
Panyileukan,38,30,7,83,7,0,0,0,40,100,4,22,0,81,0,34,8,7,42,107
Cinambo,224,190,94,172,321,100,0,0,41,0,125,10,18,40,14,199,180,76,173,307
Mandalajati,144,216,8,33,398,0,12,0,140,100,4,83,0,61,41,140,145,8,112,457
