lokasi,nama_komoditas,2015-03-01,2015-03-02,2015-03-03,2015-03-04,2015-03-05,2015-03-06,2015-03-07,2015-03-08,2015-03-09,2015-03-10,2015-03-11,2015-03-12,2015-03-13,2015-03-14,2015-03-15,2015-03-16,2015-03-17,2015-03-18,2015-03-19,2015-03-20,2015-03-21,2015-03-22,2015-03-23,2015-03-24,2015-03-25,2015-03-26,2015-03-27,2015-03-28,2015-03-29,2015-03-30,2015-03-31
"Pasar Baru","Beras Medium",11000,11000,11000,11000,11000,0,0,0,11000,11000,11000,11000,11000,0,0,11000,11000,11000,0,11000,0,0,10500,10500,10500,10500,10500,0,0,10500,0
"Pasar Baru","Cabe Merah",30000,40000,40000,40000,40000,0,0,0,40000,50000,50000,50000,50000,0,0,50000,50000,50000,0,50000,0,0,50000,50000,50000,0,50000,0,0,40000,0
"Pasar Baru","Bawang Merah",21000,21000,21000,21000,21000,0,0,0,21000,24000,24000,24000,24000,0,0,28000,28000,28000,15000,15000,0,0,32000,32000,32000,32000,32000,0,0,35000,0
"Pasar Baru","Daging Ayam Ras",31000,30000,30000,30000,30000,0,0,0,30000,28000,28000,28000,28000,0,0,28000,28000,28000,0,28000,0,0,28000,28000,28000,28000,28000,0,0,28000,0
"Pasar Baru","Telur Ayam Ras",20000,20000,20000,20000,20000,0,0,0,20000,28000,28000,18500,18500,0,0,18500,18500,18500,18500,18500,0,0,18000,18000,18000,18000,18000,0,0,17000,0
"Pasar Baru","Daging Sapi",100000,100000,100000,100000,100000,0,0,0,100000,100000,100000,100000,100000,0,0,100000,100000,100000,0,100000,0,0,100000,100000,100000,100000,100000,0,0,100000,0
"Pasar Baru","Minyak Goreng",14000,14000,14000,14000,14000,0,0,0,14000,14000,14000,14000,14000,0,0,14000,14000,0,0,14000,0,0,14000,14000,14000,14000,14000,0,0,14000,0
"Pasar Baru","Gula Pasir",11000,11000,11000,11000,11000,0,0,0,11000,11500,11500,11500,11500,0,0,11500,11500,11500,0,11500,0,0,11500,11500,11500,11500,11500,0,0,11500,0
"Pasar Baru",Kentang,12000,12000,12000,12000,12000,0,0,0,12000,12000,12000,12000,12000,0,0,12000,12000,12000,0,12000,0,0,12000,12000,12000,12000,12000,0,0,12000,0
"Pasar Baru",Kedelai,13000,13000,13000,13000,13000,0,0,0,13000,13000,13000,13000,13000,0,0,13000,13000,13000,0,13000,0,0,13000,13000,13000,13000,13000,0,0,13000,0
"Pasar Baru","Tepung Terigu",7000,7000,7000,7000,7000,0,0,0,7000,7000,7000,7000,7000,0,0,7000,7000,7000,0,7000,0,0,7000,7000,7000,7000,7000,0,0,7000,0
"Pasar Baru","Bawang Putih",15000,15000,15000,15000,15000,0,0,0,15000,15000,15000,15000,15000,0,0,15000,15000,15000,0,15000,0,0,15000,15000,15000,15000,15000,0,0,15000,0
"Pasar Baru","Cabe Keriting",30000,30000,30000,30000,30000,0,0,0,30000,30000,30000,30000,30000,0,0,30000,30000,30000,0,30000,0,0,24000,24000,24000,24000,24000,0,0,20000,0
"Pasar Baru","Cabe Rawit",30000,40000,40000,40000,40000,0,0,0,40000,50000,50000,50000,50000,0,0,50000,50000,50000,0,50000,0,0,50000,50000,0,50000,50000,0,0,40000,0
"Pasar Baru","Kacang Tanah",20000,20000,20000,18000,20000,0,0,0,20000,20000,20000,20000,20000,0,0,20000,20000,20000,0,20000,0,0,0,20000,20000,20000,20000,0,0,20000,0
"Pasar Baru","Ubi Kayu",3000,3000,3000,3000,3000,0,0,0,3000,3000,3000,3000,3000,0,0,3000,3000,3000,0,3000,0,0,3000,3000,3000,3000,3000,0,0,3000,0
"Pasar Baru","Ubi Jalar",0,0,0,0,0,0,0,0,0,0,0,0,0,0,0,0,0,0,0,0,0,0,0,0,0,0,0,0,0,0,0
"Pasar Baru",Jagung,7000,7000,7000,7000,7000,0,0,0,7000,7000,7000,7000,7000,0,0,7000,7000,7000,0,7000,0,0,7000,7000,7000,7000,7000,0,0,7000,0
"Pasar Baru","Ikan Olahan",50000,50000,50000,50000,50000,0,0,0,50000,50000,50000,50000,50000,0,0,50000,50000,50000,0,50000,0,0,50000,50000,50000,50000,50000,0,0,50000,0
"Pasar Baru","Beras Premium",0,0,0,0,0,0,0,0,0,0,0,0,0,0,0,0,0,0,0,0,0,0,0,0,0,0,0,0,0,0,0
"Pasar Baru","Minyak Goreng Curah",11500,11500,11500,11500,11500,0,0,0,11500,11500,11500,11500,11500,0,0,11500,11500,11500,0,11500,0,0,11500,11500,11500,11500,11500,0,0,11500,0
"Pasar Baru","Daging Ayam Kampung",0,55000,55000,55000,55000,0,0,0,55000,55000,55000,55000,55000,0,0,55000,55000,55000,55000,55000,0,0,55000,55000,55000,55000,55000,0,0,55000,0
"Pasar Baru","Telur Ayam Kampung",45000,45000,45000,45000,45000,0,0,0,45000,18500,18500,45000,45000,0,0,45000,45000,45000,45000,45000,0,0,45000,45000,45000,45000,45000,0,0,45000,0
"Pasar Baru","Susu Kental Manis Merk Bendera",11000,11000,11000,11000,11000,0,0,0,11000,11000,11000,11000,11000,0,0,11000,11000,11000,11000,11000,0,0,11000,11000,11000,11000,11000,0,0,11000,0
"Pasar Baru","Susu Kental Manis Merk Indomilk",0,9500,9500,9500,9500,0,0,0,9500,9500,9500,9500,9500,0,0,9500,9500,9500,0,9500,0,0,9500,9500,9500,9500,9500,0,0,9500,0
"Pasar Baru","Garam Beryodium Bata",1000,1000,1000,1000,1000,0,0,0,1000,1000,1000,1000,1000,0,0,1000,1000,1000,0,1000,0,0,1000,1000,1000,1000,1000,0,0,1000,0
"Pasar Baru","Garam Beryodium Halus",3500,3500,3500,3500,3500,0,0,0,3500,3500,3500,3500,3500,0,0,3500,3500,3500,0,3500,0,0,3500,3500,3500,3500,3500,0,0,3500,0
"Pasar Baru","Tepung Terigu Cakra Kembar",7200,7200,7200,7200,7200,0,0,0,7200,7200,7200,7200,7200,0,0,7200,7200,7200,0,7200,0,0,7200,7200,7200,7200,7200,0,0,7200,0
"Pasar Baru","Tepung Terigu Kunci",8200,8200,8200,8200,8200,0,0,0,8200,8200,8200,8200,8200,0,0,8200,8200,8200,0,8200,0,0,8200,8200,8200,8200,8200,0,0,8200,0
"Pasar Baru","Mie Instan",0,2000,2000,2000,2000,0,0,0,3000,2000,2000,2000,2000,0,0,2000,2000,2000,0,2000,0,0,2000,2000,2000,2000,2000,0,0,2000,0
"Pasar Baru","Cabe Rawit Hijau",0,30000,0,0,0,0,0,0,0,0,30000,0,0,0,0,0,0,0,0,0,0,0,25000,0,25000,25000,25000,0,0,23000,0
"Pasar Baru","Kacang Hijau",0,18000,18000,20000,18000,0,0,0,18000,18000,18000,18000,18000,0,0,18000,18000,18000,0,18000,0,0,18000,18000,18000,18000,18000,0,0,18000,0
"Pasar Baru","Susu Bubuk Dancow",0,36000,36000,36000,36000,0,0,0,36000,36000,36000,36000,36000,0,0,36000,36000,36000,0,36000,0,0,36000,36000,36000,36000,36000,0,0,36000,0
"Pasar Baru","Susu Bubuk Indomilk",0,33500,33500,33500,33500,0,0,0,33500,33500,33500,33500,33500,0,0,33500,33500,33500,0,33500,0,0,33500,33500,33500,33500,33500,0,0,33500,0
"Pasar Baru","Ikan Kembung",0,30000,30000,30000,30000,0,0,0,30000,30000,30000,30000,30000,0,0,30000,30000,30000,0,30000,0,0,30000,30000,30000,30000,30000,0,0,30000,0
