lokasi,nama_komoditas,2016-07-01,2016-07-08,2016-07-15,2016-07-22,2016-07-29,2016-07-11,2016-07-12,2016-07-13,2016-07-14,2016-07-18,2016-07-19,2016-07-20,2016-07-21,2016-07-26,2016-07-27,2016-07-28,2016-07-31,,,,,
Pasar Kosambi,Beras Medium,10000,0,10000,10000,0,10000,10000,10000,10000,10000,10000,10000,10000,10000,10000,10000,10000,,,,,
Pasar Kosambi,Cabe Merah,60000,0,60000,0,0,60000,60000,60000,60000,40000,40000,40000,40000,40000,40000,40000,40000,,,,,
Pasar Kosambi,Bawang Merah,40000,0,60000,50000,0,60000,60000,60000,0,50000,50000,50000,50000,45000,45000,0,45000,,,,,
Pasar Kosambi,Daging Ayam Ras,38000,0,35000,34000,0,44000,44000,44000,44000,34000,34000,34000,34000,34000,35000,35000,35000,,,,,
Pasar Kosambi,Telur Ayam Ras,0,0,22000,20000,0,22000,22000,22000,0,20000,20000,20000,20000,20000,21500,21500,21500,,,,,
Pasar Kosambi,Daging Sapi,120000,0,130000,130000,0,130000,130000,130000,130000,130000,130000,130000,130000,130000,130000,130000,130000,,,,,
Pasar Kosambi,Minyak Goreng,14000,0,14000,14000,0,14000,14000,14000,14000,14000,14000,14000,14000,14000,14000,14000,14000,,,,,
Pasar Kosambi,Gula Pasir,16000,0,16000,17000,0,16000,0,16000,16000,0,17000,17000,17000,17000,17000,17000,17000,,,,,
Pasar Kosambi,Kentang,18000,0,25000,20000,0,25000,25000,25000,25000,20000,20000,20000,20000,20000,20000,20000,20000,,,,,
Pasar Kosambi,Kedelai,11000,0,11000,11000,0,11000,11000,11000,11000,11000,11000,11000,0,11000,0,11000,11000,,,,,
Pasar Kosambi,Tepung Terigu,0,0,7500,7500,0,7500,7500,7500,0,7500,7500,7500,7500,7500,7500,7500,7500,,,,,
Pasar Kosambi,Bawang Putih,40000,0,0,40000,0,50000,50000,50000,5000,40000,40000,40000,40000,35000,35000,35000,35000,,,,,
Pasar Kosambi,Cabe Keriting,40000,0,50000,40000,0,50000,50000,50000,0,40000,40000,40000,40000,0,40000,40000,40000,,,,,
Pasar Kosambi,Cabe Rawit,40000,0,60000,50000,0,60000,60000,60000,60000,50000,50000,50000,50000,50000,60000,60000,60000,,,,,
Pasar Kosambi,Kacang Tanah,28000,0,30000,30000,0,30000,30000,30000,30000,30000,30000,30000,30000,30000,30000,30000,30000,,,,,
Pasar Kosambi,Ubi Kayu,4000,0,4000,4000,0,4000,4000,4000,4000,4000,4000,4000,4000,4000,4000,4000,4000,,,,,
Pasar Kosambi,Ubi Jalar,0,0,0,0,0,0,0,0,0,0,0,0,0,0,0,0,0,,,,,
Pasar Kosambi,Jagung,10000,0,10000,10000,0,10000,10000,10000,10000,0,0,0,10000,10000,10000,10000,10000,,,,,
Pasar Kosambi,Ikan Olahan,70000,0,70000,70000,0,70000,70000,70000,70000,70000,70000,70000,70000,70000,70000,70000,70000,,,,,
Pasar Kosambi,Beras Premium,0,0,0,0,0,0,0,0,0,0,0,0,0,0,0,0,0,,,,,
Pasar Kosambi,Minyak Goreng Curah,12000,0,12000,12000,0,12000,12000,12000,12000,12000,12000,12000,12000,12000,12000,12000,12000,,,,,
Pasar Kosambi,Daging Ayam Kampung,65000,0,75000,75000,0,75000,75000,75000,75000,75000,75000,75000,75000,75000,75000,75000,75000,,,,,
Pasar Kosambi,Telur Ayam Kampung,40000,0,40000,40000,0,40000,0,40000,40000,0,40000,40000,40000,40000,40000,40000,40000,,,,,
Pasar Kosambi,Susu Kental Manis Merk Bendera,10000,0,10000,10000,0,10000,10000,10000,10000,10000,10000,10000,10000,10000,10000,10000,10000,,,,,
Pasar Kosambi,Susu Kental Manis Merk Indomilk,9500,0,9500,9500,0,9500,9500,9500,9500,9500,9500,9500,9500,9500,9500,9500,9500,,,,,
Pasar Kosambi,Garam Beryodium Bata,1500,0,1500,1500,0,1500,1500,1500,1500,1500,1500,1500,0,1500,1500,1500,1500,,,,,
Pasar Kosambi,Garam Beryodium Halus,6000,0,6000,6000,0,6000,6000,6000,6000,6000,6000,6000,6000,6000,6000,6000,6000,,,,,
Pasar Kosambi,Tepung Terigu Cakra Kembar,7500,0,7500,7500,0,7500,0,7500,7500,0,7500,7500,7500,7500,7500,7500,7500,,,,,
Pasar Kosambi,Tepung Terigu Kunci,0,0,7000,7000,0,7000,7000,7000,7000,7000,7000,7000,7000,7000,7000,7000,7500,,,,,
Pasar Kosambi,Mie Instan,2100,0,2100,2100,0,2100,2100,2100,2100,2100,2100,2100,2100,2100,2100,2100,2100,,,,,
Pasar Kosambi,Cabe Rawit Hijau,30000,0,40000,30000,0,40000,40000,40000,40000,30000,30000,30000,30000,25000,40000,40000,40000,,,,,
Pasar Kosambi,Kacang Hijau,22000,0,22000,22000,0,22000,0,0,22000,22000,22000,22000,22000,22000,22000,22000,22000,,,,,
Pasar Kosambi,Susu Bubuk Dancow,34500,0,34500,34500,0,34500,34500,34500,34500,34500,34500,34500,34500,34500,34500,34500,34500,,,,,
Pasar Kosambi,Susu Bubuk Indomilk,0,0,30000,30000,0,30000,30000,30000,30000,30000,30000,30000,30000,30000,30000,30000,30000,,,,,
Pasar Kosambi,Ikan Kembung,35000,0,35000,35000,0,0,35000,35000,35000,35000,35000,35000,35000,35000,35000,35000,35000,,,,,
