NAMA_KEC,0Thn_L,1Thn_L,2Thn_L,3Thn_L,4Thn_L,5Thn_L,6Thn_L,7Thn_L,8Thn_L,9Thn_L,10Thn_L,11Thn_L,12Thn_L,13Thn_L,14Thn_L,15Thn_L,16Thn_L,17Thn_L,18Thn_L,19Thn_L,20Thn_L,21Thn_L,22Thn_L,23Thn_L,24Thn_L,25Thn_L,26Thn_L,27Thn_L,28Thn_L,29Thn_L,30Thn_L,31Thn_L,32Thn_L,33Thn_L,34Thn_L,35Thn_L,36Thn_L,37Thn_L,38Thn_L,39Thn_L,40Thn_L,41Thn_L,42Thn_L,43Thn_L,44Thn_L,45Thn_L,46Thn_L,47Thn_L,48Thn_L,49Thn_L,50Thn_L,51Thn_L,52Thn_L,53Thn_L,54Thn_L,55Thn_L,56Thn_L,57Thn_L,58Thn_L,59Thn_L,60Thn_L,61Thn_L,62Thn_L,63Thn_L,64Thn_L,65Thn_L,66Thn_L,67Thn_L,68Thn_L,69Thn_L,70Thn_L,71Thn_L,72Thn_L,73Thn_L,74Thn_L,75Thn_L,76Thn_L,77Thn_L,78Thn_L,79Thn_L,80Thn_L,81Thn_L,82Thn_L,83Thn_L,84Thn_L,85Thn_L,86Thn_L,87Thn_L,88Thn_L,89Thn_L,90Thn_L,91Thn_L,92Thn_L,93Thn_L,94Thn_L,95Thn_L,96Thn_L,97Thn_L,98Thn_L,99Thn_L,100Thn_L,>100Thn_L,JML_DUK
SUKASARI,0,403,528,564,552,596,562,613,601,617,617,585,563,607,632,635,538,564,490,566,580,538,553,568,521,587,501,557,560,543,548,519,549,574,623,662,619,658,604,621,582,628,598,542,598,606,528,568,577,547,519,473,485,431,389,378,339,405,373,337,293,280,280,291,248,271,188,221,182,165,170,135,168,135,154,178,104,130,107,88,82,56,55,31,34,31,17,20,13,14,18,9,10,5,4,4,2,1,1,1,0,1,36418
COBLONG,0,586,885,875,923,957,912,980,910,889,908,895,866,882,970,947,880,911,812,869,854,901,1004,866,850,862,895,896,858,843,893,915,891,980,980,1149,1116,1071,938,926,924,914,901,821,802,898,837,829,838,779,715,660,687,630,597,617,490,541,527,495,493,441,426,410,387,421,225,307,241,216,180,160,212,183,179,237,108,191,162,114,106,85,77,69,54,51,41,43,25,14,17,10,17,16,8,6,1,3,2,1,1,5,55992
BABAKAN CIPARAY,0,702,1112,1166,1168,1141,1163,1296,1190,1156,1202,1149,1191,1245,1141,1316,1149,1258,1019,1154,1123,1001,1152,1176,1094,1144,1065,1084,1111,1022,1095,1124,1240,1272,1265,1434,1211,1303,1189,1116,1138,1082,1096,914,978,1018,832,965,881,784,762,666,734,587,622,692,474,651,615,537,497,479,498,455,414,429,302,347,237,201,167,154,226,156,156,186,80,139,92,68,69,42,57,27,31,23,12,19,9,13,14,5,3,4,2,4,2,2,1,1,1,1,66792
BOJONGLOA KALER,0,667,969,999,960,988,1136,1111,1105,1142,1094,1148,1053,1057,1148,1180,1100,1139,903,1032,999,1031,1034,1037,955,954,905,961,959,946,964,981,1114,1171,1186,1293,1096,1122,1116,1069,1028,1045,989,940,932,921,794,859,839,784,759,649,804,630,617,631,493,641,555,545,473,492,466,446,423,348,296,349,241,224,154,145,226,156,136,189,93,141,104,83,75,59,62,44,41,38,22,29,15,8,13,5,6,4,2,2,2,4,0,0,0,1,61896
ANDIR,0,486,709,703,771,781,797,863,811,841,811,837,846,843,924,932,883,907,711,836,775,811,850,874,824,837,727,739,724,752,720,697,830,864,892,1044,914,1039,904,891,878,893,851,840,800,940,794,779,794,762,733,642,679,612,556,571,430,528,492,483,433,424,392,400,350,351,253,309,250,218,164,155,218,153,160,205,123,157,110,89,87,74,65,47,51,43,35,42,25,14,18,14,13,6,5,4,1,1,0,0,0,0,51516
CICENDO,0,503,659,715,748,725,725,769,801,732,733,733,741,851,802,885,794,841,709,716,791,738,726,777,763,762,721,680,715,732,668,706,734,825,818,925,825,840,837,753,817,756,767,721,745,758,672,677,694,661,598,622,680,539,539,528,465,516,492,411,417,398,369,404,361,324,249,259,232,200,139,153,195,150,132,186,122,135,113,88,79,81,69,50,44,50,30,29,15,27,13,10,15,5,6,5,0,5,0,0,2,4,47341
SUKAJADI,0,530,785,833,775,816,838,862,832,805,842,815,779,842,850,849,894,924,704,820,752,803,767,800,734,817,794,739,727,756,790,756,862,924,892,1044,861,969,863,843,779,802,754,747,766,835,685,720,684,671,634,564,627,557,526,532,445,517,513,476,431,413,413,398,343,320,245,284,232,228,156,155,220,141,125,189,103,138,100,91,71,69,57,37,25,36,28,26,13,18,12,10,8,9,6,2,3,4,1,1,2,2,49887
CIDADAP,0,265,391,441,441,452,485,452,430,443,464,446,434,420,444,428,472,485,419,419,438,420,452,457,427,408,394,377,402,418,399,378,453,496,491,526,474,463,444,408,398,406,407,397,401,431,354,388,391,355,323,314,354,318,299,272,233,278,253,221,243,233,221,192,197,179,136,141,100,115,81,67,110,78,74,116,75,88,61,54,50,36,24,24,18,12,14,26,7,11,6,3,7,1,7,4,1,0,0,1,0,1,26563
BANDUNG WETAN,0,136,191,200,224,182,211,221,217,206,223,216,209,213,236,257,235,249,199,242,247,230,244,233,226,229,222,226,223,243,239,219,253,263,256,314,311,298,266,290,300,254,272,244,248,258,222,251,236,208,237,208,235,214,182,200,155,190,164,167,164,140,139,173,133,128,99,85,85,57,56,55,67,51,47,66,35,61,50,42,44,29,35,21,21,17,19,22,16,6,6,6,5,12,2,2,0,3,1,1,0,1,15546
ASTANA ANYAR,0,375,518,564,537,557,555,590,555,573,644,590,581,569,643,607,606,664,527,593,570,573,595,584,532,574,560,600,548,525,550,536,572,678,652,761,678,656,667,621,552,576,593,574,550,574,485,560,544,504,453,411,498,441,405,401,348,410,357,345,387,327,306,310,289,272,229,244,236,189,167,159,160,127,146,148,101,106,97,70,63,61,48,46,35,40,27,33,14,25,13,4,6,7,3,4,0,2,3,0,0,1,36966
REGOL,0,376,553,609,552,585,595,653,636,625,623,644,680,646,678,686,663,733,631,667,669,664,653,641,596,664,661,586,586,602,572,609,730,639,715,797,799,776,735,740,698,704,727,670,637,668,594,611,582,596,530,516,521,486,451,490,384,460,378,420,342,309,321,342,312,306,230,288,214,164,183,167,175,134,154,139,99,124,114,86,85,67,60,37,44,45,31,33,19,10,11,12,7,3,4,5,0,3,1,2,0,0,41074
BATUNUNGGAL,0,521,851,858,944,915,949,1016,934,928,935,987,920,1029,1074,1096,998,1054,875,932,971,1029,1054,972,1002,964,843,890,849,889,853,912,977,1007,969,1098,1009,1070,1017,992,887,918,909,906,919,972,788,923,953,869,820,727,857,714,682,631,539,631,540,553,493,472,453,444,379,390,259,321,257,214,170,160,218,155,139,219,122,189,155,94,84,91,73,40,47,43,16,34,18,14,22,13,5,2,6,2,5,3,1,2,0,1,58746
LENGKONG,0,330,464,478,462,486,532,533,546,522,568,576,518,589,572,602,621,643,559,533,604,616,568,586,587,545,499,497,567,529,553,562,566,607,564,599,598,577,616,587,510,536,570,530,538,580,541,557,584,521,536,500,537,452,429,449,367,410,332,363,330,286,290,263,272,222,207,247,184,155,143,126,148,125,143,185,90,116,121,113,73,72,67,50,54,53,31,34,24,18,21,14,8,6,4,3,3,1,3,4,2,3,35717
CIBEUNYING KIDUL,0,565,851,896,853,903,895,930,917,947,905,953,944,932,920,948,933,952,807,858,880,862,936,888,786,864,836,831,930,748,829,874,902,929,927,1036,984,1014,974,955,874,944,850,820,813,863,817,828,773,753,714,666,681,619,599,567,449,599,548,547,514,463,493,436,402,392,256,324,230,188,152,133,197,139,168,222,102,156,141,103,89,60,68,52,25,46,26,41,17,14,16,12,10,13,7,3,0,2,1,0,0,4,54935
BANDUNG KULON,0,615,1064,1081,1086,1086,1152,1215,1233,1155,1200,1203,1201,1141,1222,1322,1181,1280,1113,1140,1104,1215,1201,1195,1085,1103,1062,1105,1100,1044,1099,1143,1179,1186,1171,1424,1212,1273,1190,1147,1045,1094,1086,1009,1033,1022,886,924,917,782,767,646,780,671,644,634,518,640,588,459,485,430,423,441,397,359,220,284,241,204,176,144,200,154,149,178,98,117,97,72,72,56,57,33,24,24,17,31,13,16,13,5,4,3,3,3,4,2,0,0,0,2,66324
KIARACONDONG,0,676,985,977,1018,970,1062,1044,1025,1065,1049,1031,965,1114,1064,1165,1138,1128,919,1039,980,1000,1000,1044,939,924,960,942,982,947,908,950,913,1028,1038,1146,1100,1045,1056,1021,954,1003,988,948,987,939,910,881,902,836,740,776,855,760,691,667,522,627,555,565,550,539,468,482,457,425,259,315,258,225,182,206,200,164,172,200,115,159,122,117,69,62,68,32,22,29,13,33,15,11,15,4,9,4,4,4,0,1,0,0,0,1,61474
BOJONGLOA KIDUL,0,455,679,703,720,700,733,819,817,776,723,739,708,723,787,819,724,789,611,666,639,693,660,690,646,664,639,684,687,633,629,682,731,770,820,930,819,831,800,766,733,767,691,699,664,728,576,625,595,488,471,425,541,432,394,448,349,382,357,316,312,314,303,291,263,242,157,226,169,148,108,91,165,104,89,140,78,98,76,53,35,33,52,26,15,29,10,21,8,12,3,6,3,6,0,0,2,1,1,0,0,1,42476
CIBEUNYING KALER,0,322,499,531,496,501,544,584,524,594,541,563,553,566,600,626,585,596,545,562,529,546,540,548,542,523,497,508,540,478,565,492,540,595,593,669,547,652,616,556,582,540,542,512,554,519,443,540,486,464,460,409,469,368,369,391,337,362,353,325,309,280,258,276,237,237,162,200,128,124,105,98,143,117,128,140,60,128,94,60,59,64,42,28,35,33,17,33,14,19,9,5,3,2,3,6,1,0,0,0,0,1,34091
SUMUR BANDUNG,0,178,254,228,257,274,284,232,276,289,306,280,290,319,295,342,373,305,284,305,303,287,301,319,265,295,279,300,308,248,299,267,314,295,328,281,284,307,307,296,257,289,278,286,243,257,257,254,272,269,225,231,256,223,223,220,160,183,173,168,165,180,142,138,123,122,88,117,107,81,63,55,80,47,39,68,32,46,46,25,44,31,22,11,28,9,6,12,6,13,7,4,5,1,0,1,2,0,1,1,1,1,17948
ANTAPANI,0,399,638,638,604,582,622,606,582,529,603,564,525,534,599,572,571,594,550,554,594,605,586,656,605,620,658,686,636,662,661,644,671,666,693,794,706,639,603,614,584,557,576,466,478,497,412,459,453,425,414,376,399,393,398,430,339,411,419,490,443,416,437,447,344,346,262,249,196,172,139,115,127,96,97,93,59,69,54,52,34,22,17,19,14,15,10,21,9,5,9,2,4,2,1,1,0,1,0,0,0,0,37240
BANDUNG KIDUL,0,277,469,470,459,501,487,455,548,513,479,491,496,537,547,557,509,508,450,465,509,500,455,519,438,476,437,426,424,367,393,417,430,498,494,540,530,510,522,512,497,505,491,406,416,470,410,419,402,372,376,354,393,352,311,315,225,304,250,234,207,233,211,185,174,154,132,169,100,99,90,80,102,68,77,101,34,63,38,37,28,35,31,23,15,7,7,16,11,8,8,3,5,1,5,0,1,1,1,1,0,0,28678
BUAHBATU,0,506,751,822,857,767,798,855,857,832,836,822,759,835,886,851,820,908,746,855,818,837,847,859,786,802,732,771,829,781,797,811,833,820,811,906,815,856,867,807,719,733,757,733,702,742,613,630,701,637,596,549,631,584,552,569,450,536,455,462,405,429,383,399,361,341,249,298,226,171,156,159,175,116,117,135,76,134,92,58,56,47,41,20,26,23,16,24,6,12,6,4,3,5,2,2,0,1,0,0,0,0,48873
RANCASARI,0,418,621,665,612,695,653,711,716,686,683,606,644,665,744,657,685,745,615,652,698,623,675,671,605,641,586,628,649,604,638,630,669,725,637,791,684,703,698,645,635,611,638,590,569,641,562,592,556,517,491,442,473,417,419,430,328,389,341,336,339,310,296,305,332,313,211,259,194,146,141,149,159,119,139,149,78,115,78,62,38,43,42,22,18,23,18,15,14,4,11,4,9,1,2,0,2,2,0,1,0,1,39814
ARCAMANIK,0,417,555,578,572,574,604,618,588,599,594,644,599,648,632,664,596,610,596,567,611,639,648,608,603,537,565,570,579,532,538,543,570,655,659,674,610,612,628,555,553,570,511,506,534,535,483,487,485,459,461,411,481,428,395,402,332,371,350,316,320,299,289,275,275,286,168,213,152,125,117,95,115,83,72,102,54,71,52,58,60,34,29,21,21,27,9,19,8,10,9,3,5,4,2,1,0,0,0,1,1,1,35747
CIBIRU,0,418,627,542,635,616,647,664,677,626,632,663,642,680,671,701,668,697,588,580,602,650,638,634,568,581,609,591,578,564,569,518,553,583,592,654,631,620,647,634,536,516,569,519,512,610,483,575,552,471,407,418,457,387,394,386,290,367,317,289,293,251,230,246,211,222,111,159,115,93,78,69,105,81,69,117,53,64,50,44,27,23,33,17,17,19,15,16,7,9,6,3,5,1,1,0,1,2,0,1,0,3,35912
UJUNG BERUNG,0,456,618,702,671,680,754,701,769,758,737,741,702,787,728,853,742,743,628,666,666,698,707,673,648,609,646,624,646,578,583,591,637,680,675,749,701,713,680,635,584,669,651,588,594,696,581,584,604,563,526,439,519,405,426,411,301,376,389,312,277,308,284,274,252,240,174,196,153,125,110,69,135,91,84,126,63,91,61,49,43,33,45,17,15,17,10,19,7,8,14,6,5,3,2,2,2,4,2,1,0,1,40211
GEDEBAGE,0,212,324,320,323,330,304,368,331,374,399,352,379,331,363,352,332,391,273,349,318,302,296,340,285,280,284,301,280,280,266,280,308,270,286,331,293,340,379,325,304,320,315,330,304,323,285,285,294,237,271,225,220,214,207,208,159,197,135,155,132,132,129,144,121,98,80,87,74,57,46,42,60,48,50,46,23,37,24,16,11,7,11,8,12,8,9,5,5,9,4,5,4,3,1,2,0,0,1,0,0,0,18990
PANYILEUKAN,0,200,281,294,321,257,277,291,253,267,298,309,286,319,302,326,360,367,297,343,360,399,381,378,338,378,382,355,336,336,314,300,312,303,281,293,288,298,274,223,229,259,242,226,207,271,205,252,241,237,272,224,300,251,276,290,274,294,275,249,191,175,169,175,137,143,73,78,65,65,41,38,38,33,29,45,26,35,21,20,18,17,11,12,3,8,5,5,2,3,2,1,1,2,2,1,0,1,0,0,0,0,18942
CINAMBO,0,135,208,217,211,207,223,229,220,203,234,201,201,210,236,257,229,189,191,202,197,205,218,189,194,186,192,186,220,171,197,202,200,221,215,233,157,244,214,200,216,218,188,189,191,218,186,151,157,176,157,138,160,107,109,100,91,131,105,83,101,82,92,63,74,82,39,51,39,34,31,25,31,26,29,41,20,27,21,13,9,15,10,6,2,9,3,5,2,2,3,1,1,0,1,2,0,0,0,0,0,0,12107
MANDALAJATI,0,399,590,590,584,546,609,636,628,572,630,625,573,611,634,603,576,599,518,515,526,577,590,558,531,558,504,530,538,530,540,521,540,615,563,672,683,571,635,611,524,492,508,484,494,494,446,493,496,409,379,379,404,341,347,353,266,316,304,275,285,251,277,271,209,239,130,171,116,108,89,83,101,69,65,122,50,61,49,36,40,25,23,22,15,20,7,14,9,2,6,1,0,0,2,1,0,0,0,0,0,0,33604
