nama_kecamatan,sd_ganjil,smp_ganjil,sd_genap,smp_genap,sma_ganjil,smk_ganjil,sma_genap,smk_genap
Andir,555,400,555,400,390,141,390,141
Antapani,314,152,314,152,95,13,95,13
Arcamanik,516,183,516,183,62,54,62,54
Astanaanyar,454,88,454,88,28,138,28,138
Babakan Ciparay,503,190,503,190,59,0,59,0
Bandung Kidul,205,88,205,88,22,10,22,10
Bandung Kulon,589,112,589,112,58,62,58,62
Bandung Wetan,399,361,399,361,236,96,236,96
Batununggal,438,236,438,236,0,149,0,149
Bojongloa Kaler,266,219,266,219,147,57,147,57
Bojongloa Kidul,371,166,371,166,84,111,84,111
Buahbatu,364,169,364,169,90,573,90,573
Cibeunying Kaler,287,162,287,162,156,278,156,278
Cibeunying Kidul,530,226,530,226,197,187,197,187
Cibiru,381,109,381,109,160,78,160,78
Cicendo,596,417,596,417,447,339,447,339
Cidadap,247,102,247,102,35,28,35,28
Cinambo,91,13,91,13,0,27,0,27
Coblong,628,324,628,324,500,65,500,65
Gedebage,144,14,144,14,63,211,63,211
Kiaracondong,602,208,602,208,234,266,234,266
Lengkong,495,340,495,340,441,607,441,607
Mandalajati,325,81,325,81,31,5,31,5
Panyileukan,198,112,198,112,16,38,16,38
Rancasari,269,146,269,146,75,0,75,0
Regol,567,390,567,390,199,74,199,74
Sukajadi,524,101,524,101,204,38,204,38
Sukasari,470,421,470,421,84,112,84,112
Sumur Bandung,400,239,400,239,237,220,237,220
Ujungberung,351,234,351,234,158,28,158,28
