nama_kecamatan,jumlah_pengguna_IUD,persentase_pengguna_IUD,jumlah_pengguna_MOW,persentase_pengguna_MOW,jumlah_pengguna_MOP,persentase_pengguna_MOP,jumlah_pengguna_kondom,persentase_pengguna_kondom,jumlah_pengguna_implan,persentase_pengguna_implan,jumlah_pengguna_suntikan,persentase_pengguna_suntikan,jumlah_pengguna_pil,persentase_pengguna_pil,jumlah_peserta_kb_aktif
Sukasari,2214,32.43,194,2.84,14,0.21,129,1.89,121,1.77,2779,40.71,1376,20.16,6827
Coblong,4624,36.16,1217,9.52,23,0.18,680,5.32,308,2.41,4529,35.42,1406,11,12787
Babakan Ciparay,3696,19.82,254,1.36,33,0.18,104,0.56,300,1.61,11529,61.83,2729,14.64,18645
Bojongloa Kaler,5722,40.6,453,3.21,63,0.45,254,1.8,210,1.49,4450,31.58,2941,20.87,14093
Andir,3173,25.28,1009,8.04,21,0.17,277,2.21,234,1.86,5381,42.87,2457,19.57,12552
Cicendo,2819,27.33,539,5.23,5,0.05,237,2.3,215,2.08,4443,43.08,2056,19.93,10314
Sukajadi,3504,27.05,1834,14.16,19,0.15,589,4.55,394,3.04,4058,31.32,2558,19.74,12956
Cidadap,1339,20.96,241,3.77,6,0.09,72,1.13,517,8.09,3226,50.49,988,15.46,6389
Bandung Wetan,1792,45.22,460,11.61,73,1.84,88,2.22,128,3.23,847,21.37,575,14.51,3963
Astana Anyar,2654,35.45,272,3.63,26,0.35,68,0.91,229,3.06,3308,44.18,930,12.42,7487
Regol,4747,50.14,391,4.13,48,0.51,325,3.43,185,1.95,3129,33.05,643,6.79,9468
Batununggal,4007,30.05,278,2.08,19,0.14,233,1.75,128,0.96,6639,49.78,2032,15.24,13336
Lengkong,2281,42.05,222,4.09,3,0.06,202,3.72,203,3.74,1936,35.69,577,10.64,5424
Cibeunying Kidul,4489,32.42,1144,8.26,6,0.04,300,2.17,331,2.39,6007,43.38,1571,11.34,13848
Bandung Kulon,6114,42.7,328,2.29,10,0.07,493,3.44,655,4.57,3644,25.45,3073,21.46,14317
Kiaracondong,4487,29.88,253,1.68,17,0.11,370,2.46,233,1.55,7227,48.13,2428,16.17,15015
Bojongloa Kidul,2478,24.67,153,1.52,12,0.12,92,0.92,245,2.44,6243,62.14,823,8.19,10046
Cibeunying Kaler,2681,37.97,356,5.04,27,0.38,134,1.9,101,1.43,2447,34.66,1314,18.61,7060
Sumur Bandung,926,37.29,106,4.27,5,0.2,147,5.92,94,3.79,841,33.87,364,14.66,2483
Antapani,3055,39.27,177,2.28,31,0.4,230,2.96,104,1.34,3273,42.07,910,11.7,7780
Bandung Kidul,1885,27.55,121,1.77,7,0.1,290,4.24,101,1.48,3130,45.75,1307,19.11,6841
Buahbatu,3203,31.39,167,1.64,21,0.21,189,1.85,192,1.88,5157,50.53,1276,12.5,10205
Rancasari,2680,37.43,149,2.08,11,0.15,251,3.51,70,0.98,2895,40.43,1104,15.42,7160
Arcamanik,2278,30.16,267,3.54,11,0.15,284,3.76,323,4.28,3114,41.23,1276,16.89,7553
Cibiru,1947,22.11,173,1.96,33,0.37,169,1.92,263,2.99,4388,49.82,1834,20.82,8807
Ujung Berung,10515,71.81,132,0.9,58,0.4,258,1.76,378,2.58,1659,11.33,1643,11.22,14643
Gedebage,2840,36.45,575,7.38,102,1.31,199,2.55,153,1.96,2612,33.53,1310,16.81,7791
Panyileukan,1821,38.47,157,3.32,2,0.04,229,4.84,138,2.92,1799,38.01,587,12.4,4733
Cinambo,1056,29.83,68,1.92,9,0.25,61,1.72,65,1.84,1726,48.76,555,15.68,3540
Mandalajati,2111,23.12,295,3.23,13,0.14,219,2.4,181,1.98,4546,49.79,1765,19.33,9130