lokasi,nama_komoditas,2018-02-01,2018-02-02,2018-02-03,2018-02-04,2018-02-05,2018-02-06,2018-02-07,2018-02-08,2018-02-09,2018-02-10,2018-02-11,2018-02-12,2018-02-13,2018-02-14,2018-02-15,2018-02-16,2018-02-17,2018-02-18,2018-02-19,2018-02-20,2018-02-21,2018-02-22,2018-02-23,2018-02-24,2018-02-25,2018-02-26,2018-02-27,2018-02-28
"Pasar Sederhana","Beras Medium",12000,12000,0,0,12000,12000,12000,12000,12000,0,0,12000,12000,12000,12000,0,0,0,12000,12000,0,12000,12000,0,0,12500,12500,12500
"Pasar Sederhana","Cabe Merah",48000,48000,0,0,50000,50000,50000,50000,50000,0,0,50000,50000,50000,50000,0,0,0,50000,50000,0,50000,50000,0,0,50000,45000,45000
"Pasar Sederhana","Bawang Merah",22000,22000,0,0,24000,24000,24000,24000,24000,0,0,28000,28000,28000,28000,0,0,0,28000,28000,0,28000,28000,0,0,28000,28000,28000
"Pasar Sederhana","Daging Ayam Ras",34000,34000,0,0,35000,35000,35000,35000,36000,0,0,35000,35000,35000,35000,0,0,0,35000,35000,0,35000,35000,0,0,33000,33000,33000
"Pasar Sederhana","Telur Ayam Ras",23000,23000,0,0,22000,22000,22000,22000,25000,0,0,25000,25000,25000,25000,0,0,0,23000,23000,0,23000,23000,0,0,23000,23000,23000
"Pasar Sederhana","Daging Sapi",120000,120000,0,0,120000,120000,120000,120000,120000,0,0,120000,120000,120000,120000,0,0,0,120000,120000,0,120000,120000,0,0,120000,120000,120000
"Pasar Sederhana","Minyak Goreng",14000,14000,0,0,14000,14000,14000,14000,14000,0,0,14000,14000,14000,14000,0,0,0,14000,14000,0,14000,14000,0,0,14000,14000,14000
"Pasar Sederhana","Gula Pasir",12500,12500,0,0,12500,12500,12500,12500,12500,0,0,12500,12500,12500,12500,0,0,0,12500,12500,0,12500,12500,0,0,12500,12500,12500
"Pasar Sederhana",Kentang,17000,0,0,0,0,17000,17000,0,0,0,0,17000,17000,0,17000,0,0,0,17000,0,0,17000,17000,0,0,17000,17000,0
"Pasar Sederhana",Kedelai,12000,12000,0,0,12000,12000,12000,12000,12000,0,0,12000,12000,12000,12000,0,0,0,12000,12000,0,12000,12000,0,0,12000,12000,12000
"Pasar Sederhana","Tepung Terigu",7500,7500,0,0,7500,7500,7500,7500,7500,0,0,7500,7500,7500,7500,0,0,0,7500,7500,0,7500,7500,0,0,7500,7500,7500
"Pasar Sederhana","Bawang Putih",22000,22000,0,0,22000,24000,24000,22000,22000,0,0,28000,26000,26000,29000,0,0,0,28000,28000,0,28000,28000,0,0,28000,28000,28000
"Pasar Sederhana","Cabe Keriting",48000,48000,0,0,48000,48000,48000,48000,48000,0,0,45000,45000,45000,50000,0,0,0,50000,50000,0,50000,50000,0,0,50000,40000,40000
"Pasar Sederhana","Cabe Rawit",48000,48000,0,0,45000,45000,45000,45000,45000,0,0,50000,50000,50000,50000,0,0,0,60000,60000,0,60000,60000,0,0,60000,60000,60000
"Pasar Sederhana","Kacang Tanah",27000,27000,0,0,27000,27000,27000,27000,27000,0,0,27000,27000,27000,27000,0,0,0,27000,27000,0,27000,27000,0,0,27000,27000,27000
"Pasar Sederhana","Ubi Kayu",5000,5000,0,0,5000,5000,5000,5000,5000,0,0,5000,5000,5000,5000,0,0,0,5000,5000,0,5000,5000,0,0,5000,5000,5000
"Pasar Sederhana","Ubi Jalar",0,0,0,0,0,0,0,0,0,0,0,0,0,0,0,0,0,0,0,0,0,0,0,0,0,0,0,0
"Pasar Sederhana",Jagung,10000,10000,0,0,10000,10000,10000,10000,10000,0,0,10000,10000,10000,10000,0,0,0,10000,10000,0,10000,10000,0,0,10000,10000,10000
"Pasar Sederhana","Ikan Olahan",70000,70000,0,0,70000,70000,70000,70000,70000,0,0,70000,70000,70000,70000,0,0,0,70000,70000,0,70000,70000,0,0,7000,70000,70000
"Pasar Sederhana","Beras Premium",0,0,0,0,0,0,0,0,0,0,0,0,0,0,0,0,0,0,0,0,0,0,0,0,0,0,0,0
"Pasar Sederhana","Minyak Goreng Curah",12000,12000,0,0,12000,12000,12000,12000,12000,0,0,12000,12000,12000,12000,0,0,0,12000,12000,0,12000,12000,0,0,12000,12000,12000
"Pasar Sederhana","Daging Ayam Kampung",70000,70000,0,0,70000,70000,70000,70000,70000,0,0,70000,70000,70000,70000,0,0,0,70000,70000,0,70000,70000,0,0,70000,70000,70000
"Pasar Sederhana","Telur Ayam Kampung",44000,44000,0,0,44000,44000,44000,44000,44000,0,0,44000,44000,44000,44000,0,0,0,44000,44000,0,44000,44000,0,0,44000,44000,44000
"Pasar Sederhana","Susu Kental Manis Merk Bendera",10000,10000,0,0,10000,10000,10000,10000,10000,0,0,10000,10000,10000,10000,0,0,0,10000,10000,0,10000,10000,0,0,10000,10000,10000
"Pasar Sederhana","Susu Kental Manis Merk Indomilk",10000,10000,0,0,10000,10000,10000,10000,10000,0,0,10000,10000,10000,10000,0,0,0,10000,10000,0,10000,10000,0,0,10000,10000,10000
"Pasar Sederhana","Garam Beryodium Bata",3500,3500,0,0,3500,3500,3500,3500,3500,0,0,3500,3500,3500,3500,0,0,0,3500,3500,0,3500,3500,0,0,3500,3500,3500
"Pasar Sederhana","Garam Beryodium Halus",12000,12000,0,0,12000,12000,12000,12000,12000,0,0,12000,0,12000,12000,0,0,0,12000,12000,0,12000,12000,0,0,12000,12000,12000
"Pasar Sederhana","Tepung Terigu Cakra Kembar",8000,8000,0,0,8000,8000,8000,8000,8000,0,0,8000,8000,8000,8000,0,0,0,8000,8000,0,8000,8000,0,0,8000,8000,8000
"Pasar Sederhana","Tepung Terigu Kunci",7000,7000,0,0,7000,7000,7000,7000,7000,0,0,7000,7000,7000,7000,0,0,0,7000,7000,0,7000,7000,0,0,7000,7000,7000
"Pasar Sederhana","Mie Instan",2300,2300,0,0,2300,2300,2300,2300,2300,0,0,2300,2300,2300,2300,0,0,0,2300,2300,0,2300,2300,0,0,2300,2300,2300
"Pasar Sederhana","Cabe Rawit Hijau",48000,48000,0,0,45000,45000,45000,45000,45000,0,0,50000,50000,50000,50000,0,0,0,50000,50000,0,50000,50000,0,0,50000,40000,40000
"Pasar Sederhana","Kacang Hijau",21000,21000,0,0,21000,21000,21000,21000,21000,0,0,21000,21000,21000,21000,0,0,0,21000,21000,0,21000,21000,0,0,21000,21000,21000
"Pasar Sederhana","Susu Bubuk Dancow",43700,43700,0,0,43700,43700,43700,43700,43700,0,0,43700,43700,43700,43700,0,0,0,43700,43700,0,43700,43700,0,0,43700,43700,43700
"Pasar Sederhana","Susu Bubuk Indomilk",36100,36100,0,0,36100,36100,36100,36100,36100,0,0,36100,36100,36100,36100,0,0,0,36100,36100,0,36100,36100,0,0,36100,36100,36100
"Pasar Sederhana","Ikan Kembung",38000,38000,0,0,38000,38000,38000,38000,38000,0,0,38000,38000,38000,38000,0,0,0,38000,38000,0,38000,38000,0,0,38000,38000,38000
