nama_kecamatan,jumlah_pengguna_IUD,persentase_pengguna_IUD,jumlah_pengguna_MOW,persentase_pengguna_MOW,jumlah_pengguna_MOP,persentase_pengguna_MOP,jumlah_pengguna_kondom,persentase_pengguna_kondom,jumlah_pengguna_implan,persentase_pengguna_implan,jumlah_pengguna_suntikan,persentase_pengguna_suntikan,jumlah_pengguna_pil,persentase_pengguna_pil,jumlah_peserta_kb_aktif
Andir,2872,24.74,952,8.2,21,0.18,240,2.07,312,2.69,4926,42.44,2285,19.68,11608
Antapani,3029,37.65,180,2.24,31,0.39,238,2.96,94,1.17,3488,43.36,985,12.24,8045
Arcamanik,2330,35,258,3.88,14,0.21,156,2.34,267,4.01,2686,40.35,946,14.21,6657
Astana Anyar,2619,35.36,274,3.7,42,0.57,89,1.2,224,3.02,3283,44.32,876,11.83,7407
Babakan Ciparay,3568,19.43,252,1.37,33,0.18,102,0.56,254,1.38,11435,62.27,2720,14.81,18364
Bandung Kidul,1829,28.14,123,1.89,7,0.11,208,3.2,79,1.22,3050,46.93,1203,18.51,6499
Bandung Kulon,5710,48.08,322,2.71,10,0.08,283,2.38,514,4.33,3071,25.86,1965,16.55,11875
Bandung Wetan,1754,46.57,458,12.16,73,1.94,88,2.34,127,3.37,796,21.14,470,12.48,3766
Batununggal,3925,30.07,278,2.13,19,0.15,212,1.62,117,0.9,6484,49.67,2020,15.47,13055
Bojongloa Kaler,5664,40.74,452,3.25,61,0.44,228,1.64,201,1.45,4396,31.62,2902,20.87,13904
Bojongloa Kidul,2429,24.47,150,1.51,12,0.12,90,0.91,245,2.47,6180,62.25,821,8.27,9927
Buahbatu,3071,32.28,161,1.69,17,0.18,176,1.85,178,1.87,4655,48.92,1257,13.21,9515
Cibeunying Kaler,2619,37.46,302,4.32,27,0.39,124,1.77,61,0.87,2546,36.41,1313,18.78,6992
Cibeunying Kidul,4405,32.13,1144,8.34,3,0.02,292,2.13,331,2.41,5961,43.48,1575,11.49,13711
Cibiru,1919,22.36,173,2.02,33,0.38,150,1.75,253,2.95,4260,49.64,1793,20.9,8581
Cicendo,2803,27.59,532,5.24,5,0.05,230,2.26,219,2.16,4344,42.75,2028,19.96,10161
Cidadap,1577,22.19,312,4.39,7,0.1,176,2.48,632,8.89,3404,47.9,999,14.06,7107
Cinambo,993,28.85,68,1.98,9,0.26,61,1.77,58,1.69,1698,49.33,555,16.12,3442
Coblong,4596,36.05,1217,9.55,23,0.18,680,5.33,303,2.38,4529,35.53,1400,10.98,12748
Gedebage,2725,37.32,575,7.88,102,1.4,197,2.7,144,1.97,2372,32.49,1186,16.24,7301
Kiaracondong,4338,29.5,250,1.7,17,0.12,448,3.05,212,1.44,6976,47.44,2465,16.76,14706
Lengkong,2246,41.91,220,4.11,3,0.06,205,3.83,202,3.77,1909,35.62,574,10.71,5359
Mandalajati,2091,23.37,301,3.36,13,0.15,199,2.22,181,2.02,4425,49.45,1739,19.43,8949
Panyileukan,1737,37.78,154,3.35,3,0.07,221,4.81,133,2.89,1749,38.04,601,13.07,4598
Rancasari,2582,37.1,149,2.14,11,0.16,254,3.65,55,0.79,2804,40.29,1104,15.86,6959
Regol,4696,50.36,391,4.19,48,0.51,313,3.36,177,1.9,3067,32.89,633,6.79,9325
Sukajadi,3467,27.56,1819,14.46,19,0.15,556,4.42,207,1.65,3998,31.78,2515,19.99,12581
Sukasari,2175,32.42,193,2.88,14,0.21,129,1.92,117,1.74,2720,40.54,1361,20.29,6709
Sumur Bandung,911,36.19,106,4.21,3,0.12,146,5.8,94,3.73,868,34.49,389,15.45,2517
Ujung Berung,10487,71.94,132,0.91,58,0.4,258,1.77,366,2.51,1633,11.2,1643,11.27,14577
