Nama Kecamatan,Nama Kelurahan,Usia 0-4 thn,Usia 5-9 thn,Usia 10-14 thn,Usia 15-19 thn,Usia 20-24 thn,Usia 25-29 thn,Usia 30-34 thn,Usia 35-39 thn,Usia 40-44 thn,Usia 45-49 thn,Usia 50-54 thn,Usia 55-59 thn,Usia 60-64 thn,Usia 65-69 thn,Usia 70-74 thn,Usia >75 thn,Jumlah 
SUKASARI,GEGERKALONG,1481,1711,1901,1648,1641,1589,1657,1918,1864,1753,1358,1142,888,607,483,696,22337
SUKASARI,SARIJADI,1884,2058,2007,1800,1964,1971,2094,2220,2114,1952,1605,1270,1015,806,640,645,26045
SUKASARI,ISOLA,908,1065,1092,956,954,949,1087,1084,1014,907,760,656,502,325,188,230,12677
SUKASARI,SUKARASA,830,1054,1038,951,969,978,1030,1045,1028,879,776,595,467,372,248,279,12539
COBLONG,LEBAKGEDE,726,825,777,719,772,778,866,936,857,797,620,525,451,295,220,325,10489
COBLONG,DAGO,2333,2669,2727,2487,2622,2544,2705,2784,2376,2279,1870,1596,1255,776,527,795,32345
COBLONG,CIPAGANTI,804,899,940,874,929,896,879,1027,977,844,713,566,484,292,212,270,11606
COBLONG,SEKELOA,2014,2187,2142,1918,1954,2137,2248,2367,2006,1863,1491,1197,979,621,536,596,26256
COBLONG,LEBAK SILIWANGI,256,320,297,287,299,309,291,337,283,291,237,216,169,107,74,118,3891
COBLONG,SADANGSERANG,1862,2135,2196,2027,2013,1927,2225,2260,2032,1977,1607,1149,1003,576,413,589,25991
BABAKAN CIPARAY,MARGAHAYU UTARA,1614,1899,1889,1660,1649,1643,1928,1978,1709,1396,1063,896,780,473,259,257,21093
BABAKAN CIPARAY,CIRANGRANG,812,929,899,890,873,931,984,942,834,659,543,506,395,226,138,112,10673
BABAKAN CIPARAY,BABAKAN,2335,2615,2681,2441,2491,2377,2685,2589,2175,1736,1456,1281,1013,538,332,341,29086
BABAKAN CIPARAY,BABAKAN CIPARAY,2371,2734,2835,2582,2603,2461,2842,2709,2408,1997,1553,1316,968,558,364,319,30620
BABAKAN CIPARAY,SUKAHAJI,2185,2624,2734,2491,2423,2228,2533,2534,2209,1930,1535,1344,994,611,438,436,29249
BABAKAN CIPARAY,MARGASUKA,865,995,1039,993,943,937,1034,1021,881,761,578,485,352,228,128,137,11377
BOJONGLOA KALER,SUKA ASIH,1407,1668,1688,1551,1533,1476,1586,1682,1440,1235,1030,867,683,396,282,252,18776
BOJONGLOA KALER,KOPO,2263,2656,2792,2262,2444,2337,2715,2629,2296,1925,1637,1291,981,567,405,448,29648
BOJONGLOA KALER,JAMIKA,1974,2346,2372,2208,2061,2035,2339,2395,2152,1882,1604,1323,1038,706,440,545,27420
BOJONGLOA KALER,BABAKAN TAROGONG,2177,2561,2471,2325,2314,2241,2505,2559,2167,1799,1549,1328,1046,570,363,379,28354
BOJONGLOA KALER,BABAKAN ASIH,1155,1433,1453,1327,1296,1229,1395,1404,1284,1151,942,788,603,363,258,268,16349
ANDIR,KEBON JERUK,697,820,952,890,892,849,973,1085,957,979,832,730,628,494,353,479,12610
ANDIR,CAMPAKA,1181,1476,1596,1454,1395,1330,1392,1533,1469,1323,1033,820,594,357,267,274,17494
ANDIR,GARUDA,668,795,887,795,833,760,806,918,861,838,625,534,413,302,233,263,10531
ANDIR,DUNGUS CARIANG,1269,1579,1608,1451,1496,1320,1481,1683,1588,1443,1143,909,708,498,318,419,18913
ANDIR,CIROYOM,1495,1753,1747,1525,1515,1498,1570,1701,1418,1278,1128,887,720,453,326,392,19406
ANDIR,MALEBER,1373,1607,1686,1531,1523,1410,1605,1777,1715,1510,1133,958,778,542,391,428,19967
CICENDO,PAMOYANAN,456,523,524,538,554,536,614,685,634,584,515,437,458,299,205,365,7927
CICENDO,SUKARAJA,1614,1837,1962,1868,1897,1767,1788,1883,1876,1655,1313,1071,741,489,360,329,22450
CICENDO,ARJUNA,814,899,992,1003,1027,1008,1079,1158,1065,991,966,756,661,436,309,547,13711
CICENDO,PAJAJARAN,1924,2174,2216,2051,1957,1799,2065,2281,1998,1697,1445,1154,870,529,344,405,24909
CICENDO,HUSEN SASTRANEGARA,1137,1323,1410,1387,1295,1184,1257,1357,1189,1177,1012,789,558,318,211,300,15904
CICENDO,PASIR KALIKI,545,608,602,604,632,652,706,744,701,686,593,512,436,314,240,374,8949
SUKAJADI,SUKAGALIH,1276,1473,1403,1374,1351,1464,1606,1512,1381,1193,884,797,673,500,305,347,17539
SUKAJADI,PASTEUR,1164,1367,1397,1493,1332,1337,1383,1439,1410,1320,1157,957,752,493,351,496,17848
SUKAJADI,SUKAWARNA,1023,1116,1132,1024,1101,1112,1200,1190,1072,895,785,689,513,343,279,268,13742
SUKAJADI,CIPEDES,2078,2498,2512,2385,2240,2255,2518,2486,2257,2009,1664,1375,1041,644,413,459,28834
SUKAJADI,SUKABUNGAH,1508,1735,1841,1751,1633,1584,1691,1835,1688,1480,1277,1071,861,553,341,468,21317
CIDADAP,HEGARMANAH,1376,1606,1558,1558,1559,1510,1672,1695,1559,1467,1251,1072,787,526,355,487,20038
CIDADAP,CIUMBULEUIT,1688,1876,1798,1854,1823,1690,1750,1819,1621,1464,1249,972,813,461,308,380,21566
CIDADAP,LEDENG,726,883,864,833,793,742,895,914,801,742,601,459,383,258,180,244,10318
BANDUNG WETAN,CITARUM,92,125,141,166,156,152,160,228,190,221,184,175,145,120,78,195,2528
BANDUNG WETAN,TAMANSARI,1457,1764,1833,1810,1797,1706,1907,1984,1859,1737,1489,1100,936,551,384,666,22980
BANDUNG WETAN,CIHAPIT,217,224,272,275,288,282,363,355,326,311,277,340,314,195,153,261,4453
ASTANA ANYAR,KARANGANYAR,342,439,421,467,422,469,499,548,505,479,453,396,426,341,222,325,6754
ASTANA ANYAR,PANJUNAN,481,679,669,638,563,594,645,643,550,505,438,407,313,195,141,211,7672
ASTANA ANYAR,CIBADAK,786,956,1026,947,931,1016,1028,1152,999,900,901,743,662,486,351,456,13340
ASTANA ANYAR,KARASAK,955,1048,1113,1024,1032,891,1098,1177,1156,973,779,634,584,443,269,295,13471
ASTANA ANYAR,PELINDUNG HEWAN,1518,1669,1786,1646,1633,1496,1726,1802,1538,1374,1158,969,689,463,322,338,20127
ASTANA ANYAR,NYENGSERET,837,1002,990,930,966,885,961,1064,957,839,710,622,488,304,208,297,12060
REGOL,CIATEUL,436,540,592,615,595,554,611,705,612,631,546,405,314,252,196,286,7890
REGOL,ANCOL,691,806,874,872,866,866,885,1007,891,859,717,630,510,385,288,310,11457
REGOL,CIGERELENG,751,815,838,856,901,859,884,1011,927,846,773,680,593,428,290,351,11803
REGOL,BALONGGEDE,525,602,618,570,590,623,736,766,671,611,541,446,419,297,207,261,8483
REGOL,PASIRLUYU,1225,1335,1474,1405,1329,1191,1371,1478,1304,1086,863,742,540,376,228,220,16167
REGOL,PUNGKUR,438,535,597,603,582,543,625,657,655,577,564,468,374,259,193,271,7941
REGOL,CISEUREUH,1138,1446,1504,1405,1294,1198,1334,1511,1377,1121,929,734,549,379,229,298,16446
BATUNUNGGAL,KACAPIRING,574,656,753,690,707,649,648,701,790,736,616,505,362,235,188,275,9085
BATUNUNGGAL,KEBONWARU,980,1143,1206,1212,1229,1050,1157,1162,1185,1125,998,688,523,328,218,286,14490
BATUNUNGGAL,GUMURUH,1277,1502,1510,1502,1522,1364,1487,1645,1502,1393,1097,856,706,496,363,433,18655
BATUNUNGGAL,BINONG,1298,1515,1581,1437,1445,1346,1436,1563,1482,1304,1024,769,668,378,265,267,17778
BATUNUNGGAL,SAMOJA,880,1088,1180,1028,1091,951,1029,1073,964,949,820,605,476,256,188,256,12834
BATUNUNGGAL,CIBANGKONG,1227,1451,1545,1405,1501,1322,1454,1504,1468,1366,1203,876,659,410,311,410,18112
BATUNUNGGAL,MALEER,1165,1329,1405,1352,1417,1242,1340,1446,1228,1230,1050,823,640,360,242,319,16588
BATUNUNGGAL,KEBONGEDANG,677,779,834,758,737,635,727,849,831,709,612,465,388,209,172,220,9602
LENGKONG,CIJAGRA,756,897,973,927,927,827,972,999,972,957,749,636,490,348,265,389,12084
LENGKONG,MALABAR,538,624,640,610,678,639,723,695,625,583,561,455,410,271,181,326,8559
LENGKONG,PALEDANG,386,424,444,462,471,461,494,530,472,445,459,355,347,216,163,217,6346
LENGKONG,BURANGRANG,647,756,817,727,759,760,802,836,797,712,633,576,379,328,203,342,10074
LENGKONG,CIKAWAO,594,688,717,662,712,635,690,695,677,637,566,515,360,234,174,231,8787
LENGKONG,LINGKAR SELATAN,659,782,874,957,1004,858,798,854,864,968,778,501,290,210,206,269,10872
LENGKONG,TURANGGA,822,996,1127,1241,1021,944,967,1125,1106,1236,991,747,603,459,449,654,14488
CIBEUNYING KIDUL,PASIRLAYUNG,1600,1861,1792,1639,1663,1631,1798,1981,1590,1427,1250,1071,937,508,298,389,21435
CIBEUNYING KIDUL,SUKAMAJU,705,833,861,833,852,806,844,889,838,842,780,640,492,281,217,309,11022
CIBEUNYING KIDUL,SUKAPADA,1548,1763,1861,1771,1768,1754,1800,1810,1584,1504,1301,1143,866,420,284,314,21491
CIBEUNYING KIDUL,CIKUTRA,1557,1911,1903,1686,1670,1564,1758,2004,1816,1624,1241,1138,852,583,460,634,22401
CIBEUNYING KIDUL,PADASUKA,1173,1362,1433,1362,1325,1272,1294,1471,1340,1231,1002,864,639,374,260,330,16732
CIBEUNYING KIDUL,CICADAS,1180,1392,1395,1333,1281,1170,1271,1435,1308,1223,949,707,500,318,237,345,16044
BANDUNG KULON,CIGONDEWAH KIDUL,632,772,756,831,790,710,754,773,661,594,492,300,235,152,102,137,8691
BANDUNG KULON,CIGONDEWAH KALER,1498,1925,1957,1846,1655,1611,1754,1730,1564,1156,772,513,377,226,165,134,18883
BANDUNG KULON,CARINGIN,692,784,819,736,731,757,883,886,707,588,458,443,378,236,139,156,9393
BANDUNG KULON,CIGONDEWAH RAHAYU,807,894,901,946,932,902,869,898,741,673,549,411,253,155,110,107,10148
BANDUNG KULON,GEMPOLSARI,1452,1647,1775,1749,1738,1787,1761,1783,1602,1443,1308,1116,713,342,218,234,20668
BANDUNG KULON,CIBUNTU,1284,1638,1683,1512,1517,1412,1602,1655,1460,1199,971,767,590,347,246,255,18138
BANDUNG KULON,CIJERAH,1623,2047,2147,1963,1936,1738,1953,2308,2038,1750,1283,1025,808,493,360,370,23842
BANDUNG KULON,WARUNG MUNCANG,1561,1962,2020,1767,1775,1574,1829,1886,1658,1299,1061,868,630,411,270,317,20888
KIARACONDONG,SUKAPURA,1886,2106,2116,2078,2133,2019,1916,2117,1990,1898,1602,1282,926,525,347,374,25315
KIARACONDONG,CICAHEUM,1202,1373,1401,1349,1390,1264,1344,1407,1258,1186,1070,825,639,350,227,235,16520
KIARACONDONG,KEBON KANGKUNG,899,1030,1014,1045,969,888,947,1049,1046,905,779,610,488,312,209,262,12452
KIARACONDONG,BABAKAN SURABAYA,1395,1687,1686,1559,1607,1507,1528,1584,1499,1354,1125,877,678,415,249,251,19001
KIARACONDONG,BABAKANSARI,2805,3135,3148,2898,2908,2687,3139,3382,2891,2616,2184,1769,1471,895,519,570,37017
KIARACONDONG,KEBON JAYANTI,880,1026,1095,1028,1033,926,873,1033,1009,989,833,591,459,298,250,285,12608
BOJONGLOA KIDUL,KEBON LEGA,1740,2016,1984,1878,1853,1803,2071,2218,1918,1569,1273,1100,919,568,368,472,23750
BOJONGLOA KIDUL,CIBADUYUT,989,1146,1145,1040,1024,975,1137,1130,961,816,590,470,322,169,109,105,12128
BOJONGLOA KIDUL,CIBADUYUT KIDUL,733,853,853,765,777,747,820,794,742,544,424,341,276,178,91,95,9033
BOJONGLOA KIDUL,SITUSAEUR,1529,1795,1825,1758,1659,1648,1790,1877,1678,1510,1268,1000,810,520,399,435,21501
BOJONGLOA KIDUL,MEKARWANGI,776,929,948,834,777,731,875,952,844,702,546,420,274,179,104,122,10013
BOJONGLOA KIDUL,CIBADUYUT WETAN,605,726,705,653,590,540,661,751,692,572,370,266,193,138,96,98,7656
CIBEUNYING KALER,NEGLASARI,645,829,784,751,730,698,703,853,743,705,574,444,358,228,199,226,9470
CIBEUNYING KALER,CIGADUNG,2207,2523,2517,2485,2459,2496,2607,2708,2354,1929,1739,1516,1245,685,487,583,30540
CIBEUNYING KALER,CIHAUR GEULIS,725,944,1077,1068,941,820,888,1025,1057,1069,875,642,475,280,254,344,12484
CIBEUNYING KALER,SUKALUYU,1022,1200,1260,1285,1231,1188,1254,1298,1218,1210,1044,827,590,402,335,452,15816
SUMUR BANDUNG,BABAKAN CIAMIS,541,589,651,686,600,569,628,694,618,623,564,394,335,194,134,209,8029
SUMUR BANDUNG,KEBON PISANG,754,941,1048,1055,907,872,916,996,929,903,754,606,492,318,218,328,12037
SUMUR BANDUNG,MERDEKA,633,708,806,891,847,822,787,695,736,740,658,454,309,200,168,242,9696
SUMUR BANDUNG,BRAGA,327,432,445,446,448,444,481,503,452,420,355,310,337,242,150,188,5980
ANTAPANI,ANTAPANI TENGAH,1735,1760,1575,1528,1695,2006,2156,2051,1551,1196,1213,1507,1225,633,306,283,22420
ANTAPANI,ANTAPANI WETAN,1374,1496,1472,1426,1442,1452,1567,1512,1341,1175,1063,960,683,348,167,186,17664
ANTAPANI,ANTAPANI KULON,769,852,847,802,833,870,940,892,784,715,596,578,506,224,127,122,10457
ANTAPANI,ANTAPANI KIDUL,1709,1761,1713,1794,2094,2212,2044,2038,1647,1490,1552,1648,1280,697,377,337,24393
BANDUNG KIDUL,BATUNUNGGAL,1340,1483,1592,1438,1462,1313,1390,1635,1438,1339,1119,856,691,489,362,379,18326
BANDUNG KIDUL,KUJANGSARI,1581,1772,1809,1798,1660,1573,1653,1864,1653,1573,1212,944,714,440,275,276,20797
BANDUNG KIDUL,MENGGER,680,858,913,867,884,791,828,893,841,718,647,449,319,169,138,152,10147
BANDUNG KIDUL,WATES,644,714,750,678,655,587,699,769,709,569,479,322,266,124,105,93,8163
BUAHBATU,SEKEJATI,1746,1937,1976,1966,2266,2237,2050,1978,1796,1687,1776,1551,1023,536,304,364,25193
BUAHBATU,MARGASARI,2859,3221,3271,2999,2940,2798,3140,3278,2988,2631,2134,1622,1315,870,602,625,37293
BUAHBATU,CIJAURA,1996,2296,2278,2209,2151,2106,2233,2375,2037,1802,1506,1248,1041,607,376,353,26614
BUAHBATU,JATISARI,580,666,677,726,741,675,744,734,593,661,553,489,370,240,122,121,8692
RANCASARI,CIPAMOKOLAN,1741,1942,1968,1871,1834,1951,1934,1866,1815,1572,1345,1118,866,456,287,331,22897
RANCASARI,MUNJAHLEGA,1559,1734,1590,1600,1646,1692,1989,2045,1679,1391,1138,1037,1220,897,584,541,22342
RANCASARI,DERWATI,1239,1423,1520,1604,1619,1438,1314,1440,1320,1317,1199,889,534,290,185,230,17561
RANCASARI,MEKARMULYA,1393,1608,1564,1397,1260,1258,1461,1635,1406,1244,868,696,581,383,225,215,17194
ARCAMANIK,CISARANTEN BINA HARAPAN,917,1046,995,956,898,823,932,1057,931,778,630,483,435,271,176,201,11529
ARCAMANIK,SINDANGLAYA/CISANTREN ENDAH,1334,1577,1718,1674,1738,1465,1492,1521,1426,1340,1190,848,609,294,178,216,18620
ARCAMANIK,SUKAMISKIN,1410,1541,1530,1558,1730,1834,1798,1602,1387,1397,1437,1205,1022,554,320,368,20693
ARCAMANIK,CISARANTEN KULON,1772,1883,1878,1671,1588,1662,1862,1884,1626,1455,1113,898,729,422,279,345,21067
CIBIRU,CISURUPAN,2237,2503,2669,2370,2283,2180,2157,2391,2096,1979,1507,1149,848,437,292,386,27484
CIBIRU,PALASARI,1550,1906,1917,1912,1863,1725,1737,1867,1639,1620,1287,994,657,386,241,233,21534
CIBIRU,CIPADUNG,1627,1920,1922,1864,1996,1727,1707,1883,1721,1579,1272,933,701,359,252,254,21717
CIBIRU,PASIR BIRU,58,47,27,24,47,68,52,43,26,20,11,7,8,2,4,4,448
UJUNG BERUNG,PASANGGRAHAN,1399,1676,1715,1615,1503,1406,1402,1541,1450,1372,1021,732,548,377,240,263,18260
UJUNG BERUNG,PASIRWANGI,1258,1437,1403,1213,1255,1106,1195,1361,1168,1037,722,551,448,247,167,195,14763
UJUNG BERUNG,PASIR ENDAH,1175,1268,1293,1247,1301,1174,1326,1301,1107,1114,908,800,612,367,203,233,15429
UJUNG BERUNG,CIGENDING,2330,2891,2833,2733,2568,2367,2519,2706,2533,2226,1884,1469,1055,606,402,491,31613
UJUNG BERUNG,PASIRJATI,65,65,44,26,46,65,62,49,45,29,17,18,15,8,0,3,557
GEDEBAGE,CIMENERANG,1751,1872,1917,1873,2017,1906,1886,2069,1773,1537,1411,1174,885,509,323,393,23296
GEDEBAGE,RANCABOLANG,825,1082,985,795,620,624,822,1047,995,744,465,310,217,127,90,74,9822
GEDEBAGE,RANCANUMPANG,290,421,557,550,358,259,255,342,457,475,310,167,105,65,48,33,4692
GEDEBAGE,CISANTREN KIDUL,17,15,10,15,12,12,14,13,12,13,6,3,3,1,1,4,151
PANYILEUKAN,CIPADUNG KULON,966,1046,1102,1155,1226,1102,972,1035,939,882,822,680,459,214,143,146,12889
PANYILEUKAN,CIPADUNG WETAN,285,278,301,309,273,280,256,312,281,212,194,140,111,56,34,49,3371
PANYILEUKAN,MEKAR MULYA,561,474,466,468,646,754,699,501,372,358,517,596,324,101,44,60,6941
PANYILEUKAN,CIPADUNG KIDUL,911,927,1114,1370,1517,1354,963,897,891,1187,1350,1048,500,253,160,163,14605
CINAMBO,CISARANTEN WETAN,488,495,484,463,440,414,433,518,476,375,278,246,198,118,60,73,5559
CINAMBO,SUKAMULYA,417,486,482,466,436,407,443,473,431,400,287,269,203,114,79,93,5486
CINAMBO,BABAKAN PENGHULU,523,640,626,588,576,534,570,640,627,467,386,288,192,108,66,95,6926
CINAMBO,PAKEMITAN,517,546,529,495,570,527,593,548,475,456,308,237,146,105,79,90,6221
MANDALAJATI,KARANG PAMULANG,1318,1506,1529,1389,1412,1411,1411,1442,1263,1141,1014,795,599,302,177,211,16920
MANDALAJATI,PASIR IMPUN,948,1076,1066,1002,982,966,933,1006,842,799,631,522,406,222,140,138,11679
MANDALAJATI,JATIHANDAP,2037,2291,2245,2040,2019,1945,2160,2416,1849,1632,1383,1132,858,455,322,318,25102
MANDALAJATI,SINDANG JAYA,1049,1200,1153,1020,1073,1049,1111,1227,1101,888,724,657,546,324,208,190,13520
