lokasi,nama_komoditas,2017-07-01,2017-07-02,2017-07-03,2017-07-04,2017-07-05,2017-07-06,2017-07-07,2017-07-08,2017-07-09,2017-07-10,2017-07-11,2017-07-12,2017-07-13,2017-07-14,2017-07-15,2017-07-16,2017-07-17,2017-07-18,2017-07-19,2017-07-20,2017-07-21,2017-07-22,2017-07-23,2017-07-24,2017-07-25,2017-07-26,2017-07-27,2017-07-28,2017-07-29,2017-07-30,2017-07-31
"Pasar Sederhana","Beras Medium",0,0,10000,10000,10000,10000,0,0,0,10000,10000,10000,10000,10000,0,0,10000,10000,10000,10000,10000,0,0,10000,10000,10000,10000,0,0,0,10000
"Pasar Sederhana","Cabe Merah",0,0,60000,60000,60000,60000,0,0,0,30000,30000,30000,30000,30000,0,0,30000,30000,30000,30000,30000,0,0,30000,30000,30000,30000,0,0,0,30000
"Pasar Sederhana","Bawang Merah",0,0,40000,40000,40000,40000,0,0,0,40000,40000,40000,40000,40000,0,0,35000,35000,35000,35000,35000,0,0,35000,35000,35000,35000,0,0,0,32000
"Pasar Sederhana","Daging Ayam Ras",0,0,36000,36000,36000,36000,0,0,0,32000,32000,32000,32000,32000,0,0,32000,32000,32000,32000,32000,0,0,32000,32000,32000,32000,0,0,0,34000
"Pasar Sederhana","Telur Ayam Ras",0,0,21000,21000,21000,21000,0,0,0,21000,21000,21000,21000,21000,0,0,23000,23000,23000,23000,23000,0,0,23000,23000,23000,23000,0,0,0,24000
"Pasar Sederhana","Daging Sapi",0,0,125000,125000,125000,125000,0,0,0,120000,120000,120000,120000,120000,0,0,120000,120000,120000,120000,120000,0,0,120000,120000,120000,120000,0,0,0,120000
"Pasar Sederhana","Minyak Goreng",0,0,14000,14000,14000,14000,0,0,0,14000,14000,14000,14000,14000,0,0,14000,14000,14000,14000,14000,0,0,14000,14000,14000,14000,0,0,0,14000
"Pasar Sederhana","Gula Pasir",0,0,14000,14000,14000,14000,0,0,0,14000,14000,14000,14000,14000,0,0,13500,13500,13500,13500,13500,0,0,13500,13500,13500,13500,0,0,0,13500
"Pasar Sederhana",Kentang,0,0,0,0,22000,22000,0,0,0,0,18000,18000,18000,0,0,0,0,20000,0,0,0,0,0,20000,0,0,0,0,0,0,0
"Pasar Sederhana",Kedelai,0,0,13000,13000,13000,13000,0,0,0,13000,13000,13000,13000,13000,0,0,12000,12000,12000,12000,12000,0,0,12000,12000,12000,12000,0,0,0,12000
"Pasar Sederhana","Tepung Terigu",0,0,7500,7500,7500,7500,0,0,0,7500,7500,7500,7500,7500,0,0,7500,7500,7500,7500,7500,0,0,7500,7500,7500,7500,0,0,0,7500
"Pasar Sederhana","Bawang Putih",0,0,55000,55000,55000,55000,0,0,0,35000,35000,35000,35000,35000,0,0,32000,32000,32000,32000,32000,0,0,32000,32000,32000,32000,0,0,0,32000
"Pasar Sederhana","Cabe Keriting",0,0,35000,35000,35000,35000,0,0,0,28000,28000,28000,28000,28000,0,0,28000,28000,28000,28000,28000,0,0,28000,28000,28000,28000,0,0,0,28000
"Pasar Sederhana","Cabe Rawit",0,0,60000,60000,60000,60000,0,0,0,40000,40000,40000,40000,40000,0,0,48000,48000,48000,48000,48000,0,0,48000,48000,48000,48000,0,0,0,40000
"Pasar Sederhana","Kacang Tanah",0,0,27000,27000,27000,27000,0,0,0,27000,27000,27000,27000,27000,0,0,27000,27000,27000,27000,27000,0,0,27000,27000,27000,27000,0,0,0,28000
"Pasar Sederhana","Ubi Kayu",0,0,4000,4000,4000,4000,0,0,0,4000,4000,4000,4000,4000,0,0,4000,4000,4000,4000,4000,0,0,4000,4000,4000,4000,0,0,0,4000
"Pasar Sederhana","Ubi Jalar",0,0,0,0,0,0,0,0,0,0,0,0,0,0,0,0,0,0,0,0,0,0,0,0,0,0,0,0,0,0,0
"Pasar Sederhana",Jagung,0,0,10000,10000,10000,10000,0,0,0,10000,10000,10000,10000,10000,0,0,10000,10000,10000,10000,10000,0,0,10000,10000,10000,10000,0,0,0,10000
"Pasar Sederhana","Ikan Olahan",0,0,70000,70000,70000,70000,0,0,0,70000,70000,70000,70000,70000,0,0,70000,70000,70000,70000,70000,0,0,70000,70000,70000,70000,0,0,0,70000
"Pasar Sederhana","Beras Premium",0,0,0,0,0,0,0,0,0,0,0,0,0,0,0,0,0,0,0,0,0,0,0,0,0,0,0,0,0,0,0
"Pasar Sederhana","Minyak Goreng Curah",0,0,12000,12000,12000,12000,0,0,0,12000,12000,12000,12000,12000,0,0,13000,13000,13000,13000,13000,0,0,13000,13000,12500,12500,0,0,0,12500
"Pasar Sederhana","Daging Ayam Kampung",0,0,80000,80000,80000,80000,0,0,0,80000,80000,80000,80000,80000,0,0,80000,80000,80000,80000,80000,0,0,80000,80000,80000,80000,0,0,0,80000
"Pasar Sederhana","Telur Ayam Kampung",0,0,44000,44000,44000,44000,0,0,0,44000,44000,44000,44000,44000,0,0,44000,44000,44000,44000,44000,0,0,44000,44000,44000,44000,0,0,0,44000
"Pasar Sederhana","Susu Kental Manis Merk Bendera",0,0,10000,10000,10000,10000,0,0,0,10000,10000,10000,10000,10000,0,0,10000,10000,10000,10000,10000,0,0,10000,10000,10000,10000,0,0,0,10000
"Pasar Sederhana","Susu Kental Manis Merk Indomilk",0,0,9500,9500,9500,9500,0,0,0,9500,9500,9500,9500,9500,0,0,9500,9500,9500,9500,9500,0,0,9500,9500,9500,9500,0,0,0,9500
"Pasar Sederhana","Garam Beryodium Bata",0,0,1500,1500,1500,1500,0,0,0,1500,1500,1500,1500,2500,0,0,2500,2500,2500,2500,2500,0,0,2500,2500,2500,2500,0,0,0,2500
"Pasar Sederhana","Garam Beryodium Halus",0,0,6000,6000,0,0,0,0,0,6000,0,6000,0,10000,0,0,18000,0,18000,18000,12000,0,0,0,12000,12000,12000,0,0,0,12000
"Pasar Sederhana","Tepung Terigu Cakra Kembar",0,0,8000,8000,8000,8000,0,0,0,8000,8000,8000,8000,8000,0,0,8000,8000,8000,8000,8000,0,0,8000,8000,8000,8000,0,0,0,8000
"Pasar Sederhana","Tepung Terigu Kunci",0,0,7000,7000,7000,7000,0,0,0,7000,7000,7000,7000,7000,0,0,7000,7000,7000,7000,7000,0,0,7000,7000,7000,7000,0,0,0,7000
"Pasar Sederhana","Mie Instan",0,0,2500,2500,2500,2500,0,0,0,2500,2500,2500,2500,2500,0,0,2500,2500,2500,2500,2500,0,0,2500,2500,2500,2500,0,0,0,2500
"Pasar Sederhana","Cabe Rawit Hijau",0,0,35000,35000,35000,35000,0,0,0,35000,35000,35000,35000,35000,0,0,35000,35000,35000,35000,35000,0,0,35000,35000,35000,35000,0,0,0,30000
"Pasar Sederhana","Kacang Hijau",0,0,24000,24000,24000,24000,0,0,0,24000,24000,24000,24000,24000,0,0,24000,24000,24000,24000,24000,0,0,24000,24000,24000,24000,0,0,0,24000
"Pasar Sederhana","Susu Bubuk Dancow",0,0,41200,41200,41200,41200,0,0,0,41200,41200,41200,41200,41200,0,0,41200,41200,41200,41200,41200,0,0,41200,41200,41200,41200,0,0,0,41200
"Pasar Sederhana","Susu Bubuk Indomilk",0,0,36500,36500,36500,36500,0,0,0,36500,36300,36300,36500,36500,0,0,36500,36500,36500,36500,36500,0,0,36500,36500,36500,36500,0,0,0,36500
"Pasar Sederhana","Ikan Kembung",0,0,32000,32000,32000,32000,0,0,0,32000,32000,32000,32000,32000,0,0,32000,32000,32000,32000,32000,0,0,32000,32000,32000,32000,0,0,0,30000
