No,Tgl,Waktu,Simpang,Tidak Menggunakan Helm,Berhenti di Zebra Cross,Berhenti di RHK,Berhenti Melebihi Stopline,Merokok,Kelebihan Muatan,Lainnya,Total Pelanggaran,Roda 2,Roda 4/Lebih,Lainnya,Total Kendaraan
1,07/01/2018,Pagi,Gedebage,1,1,7,1,0,0,0,10,3,7,0,10
2,07/01/2018,Pagi,Taman Sari,0,2,0,14,0,0,0,16,15,1,0,16
3,07/01/2018,Pagi,Aceh,0,4,0,5,0,0,0,9,7,2,0,9
4,07/01/2018,Sore,Cibaduyut,29,4,6,17,0,3,0,59,45,8,0,53
5,07/01/2018,Sore,Supratman,0,6,4,10,0,0,0,20,16,4,0,20
6,07/01/2018,Sore,Simpang Lima,0,1,0,11,0,0,0,12,10,2,0,12
7,07/02/2018,Pagi,Cipaganti 2,0,0,5,1,0,0,0,6,1,5,0,6
8,07/02/2018,Pagi,Telkom,0,6,33,7,0,0,0,46,11,35,0,46
9,07/02/2018,Pagi,Banda,0,4,0,1,0,0,0,5,3,2,0,5
10,07/02/2018,Sore,Kopo,1,12,20,22,0,0,5,60,39,21,0,60
11,07/02/2018,Sore,Gardujati,0,41,6,9,0,0,0,56,50,6,0,56
12,07/02/2018,Sore,Cipaganti 1,0,0,0,3,0,0,0,3,0,3,0,3
13,07/03/2018,Pagi,M Toha,0,2,0,11,0,0,0,13,13,0,0,13
14,07/03/2018,Pagi,Tamblong,0,0,1,0,0,0,0,1,0,1,0,1
15,07/03/2018,Pagi,Cimuncang,2,27,0,10,0,0,13,52,48,3,0,51
16,07/03/2018,Sore,Pasteur,0,0,0,6,0,0,0,6,6,0,0,6
17,07/03/2018,Sore,A Yani Laswi,0,0,4,7,0,0,0,11,5,4,0,9
18,07/03/2018,Sore,Trunojoyo,0,4,9,7,0,0,0,20,14,6,0,20
19,07/04/2018,Pagi,Buah Batu,0,0,0,0,0,0,11,11,11,0,0,11
20,07/04/2018,Pagi,Gudang utara,0,1,3,6,0,0,0,10,7,3,0,10
21,07/04/2018,Pagi,Merdeka Aceh,0,0,0,0,0,0,0,0,0,0,0,0
22,07/04/2018,Sore,Batununggal,0,0,14,0,0,0,0,14,0,14,0,14
23,07/04/2018,Sore,Merdeka juanda,0,1,1,10,0,0,0,12,9,3,0,12
24,07/04/2018,Sore,Cikutra,8,31,14,19,0,1,0,73,51,14,0,65
25,07/05/2018,Pagi,Pasir Koja,6,28,0,72,0,1,9,116,112,0,0,112
26,07/05/2018,Pagi,Pahlawan,0,0,0,0,0,0,0,0,0,0,0,0
27,07/05/2018,Pagi,Jamika,0,2,0,41,0,0,0,43,41,2,0,43
28,07/05/2018,Sore,Ujung Berung,0,13,0,4,0,0,2,19,17,2,0,19
29,07/05/2018,Sore,Anggrek,2,15,3,6,0,0,3,29,21,5,1,27
30,07/05/2018,Sore,Otista,1,6,15,6,0,1,1,30,11,19,0,30
31,07/06/2018,Pagi,Cibeureum,1,15,0,17,0,0,0,33,29,4,0,33
32,07/06/2018,Pagi,Lombok,0,0,0,0,0,0,0,0,0,0,0,0
33,07/06/2018,Pagi,Paskal Baru,0,0,0,0,0,0,0,0,0,0,0,0
34,07/06/2018,Sore,Sulanjana,0,0,0,0,0,0,0,0,0,0,0,0
35,07/06/2018,Sore,Paskal IP,0,0,0,0,0,0,0,0,0,0,0,0
36,07/06/2018,Sore,Cihapit,0,0,0,0,0,0,0,0,0,0,0,0
37,07/07/2018,Pagi,M Toha,1,0,0,0,0,0,0,1,1,0,0,1
38,07/07/2018,Pagi,Tamblong,0,0,0,0,0,0,0,0,0,0,0,0
39,07/07/2018,Pagi,Cimuincang,0,0,0,0,0,0,0,0,0,0,0,0
40,07/07/2018,Sore,Cicaheum,0,7,46,13,0,0,0,66,9,0,0,9
41,07/07/2018,Sore,Caringin,3,25,0,44,0,1,0,73,64,7,0,71
42,07/07/2018,Sore,Cikapayang,0,0,1,4,0,0,0,5,3,2,0,5
43,07/08/2018,Pagi,Gedebage,0,2,0,1,0,0,0,3,3,0,0,3
44,07/08/2018,Pagi,Tamansari,0,3,0,12,0,0,0,15,15,0,2,17
45,07/08/2018,Pagi,Aceh,0,0,2,0,0,0,0,2,0,2,0,2
46,07/08/2018,Sore,Cibaduyut,15,9,12,33,0,1,8,78,50,25,0,75
47,07/08/2018,Sore,Supratman,0,2,3,2,0,0,0,7,3,4,0,7
48,07/08/2018,Sore,S Lima,0,2,0,1,0,0,0,3,3,0,0,3
49,07/09/2018,Pagi,Cipaganti 2,0,0,3,1,0,0,0,4,1,3,0,4
50,07/09/2018,Pagi,Telkom,0,5,16,0,0,0,0,21,3,18,0,21
51,07/09/2018,Pagi,Banda,0,0,0,2,0,0,0,2,1,1,0,2
52,07/09/2018,Sore,Cipaganti ,3,20,2,26,0,0,6,57,46,6,0,52
53,07/09/2018,Sore,Gardujati,0,0,0,0,0,0,0,0,0,0,0,0
54,07/09/2018,Sore,Kopo,0,0,0,0,0,0,0,0,0,0,0,0
55,07/10/2018,Pagi,M Toha,0,4,0,0,0,0,2,6,2,4,0,6
56,07/10/2018,Pagi,Tamblong,0,10,2,0,0,0,0,12,10,2,0,12
57,07/10/2018,Pagi,Cimuncang,3,27,2,1,0,0,6,39,36,3,0,39
58,07/10/2018,Sore,Pasteur,0,0,0,0,0,0,0,0,0,0,0,0
59,07/10/2018,Sore,A Yani Laswi,1,9,9,17,0,0,0,36,18,12,0,30
60,07/10/2018,Sore,Trunojoyo,0,2,6,11,0,0,0,19,11,7,0,18
61,07/11/2018,Pagi,Buahbatu,0,0,0,0,0,0,0,0,0,0,0,0
62,07/11/2018,Pagi,Gudang Utara,0,2,20,10,0,0,3,35,12,23,0,35
63,07/11/2018,Pagi,Merdeka Aceh,1,1,0,32,0,0,0,34,34,0,0,34
64,07/11/2018,Sore,Batununggal,0,7,27,61,0,0,1,96,65,31,0,96
65,07/11/2018,Sore,Merdeka Juanda,0,10,0,0,0,0,1,11,8,3,0,11
66,07/11/2018,Sore,Cikutra,0,29,22,3,0,0,1,55,33,22,0,55
67,07/12/2018,Pagi,Pasir Koja,0,5,0,31,0,0,0,36,34,2,0,36
68,07/12/2018,Pagi,Pahlawan,0,21,1,2,0,0,0,24,21,3,0,24
69,07/12/2018,Pagi,Jamika,2,56,0,31,0,0,1,90,88,2,0,90
70,07/12/2018,Sore,Ujung Berung,2,26,0,0,0,0,0,28,26,2,0,28
71,07/12/2018,Sore,Anggrek,1,16,15,12,0,0,0,44,29,15,0,44
72,07/12/2018,Sore,Otista,1,33,55,26,0,0,0,115,42,72,0,114
73,13/07/2018,Pagi,Cibeureum,0,7,0,9,0,0,0,16,10,2,0,12
74,13/7/2018,Pagi,Lombok,0,0,0,0,0,0,0,0,0,0,0,0
75,13/7/2018,Pagi,Paskal Baru,0,0,0,0,0,0,0,0,0,0,0,0
76,13/7/2018,Sore,Sulanjana,0,0,0,0,0,0,0,0,0,0,0,0
77,13/7/2018,Sore,Paskal IP Cam,2,3,4,7,0,0,0,16,12,4,0,16
78,13/7/2018,Sore,Cihapit,6,18,0,31,0,0,0,55,50,3,0,53
79,14/7/2018,Pagi,Samsat ,0,2,2,5,0,0,0,9,8,2,0,10
80,14/7/2018,Pagi,Padasuka,0,1,1,8,0,0,0,10,8,1,0,9
81,14/7/2018,Pagi,Cihampelaz PTZ,0,8,0,4,0,0,0,12,6,2,0,8
82,14/7/2018,Sore,Cicaheum ,0,45,76,13,0,0,0,134,22,112,0,134
83,14/7/2018,Sore,Caringin,4,61,0,56,0,0,0,121,109,8,0,117
84,14/7/2018,Sore,Cikapayang PTZ,0,0,0,0,0,0,0,0,0,0,0,0
85,15/7/2018,Pagi,Gedebage,11,1,1,2,0,0,0,15,14,1,0,15
86,15/7/2018,Pagi,Tamansari,0,4,0,6,0,0,0,10,9,1,0,10
87,15/7/2018,Pagi,Aceh,0,3,0,0,0,0,0,3,3,0,0,3
88,15/7/2018,Sore,Cibaduyut,14,8,13,27,0,11,6,79,49,14,0,63
89,15/7/2018,Sore,Supratman ,0,3,3,1,0,0,0,7,5,2,0,7
90,15/7/2018,Sore,Simpang Lima,0,1,0,1,0,0,0,2,2,0,0,2
91,16/7/2018,Pagi,Cipaganti,0,0,2,0,0,0,0,2,0,2,0,2
92,16/7/2018,Pagi,Telkom,0,2,10,0,0,0,0,12,2,10,0,12
93,16/7/2018,Pagi,Banda,0,3,0,2,0,0,0,5,4,1,0,5
94,16/7/2018,Sore,Kopo,1,4,6,21,0,0,0,32,24,6,0,30
95,16/7/2018,Sore,Gardujati,0,2,10,7,0,0,0,19,8,11,0,19
96,16/7/2018,Sore,Cipaganti,0,1,0,5,0,0,0,6,1,4,0,5
97,17/7/2018,Pagi,M Toha,0,0,0,0,0,0,0,0,0,0,0,0
98,17/7/2018,Pagi,Tamblong,0,0,0,0,0,0,0,0,0,0,0,0
99,17/7/2018,Pagi,Cimuncang,0,32,12,7,0,0,5,56,41,15,0,56
100,17/7/2018,Sore,Pasteur,0,0,0,0,0,0,0,0,0,0,0,0
101,17/7/2018,Sore,A Yani Laswi,0,0,0,0,0,0,0,0,0,0,0,0
102,17/7/2018,Sore,Trunojoyo,0,0,0,0,0,0,0,0,0,0,0,0
103,18/7/2018,Pagi,Buah Batu,0,0,0,1,0,0,0,1,1,0,0,1
104,18/7/2018,Pagi,Gudang Utara,0,12,20,4,0,0,0,36,16,20,0,36
105,18/7/2018,Pagi,Merdeka Aceh,0,5,0,7,0,0,0,12,11,1,0,12
106,18/7/2018,Sore,Batununggal,0,0,0,0,0,0,0,0,0,0,0,0
107,18/7/2018,Sore,Merdeka Juanda,0,0,0,0,0,0,0,0,0,0,0,0
108,18/7/2018,Sore,Cikutra,0,0,0,0,0,0,0,0,0,0,0,0
109,19/7/2018,Pagi,Pasir Koja,0,12,0,11,0,0,6,29,26,3,0,29
110,19/7/2018,Pagi,Pahlawan ,0,20,0,4,0,0,0,24,23,1,0,24
111,19/7/2018,Pagi,Jamika,0,10,0,15,0,0,0,25,21,1,0,22
112,19/7/2018,Sore,Ujung Berung ,6,18,0,9,0,0,0,33,30,0,0,30
113,19/7/2018,Sore,Anggrek,5,22,6,24,0,0,0,57,49,7,0,56
114,19/7/2018,Sore,Otista Pasar Baru ,1,5,35,7,0,0,0,48,9,38,0,47
115,20/7/2018,Pagi,Cibeureum,0,10,0,13,0,0,0,23,22,1,0,23
116,20/7/2018,Pagi,Lombok,0,2,1,10,0,0,0,13,10,3,0,13
117,20/7/2018,Pagi,Paskal Baru,0,4,0,10,0,0,0,14,11,3,0,14
118,20/7/2018,Sore,Sulanjana,0,0,0,0,0,0,0,0,0,0,0,0
119,20/7/2018,Sore,Paskal IP Cam,0,0,4,3,0,0,0,7,3,4,0,7
120,20/7/2018,Sore,Cihapit,5,22,0,18,0,0,0,45,38,6,0,44
121,21/7/2018,Pagi,Samsat,0,0,0,1,0,0,0,1,1,0,0,1
122,21/7/2018,Pagi,Cihampelas,0,2,0,10,0,0,0,12,12,0,0,12
123,21/7/2018,Pagi,Padasuka,4,39,0,0,0,0,0,43,42,1,0,43
124,21/7/2018,Sore,Cicaheum,1,8,9,7,0,0,0,25,12,12,0,24
125,21/7/2018,Sore,Caringin,1,12,0,60,0,1,0,74,65,6,0,71
126,21/7/2018,Sore,Cikapayang,0,0,3,5,0,0,0,8,4,4,0,8
127,22/7/2018,Pagi,Gedebage,0,0,0,0,0,0,0,0,0,0,0,0
128,22/7/2018,Pagi,Tamansari,0,1,0,3,0,0,0,4,4,0,0,4
129,22/7/2018,Pagi,Aceh,0,1,0,1,0,0,0,2,2,0,0,2
130,22/7/2018,Sore,Cibaduyut,3,6,18,32,0,0,4,63,34,26,0,60
131,22/7/2018,Sore,Simpang Lima,0,12,5,10,0,0,0,27,18,7,0,25
132,22/7/2018,Sore,Supratman,0,4,0,11,0,0,0,15,13,2,0,15
133,23/7/2018,Pagi,Cipaganti 2,0,1,5,2,0,0,0,8,3,5,0,8
134,23/7/2018,Pagi,Telkom,0,19,26,4,0,0,0,49,22,27,0,49
135,23/7/2018,Pagi,Banda,0,2,0,6,0,0,0,8,6,2,0,8
136,23/7/2018,Sore,Kopo,4,32,5,29,0,0,0,70,61,8,5,74
137,23/7/2018,Sore,Gardujati,0,16,6,6,0,0,0,28,22,6,0,28
138,23/7/2018,Sore,Cipaganti 1,0,0,0,2,0,0,0,2,0,2,0,2
139,24/7/2018,Pagi,M Toha,0,46,0,3,0,0,0,49,46,3,0,49
140,24/7/2018,Pagi,Tamblong,0,1,4,1,0,0,0,6,2,4,0,6
141,24/7/2018,Pagi,Cimuncang,0,15,7,11,0,0,1,34,22,12,0,34
142,24/7/2018,Sore,Pasteur,0,13,2,11,0,0,0,26,20,6,0,26
143,24/7/2018,Sore,A Yani Laswi,1,9,11,1,0,0,0,22,10,12,0,22
144,24/7/2018,Sore,Trunojoyo,0,7,6,10,0,0,0,23,14,9,0,23
145,25/7/2018,Pagi,Buah Batu,0,0,0,9,0,0,3,12,12,0,0,12
146,25/7/2018,Pagi,Gudang Utara,0,1,6,10,0,0,0,17,10,6,0,16
147,25/7/2018,Pagi,Merdeka Aceh,0,2,3,12,0,0,0,17,15,2,0,17
148,25/7/2018,Sore,Batununggal,21,49,32,12,0,1,0,115,74,38,0,112
149,25/7/2018,Sore,Merdeka Juanda,0,2,0,24,0,0,0,26,21,5,0,26
150,25/7/2018,Sore,Cikutra,0,1,26,20,0,0,0,47,19,28,0,47
151,26/7/2018,Pagi,Jamika ,0,16,0,16,0,0,6,38,32,3,0,35
152,26/7/2018,Pagi,Pahlawan,1,10,0,32,0,1,1,45,42,0,0,42
153,26/7/2018,Pagi,Pasir Koja,0,5,0,6,0,0,0,11,8,2,0,10
154,26/7/2018,Sore,Ujung Berung,0,32,0,5,0,0,1,38,35,3,0,38
155,26/7/2018,Sore,Anggrek,4,25,11,25,0,0,0,65,50,12,0,62
156,26/7/2018,Sore,Otista,0,5,23,2,0,0,0,30,3,27,0,30
157,27/7/2018,Pagi,Cibeureum,0,0,0,15,0,0,0,15,15,0,0,15
158,27/7/2018,Pagi,Lombok,0,18,0,1,0,0,0,19,16,3,0,19
159,27/7/2018,Pagi,Paskal,0,0,0,0,0,0,0,0,0,0,0,0
160,27/7/2018,Sore,Sulanjana,0,0,0,0,0,0,0,0,0,0,0,0
161,27/7/2018,Sore,Paskal IP,4,0,5,1,0,2,1,13,7,5,0,12
162,27/7/2018,Sore,Cihapit,1,15,0,13,0,0,0,29,22,2,0,24
163,28/7/2018,Pagi,Samsat,0,1,0,0,0,0,0,1,1,0,0,1
164,28/7/2018,Pagi,Cihampelas,0,1,0,3,0,0,0,4,4,0,0,4
165,28/7/2018,Pagi,Padasuka,1,5,0,12,0,0,0,18,16,1,0,17
166,28/7/2018,Sore,Cicaheum,0,15,24,6,0,0,0,45,13,31,0,44
167,28/7/2018,Sore,Caringin,4,37,0,42,0,0,0,83,64,8,0,72
168,28/7/2018,Sore,Cikapayang,0,0,0,0,0,0,0,0,0,0,0,0
