nama_kecamatan,jumlah_pus,jml_pus_kps_ksi,persentase_pus_kps_ks1,jml_pus_jkn_penerima_bantuan,persentase_pus_jkn_terima_bantuan,jml_pus_jkn_bukan_penerima_bantuan,persentase_pus_jkn_bukan_penerima_bantuan,jml_pus_jkn,persentase_pus_jkn
Sukasari,9174,3497,38.12,0,0,0,0,0,0
Coblong,17138,8120,47.38,152,0.89,240,1.4,392,2.29
Babakan Ciparay,0,0,0,0,0,0,0,0,0
Bojongloa Kaler,18174,4598,25.3,8645,47.57,9514,52.35,18159,99.92
Andir,17061,338,1.98,0,0,0,0,0,0
Cicendo,14445,9358,64.78,0,0,0,0,0,0
Sukajadi,22420,14121,62.98,0,0,0,0,0,0
Cidadap,9223,1920,20.82,1920,20.82,7303,79.18,9223,100
Bandung Wetan,4997,3822,76.49,0,0,0,0,0,0
Astana Anyar,10151,3365,33.15,0,0,0,0,0,0
Regol,12843,3666,28.54,3661,28.51,9156,71.29,12817,99.8
Batununggal,18381,9305,50.62,0,0,0,0,0,0
Lengkong,7502,3147,41.95,362,4.83,7140,95.17,7502,100
Cibeunying Kidul,17532,8847,50.46,8870,50.59,7346,41.9,16216,92.49
Bandung Kulon,15073,9386,62.27,4913,32.59,4295,28.49,9208,61.09
Kiaracondong,19825,6222,31.38,0,0,0,0,0,0
Bojongloa Kidul,12790,6588,51.51,2228,17.42,7756,60.64,9984,78.06
Cibeunying Kaler,9885,2920,29.54,2919,29.53,6965,70.46,9884,99.99
Sumur Bandung,3456,797,23.06,0,0,0,0,0,0
Antapani,10980,2185,19.9,1409,12.83,7439,67.75,8848,80.58
Bandung Kidul,9060,4539,50.1,3912,43.18,5148,56.82,9060,100
Buahbatu,12868,2576,20.02,1405,10.92,4220,32.79,5625,43.71
Rancasari,10814,3375,31.21,1036,9.58,2339,21.63,3375,31.21
Arcamanik,9094,3267,35.92,0,0,0,0,0,0
Cibiru,11164,4971,44.53,1923,17.23,2492,22.32,4415,39.55
Ujung Berung,23040,16970,73.65,5473,23.75,6136,26.63,11609,50.39
Gedebage,9988,1915,19.17,396,3.96,2000,20.02,2396,23.99
Panyileukan,5968,1509,25.28,863,14.46,604,10.12,1467,24.58
Cinambo,4732,1498,31.66,777,16.42,1511,31.93,2288,48.35
Mandalajati,11663,4400,37.73,4400,37.73,7263,62.27,11663,100
