NAMA_KEC,DESA_KEL,BELUM_TIDAK_BEKERJA,MENGURUS_RUMAH_TANGGA,PELAJAR_MAHASISWA,PENSIUNAN,PEGAWAI_NEGERI_SIPIL,TENTARA_NASIONAL_INDONESIA,KEPOLISIAN_RI,PERDAGANGAN,PETANI_PEKEBUN,PETERNAK,NELAYAN_PERIKANAN,INDUSTRI,KONSTRUKSI,TRANSPORTASI,KARYAWAN_SWASTA,KARYAWAN_BUMN,KARYAWAN_BUMD,KARYAWAN_HONORER,BURUH_HARIAN_LEPAS,BURUH_TANI_PERKEBUNAN,BURUH_NELAYAN_PERIKANAN,BURUH_PETERNAKAN,PEMBANTU_RUMAH_TANGGA,TUKANG_CUKUR,TUKANG_LISTRIK,TUKANG_BATU,TUKANG_KAYU,TUKANG_SOL_SEPATU,TUKANG_LAS_PANDAI_BESI,TUKANG_JAHIT,TUKANG_GIGI,PENATA_RIAS,PENATA_BUSANA,PENATA_RAMBUT,MEKANIK,SENIMAN,TABIB,PARAJI,PERANCANG_BUSANA,PENTERJEMAH,IMAM_MESJID,PENDETA,PASTOR,WARTAWAN,USTADZ_MUBALIGH,JURU_MASAK,PROMOTOR_ACARA,ANGGOTA_DPR_RI,ANGGOTA_DPD,ANGGOTA_BPK,PRESIDEN,WAKIL_PRESIDEN,ANGGOTA_MAHKAMAH_KONSTITUSI,ANGGOTA_KABINET_KEMENTERIAN,DUTA_BESAR,GUBERNUR,WAKIL_GUBERNUR,BUPATI,WAKIL_BUPATI,WALIKOTA,WAKIL_WALIKOTA,ANGGOTA_DPRD_PROVINSI,ANGGOTA_DPRD_KABUPATEN_KOTA,DOSEN,GURU,PILOT,PENGACARA,NOTARIS,ARSITEK,AKUNTAN,KONSULTAN,DOKTER,BIDAN,PERAWAT,APOTEKER,PSIKIATER_PSIKOLOG,PENYIAR_TELEVISI,PENYIAR_RADIO,PELAUT,PENELITI,SOPIR,PIALANG,PARANORMAL,PEDAGANG,PERANGKAT_DESA,KEPALA_DESA,BIARAWATI,WIRASWASTA,LAINNYA,JML_DUK
SUKASARI,SUKARASA,1861,2774,2664,178,199,15,8,41,1,2,0,1,2,4,2294,45,7,13,739,4,0,0,6,0,0,1,0,0,3,3,0,0,0,2,1,6,0,0,1,0,0,1,0,4,4,1,0,0,0,0,0,0,0,0,0,0,0,0,0,0,0,0,1,46,45,0,2,6,9,0,3,53,1,2,0,2,0,1,0,0,13,0,0,81,0,0,0,780,326,12256
SUKASARI,GEGERKALONG,3077,4456,4837,618,633,245,29,124,9,4,0,0,3,10,3934,133,18,51,634,3,1,0,15,3,2,4,3,0,1,10,0,0,0,3,5,20,0,0,3,5,0,0,0,7,2,6,0,0,0,0,0,0,0,0,0,0,0,0,0,0,1,0,0,119,166,0,4,9,16,3,10,84,6,11,5,2,0,1,2,6,11,0,0,167,0,0,0,1673,544,21748
SUKASARI,ISOLA,2016,2633,2749,217,435,19,10,72,18,2,0,1,4,6,2338,57,12,52,486,13,0,1,10,0,2,2,3,0,0,3,0,2,0,2,6,3,0,0,0,1,2,0,0,1,2,2,0,0,0,0,0,0,0,0,0,0,0,0,0,0,0,0,0,56,174,1,2,2,6,0,4,29,4,4,0,1,0,0,0,0,15,0,0,111,0,0,0,788,275,12654
SUKASARI,SARIJADI,3858,4794,5622,1126,908,31,52,121,8,2,0,2,4,6,4992,347,38,70,808,5,0,1,12,2,0,9,5,0,0,12,1,6,0,4,16,22,3,0,0,2,0,6,1,8,2,8,0,0,0,0,0,0,0,0,0,0,0,0,0,0,0,0,0,124,259,1,8,9,11,0,10,84,9,25,6,5,0,2,8,1,11,0,0,103,0,1,1,1686,522,25800
COBLONG,CIPAGANTI,1833,2430,2644,176,223,6,4,4,0,0,0,1,0,0,2739,38,73,5,435,0,0,0,0,0,0,0,1,0,0,1,0,0,0,0,0,1,0,0,0,0,0,1,0,0,0,1,0,1,0,0,0,0,0,0,0,0,0,0,0,0,0,0,0,19,31,0,1,2,2,0,4,18,2,8,0,0,0,1,0,0,7,0,0,108,0,0,0,799,130,11749
COBLONG,LEBAKGEDE,1595,2070,2309,252,201,2,1,10,0,0,0,0,1,0,2327,43,44,4,223,1,0,0,2,0,0,0,0,0,0,1,0,0,0,1,2,3,0,0,0,0,0,0,0,1,0,0,0,0,0,0,0,0,0,0,0,0,0,0,0,0,0,0,0,29,67,0,0,2,3,0,1,30,0,14,0,1,0,0,0,0,3,0,0,106,0,0,2,1028,70,10449
COBLONG,SADANGSERANG,4328,5054,6001,662,701,27,14,35,1,0,1,3,2,5,5791,144,176,33,824,0,1,0,8,0,0,2,0,0,0,6,0,0,0,0,3,3,0,0,1,0,0,0,0,8,0,2,0,0,0,0,0,0,0,0,0,0,0,0,0,0,0,0,0,24,157,0,0,2,1,2,5,23,3,15,3,0,0,0,0,3,18,0,0,267,1,0,1,1811,270,26442
COBLONG,DAGO,5407,6693,7209,641,867,21,12,15,4,1,0,0,1,2,6497,128,107,21,1423,4,0,0,14,0,0,0,1,0,2,2,0,1,0,3,1,7,0,0,0,0,1,1,0,7,0,1,0,1,0,0,0,0,0,0,0,0,0,0,0,0,0,0,0,140,154,2,3,1,6,1,8,67,2,5,3,4,0,0,1,0,58,0,0,150,0,0,0,1980,226,31906
COBLONG,SEKELOA,4464,5261,5831,663,610,22,13,30,2,0,0,0,0,3,5575,147,118,23,975,3,0,0,7,0,0,0,0,0,0,1,0,0,0,2,0,2,0,0,0,0,0,0,0,5,2,1,0,0,0,0,0,0,0,0,0,0,0,0,0,0,0,0,0,66,151,0,4,2,3,0,3,55,5,13,1,0,0,0,1,1,14,0,0,151,0,1,0,1845,235,26311
COBLONG,LEBAK SILIWANGI,623,859,854,72,63,0,1,4,0,0,0,0,1,2,792,10,31,6,155,3,0,0,3,0,0,0,0,0,0,0,0,0,0,1,1,1,0,0,0,0,0,1,0,3,2,0,0,0,0,0,0,0,0,0,0,0,0,0,0,0,0,0,0,5,22,0,0,1,0,0,0,7,1,2,0,0,0,0,0,2,5,0,0,61,0,0,0,307,48,3949
BABAKAN CIPARAY,BABAKAN CIPARAY,5194,7169,6400,154,237,20,25,22,2,1,0,1,1,5,3344,60,66,27,4149,5,0,1,3,0,0,0,1,1,4,9,0,1,0,0,2,4,0,0,0,0,1,2,0,5,11,0,0,0,0,0,0,0,0,0,0,0,0,0,0,0,0,0,0,17,95,0,0,2,2,0,3,29,10,11,5,0,0,0,0,0,22,0,0,751,1,0,8,1812,656,30351
BABAKAN CIPARAY,BABAKAN,5314,6744,5593,133,150,12,19,54,5,1,0,4,1,4,2730,33,66,24,4219,4,1,0,8,3,0,0,0,0,0,10,0,0,0,0,4,2,0,1,1,2,0,4,1,2,9,2,0,1,0,0,0,0,0,0,0,0,0,0,0,0,0,1,0,17,85,0,4,2,1,1,2,26,3,4,3,1,0,0,0,0,22,0,0,1053,1,0,1,1451,792,28631
BABAKAN CIPARAY,SUKAHAJI,4951,6848,5836,105,133,9,8,46,2,1,1,2,3,4,2984,27,83,40,4057,8,1,1,5,0,1,0,1,0,3,6,0,0,0,0,2,4,0,0,0,0,0,4,1,6,3,0,0,0,0,0,0,0,0,1,0,0,0,0,0,0,0,0,0,21,82,0,1,1,3,1,1,33,2,12,3,0,0,0,1,0,23,0,0,1009,0,0,0,1544,922,28846
BABAKAN CIPARAY,MARGAHAYU UTARA,3556,4518,4212,343,369,9,15,11,3,0,0,1,3,3,2747,114,69,31,2466,8,0,0,5,1,1,0,0,0,1,4,0,0,1,0,1,2,0,1,1,0,0,1,0,0,3,0,0,0,0,0,0,0,0,0,0,0,0,0,0,0,0,0,1,31,101,0,1,1,1,0,3,32,5,7,3,1,0,0,0,1,8,1,1,328,0,0,0,1282,462,20770
BABAKAN CIPARAY,MARGASUKA,1918,2626,2334,64,79,5,3,2,1,0,0,0,0,0,1294,25,41,13,1655,2,1,0,0,0,0,0,0,0,1,3,0,0,0,0,0,0,0,0,0,1,0,1,0,1,0,1,0,0,0,0,0,0,0,0,0,0,0,0,0,0,0,0,0,8,41,0,0,0,1,0,0,8,2,3,0,0,0,0,0,1,12,0,0,100,0,0,0,677,341,11265
BABAKAN CIPARAY,CIRANGRANG,1754,2519,2062,102,82,11,5,5,3,0,0,3,1,1,1031,21,21,3,2122,2,1,0,6,0,0,0,0,1,1,4,0,0,0,0,1,1,0,0,0,0,0,0,0,1,1,0,0,0,0,0,0,0,0,0,0,0,0,0,0,0,0,1,0,8,40,0,2,0,0,0,0,22,4,3,2,0,0,0,0,1,7,1,0,86,0,0,0,413,255,10610
BOJONGLOA KALER,KOPO,5274,6524,6420,314,353,16,25,131,5,2,0,4,1,7,4940,76,8,47,1428,6,0,0,3,2,1,1,3,1,2,15,0,2,0,2,9,8,0,0,1,2,0,0,0,4,5,1,0,0,0,0,0,0,0,0,0,0,0,0,0,0,0,0,1,13,159,0,1,4,4,0,3,31,4,15,5,0,0,1,2,2,31,0,0,746,0,0,0,2126,825,29616
BOJONGLOA KALER,BABAKAN TAROGONG,5069,6451,6076,146,177,55,18,117,3,0,0,3,1,2,4639,42,9,13,1882,3,0,0,3,0,0,1,0,0,2,21,0,0,0,0,2,5,0,0,0,0,1,0,0,3,7,1,0,1,0,0,0,0,0,0,0,0,0,0,0,0,0,0,0,4,118,0,4,0,0,0,1,19,8,8,2,3,0,0,0,0,16,1,0,906,1,0,0,1943,722,28509
BOJONGLOA KALER,JAMIKA,4903,6170,5774,139,154,11,13,187,6,1,0,1,2,5,4271,28,2,36,1722,8,0,1,7,2,1,0,1,1,1,20,0,1,1,5,9,7,0,0,0,0,0,8,1,4,3,0,0,0,0,0,0,0,0,0,0,0,0,0,0,0,0,0,1,12,113,0,2,1,1,0,1,9,1,8,4,0,0,0,0,0,16,0,0,1070,0,0,3,2166,725,27639
BOJONGLOA KALER,BABAKAN ASIH,2844,3644,3631,115,127,7,12,89,0,4,0,0,1,4,2622,39,3,11,768,4,0,1,1,1,2,1,1,0,1,12,1,1,0,1,7,5,0,0,0,0,1,0,0,3,2,0,0,0,0,0,0,0,0,0,0,0,0,0,0,0,0,0,1,8,99,0,3,0,1,0,3,10,8,18,0,0,0,0,0,0,17,0,0,677,1,0,1,1320,387,16520
BOJONGLOA KALER,SUKAASIH,3311,4178,4179,137,160,14,12,93,0,2,0,5,2,3,3051,32,14,21,951,6,1,1,5,1,0,0,4,0,1,13,0,2,0,1,8,4,0,1,1,2,0,4,0,5,7,1,0,0,0,0,0,0,0,0,0,0,0,0,0,0,0,0,0,29,93,0,5,0,4,0,8,32,3,8,0,0,0,0,1,0,26,0,0,505,0,0,0,1519,360,18826
ANDIR,MALEBER,3411,4172,4421,227,204,32,20,13,2,1,0,5,0,2,4904,56,61,5,594,0,0,0,2,0,0,0,2,0,0,0,0,0,0,0,0,2,0,1,0,0,0,7,0,0,1,0,0,0,0,0,0,0,0,0,0,0,0,0,0,0,0,0,0,14,113,0,1,0,1,0,0,26,0,11,0,0,0,0,0,1,16,0,0,289,0,0,0,1239,288,20144
ANDIR,DUNGUS CARIANG,3372,4107,4239,198,170,21,13,23,0,0,0,1,0,1,4090,51,98,11,573,1,0,0,5,0,0,1,0,0,1,5,0,0,0,0,2,4,0,0,0,0,1,1,0,1,1,0,0,0,0,0,0,0,0,0,0,0,0,0,0,0,0,0,0,18,102,0,0,0,1,0,1,14,2,12,2,0,0,0,0,0,21,0,0,525,0,0,0,1488,184,19361
ANDIR,CIROYOM,3552,4322,4387,110,109,6,6,30,0,0,0,1,1,0,2734,23,34,4,717,0,0,0,5,0,0,0,0,0,1,4,0,0,1,0,1,2,0,1,0,1,0,4,0,1,0,0,0,0,0,0,0,0,0,0,0,0,0,0,0,0,0,0,1,6,99,0,0,0,1,0,0,14,1,3,0,0,0,0,0,0,13,0,0,1063,0,0,1,2075,213,19547
ANDIR,KEBON JERUK,1926,3062,3156,60,92,6,3,55,0,0,0,1,0,1,2650,17,944,5,257,0,1,0,0,0,0,0,0,0,0,0,0,0,0,1,0,4,0,0,0,0,0,15,0,1,0,0,0,0,0,0,0,0,0,0,0,0,0,0,0,0,0,0,0,22,58,0,0,0,0,0,0,35,1,2,0,1,0,0,0,0,6,0,0,486,0,0,0,1710,248,14826
ANDIR,GARUDA,1775,2179,2335,221,180,27,8,4,0,0,0,0,0,0,2227,99,29,7,350,0,1,0,2,0,3,0,0,0,0,0,0,0,0,0,3,0,0,0,0,0,0,0,0,3,0,0,0,0,0,0,0,0,0,0,0,0,0,0,0,0,0,0,0,10,67,0,1,0,0,0,1,14,3,7,0,0,0,0,0,1,18,0,0,143,0,0,0,774,109,10601
ANDIR,CAMPAKA,3058,3623,4013,254,224,88,16,2,0,1,0,0,1,0,3631,106,56,2,860,0,0,0,2,0,0,0,0,0,0,2,0,0,1,0,1,3,0,0,0,0,0,10,1,4,1,0,0,0,0,0,0,0,0,0,0,0,0,0,0,0,0,0,0,20,122,0,0,1,0,0,0,16,6,7,2,2,0,0,0,1,23,0,0,158,0,0,1,921,257,17497
CICENDO,HUSEN SASTRANEGARA,2589,3483,3433,161,188,312,9,26,2,0,0,5,1,13,2536,62,5,20,748,1,0,1,8,1,0,1,0,0,3,8,0,1,0,1,7,1,0,0,0,0,1,3,0,1,5,0,0,0,0,0,0,0,0,0,0,0,0,0,0,0,0,0,0,7,84,0,3,2,1,0,5,20,12,7,3,0,0,0,0,1,14,0,0,401,1,0,0,1166,434,15797
CICENDO,ARJUNA,1948,3001,2821,233,158,13,10,35,0,0,0,2,2,4,2976,90,9,23,459,1,0,0,7,0,0,0,1,0,1,5,0,0,0,3,4,10,0,0,0,0,0,9,0,5,2,2,0,0,0,0,0,0,0,0,0,0,0,0,0,0,0,0,0,36,92,0,2,2,2,0,6,40,3,2,2,0,0,1,4,1,15,0,0,267,0,0,0,1160,504,13973
CICENDO,PAJAJARAN,4254,5404,5198,292,282,258,14,40,0,0,0,6,2,6,4150,111,13,40,2282,0,0,0,10,1,3,0,5,1,6,22,0,3,0,3,11,7,0,0,0,1,0,3,9,6,7,3,0,0,0,0,0,0,0,0,0,0,0,0,0,0,0,0,0,26,118,2,2,1,3,1,4,43,7,16,2,1,0,0,2,0,21,0,0,274,0,0,0,1062,695,24733
CICENDO,PASIR KALIKI,1266,1914,1746,165,162,9,2,28,0,0,0,2,0,3,2023,56,5,14,310,1,0,0,10,0,0,0,0,0,0,6,0,0,0,1,0,3,0,0,0,0,0,13,0,0,1,2,0,0,0,0,0,0,0,0,0,0,0,0,0,0,0,0,0,15,64,0,1,1,1,3,3,30,3,6,0,2,0,0,0,0,4,0,0,162,1,0,0,708,199,8945
CICENDO,PAMOYANAN,1114,1637,1570,173,120,5,7,27,0,0,0,2,0,2,1829,24,3,20,310,0,0,0,5,1,1,0,0,0,0,4,0,2,1,1,3,2,1,0,0,0,0,6,18,1,1,2,0,0,0,0,0,0,0,0,0,0,0,0,0,0,0,0,0,25,64,0,2,3,1,0,5,33,0,1,1,1,0,0,0,0,2,0,0,132,0,0,0,635,211,8008
CICENDO,SUKARAJA,3566,4491,5038,390,418,227,30,47,3,0,0,5,3,8,4273,164,6,47,1015,8,0,0,5,0,0,1,4,0,2,13,0,2,0,1,8,9,1,0,2,1,0,4,1,6,6,4,0,0,0,0,0,0,0,1,0,0,0,0,0,0,1,0,0,58,123,1,4,5,6,1,7,57,4,17,5,0,0,0,1,1,30,0,0,201,0,0,1,1413,544,22290
SUKAJADI,PASTEUR,2843,3693,3978,447,386,100,21,43,2,1,0,2,7,7,3448,80,40,33,718,0,1,1,10,3,1,0,1,1,3,9,1,4,1,1,3,10,0,0,0,2,1,6,0,7,5,6,0,0,0,0,0,0,0,0,0,0,0,0,0,0,0,0,1,49,111,0,3,1,8,1,2,75,6,19,2,4,0,0,0,1,8,2,0,319,0,0,0,1079,171,17788
SUKAJADI,CIPEDES,5255,6142,6247,444,444,36,94,91,5,2,0,3,6,20,5318,101,17,57,2100,4,0,0,16,1,4,1,5,0,3,24,0,3,1,1,8,9,0,2,1,0,0,3,0,3,3,6,0,0,0,0,0,0,0,0,0,0,0,0,0,0,0,0,0,33,162,0,2,2,3,1,5,31,6,17,6,0,0,0,0,1,18,3,0,443,0,0,0,1204,262,28679
SUKAJADI,SUKAWARNA,2360,2930,2938,337,267,17,15,30,4,1,0,3,4,12,2293,90,26,14,945,2,0,0,7,1,0,1,6,0,0,11,0,3,0,1,5,3,0,0,0,0,0,4,0,3,7,3,0,0,0,0,0,0,0,0,0,0,0,0,0,0,0,0,0,56,102,2,4,3,4,1,3,56,2,6,2,3,1,0,1,3,29,0,0,171,0,0,0,782,140,13714
SUKAJADI,SUKAGALIH,2981,4001,3690,274,268,20,6,21,0,1,0,4,4,3,3091,73,42,19,1413,1,0,0,10,0,0,3,3,0,2,6,0,2,1,4,5,5,0,1,1,0,1,3,0,3,5,1,0,0,0,0,0,0,1,0,0,0,0,0,0,0,0,0,0,45,77,2,4,3,8,1,9,109,3,1,3,0,1,1,1,2,12,0,0,104,0,0,0,1042,106,17503
SUKAJADI,SUKABUNGAH,3710,4507,4565,464,534,15,19,27,2,1,1,4,3,9,3755,105,59,47,1561,3,0,2,8,2,2,3,3,1,2,15,0,0,0,1,6,3,1,0,0,0,0,3,0,0,6,3,0,0,0,0,0,0,0,2,0,0,0,0,0,0,0,0,1,35,136,0,1,1,1,0,2,30,5,34,4,0,0,0,0,0,13,0,0,341,0,0,0,1008,249,21315
CIDADAP,HEGARMANAH,3147,4387,4259,347,344,257,10,6,1,0,1,2,2,11,4343,80,16,24,916,2,0,0,2,2,0,5,8,0,1,11,0,0,0,0,8,7,0,1,0,1,1,1,0,4,0,3,0,0,0,0,0,0,0,0,0,0,0,0,0,0,0,0,0,50,109,0,3,2,5,0,7,39,7,12,2,0,0,0,1,1,14,0,0,141,0,0,0,1154,453,20210
CIDADAP,CIUMBULEUIT,3675,4924,4385,278,333,37,8,4,4,0,0,3,2,11,4133,48,10,51,1820,11,0,0,1,2,1,6,5,0,1,7,0,2,0,2,2,9,0,0,0,0,0,5,17,1,2,1,0,0,0,1,0,0,0,0,0,0,0,0,0,0,0,0,0,39,120,0,1,3,6,0,6,26,5,20,5,0,0,1,2,1,18,0,1,130,0,0,0,824,536,21546
CIDADAP,LEDENG,1604,2198,2298,171,295,24,3,2,4,0,0,3,1,0,2138,44,5,30,401,8,0,0,0,0,1,1,0,0,0,2,0,1,0,0,1,5,0,0,0,0,0,4,0,0,0,1,0,0,0,0,0,0,0,0,0,0,0,0,0,0,0,0,0,27,139,0,0,2,2,0,0,12,2,0,2,1,0,0,0,0,7,0,0,44,0,0,0,634,219,10336
BANDUNG WETAN,CIHAPIT,529,838,952,197,142,33,13,10,0,0,0,0,2,0,915,37,10,1,13,0,0,0,18,0,0,0,0,0,0,0,0,1,0,0,1,10,0,0,0,0,0,16,0,0,0,0,0,0,0,0,0,0,0,0,0,0,0,0,0,0,0,1,0,42,24,0,2,4,10,0,6,66,0,1,3,3,0,0,2,3,1,2,0,10,0,0,18,493,158,4587
BANDUNG WETAN,TAMANSARI,3945,4651,5001,418,370,19,9,147,3,0,0,0,4,8,4718,85,159,51,474,4,0,0,16,1,3,1,2,0,0,16,0,2,0,2,12,7,1,0,0,1,0,5,0,2,5,2,0,0,0,0,0,0,0,0,0,0,0,0,0,0,0,0,0,63,152,0,6,4,6,1,9,49,5,17,2,0,1,1,0,3,26,0,0,374,1,0,0,1716,416,22996
BANDUNG WETAN,CITARUM,305,556,808,88,116,27,0,15,0,0,0,0,0,0,612,20,208,3,8,0,0,0,9,0,0,0,0,0,0,2,0,0,0,0,0,2,0,0,0,0,1,5,10,0,0,0,0,0,0,0,0,0,0,0,0,0,0,0,0,0,0,0,0,50,9,0,0,3,2,2,3,54,2,3,3,0,0,0,0,0,0,1,0,22,0,0,0,362,64,3375
ASTANA ANYAR,KARASAK,2080,2837,2932,214,177,7,15,44,1,0,0,3,1,1,2885,50,18,9,616,1,0,0,8,0,0,0,1,0,0,3,0,0,0,0,2,3,0,0,0,0,0,1,0,2,2,0,0,0,0,0,0,0,0,0,0,0,0,0,0,0,0,0,0,16,94,0,3,1,1,0,0,12,2,3,0,0,0,0,0,0,6,0,0,147,0,0,0,933,348,13479
ASTANA ANYAR,NYENGSERET,1917,2738,2597,99,113,2,11,104,0,1,0,0,0,0,2003,23,27,20,382,0,1,0,5,0,0,0,0,0,0,9,0,1,0,0,1,1,0,0,1,0,2,1,0,4,1,1,0,0,0,0,0,0,0,0,0,0,0,0,0,0,0,0,0,5,42,0,0,2,0,0,1,13,0,3,0,0,0,0,0,0,4,1,0,420,0,0,0,1267,319,12142
ASTANA ANYAR,KARANGANYAR,827,1542,1438,58,53,4,0,13,0,1,0,0,0,0,1358,27,5,7,92,1,0,0,1,0,0,0,0,0,0,0,1,0,0,0,0,4,0,0,0,0,0,1,0,0,0,0,0,0,0,0,0,0,0,0,0,0,0,0,0,0,0,0,0,10,22,0,2,1,0,0,0,12,0,1,0,0,0,0,0,1,0,0,0,228,0,1,0,858,194,6763
ASTANA ANYAR,PANJUNAN,1204,1766,1693,39,51,3,5,47,1,0,0,0,0,1,1367,16,11,8,334,0,0,0,1,0,1,0,0,0,0,2,1,0,0,0,0,1,0,0,0,0,0,4,0,0,1,0,0,0,0,0,0,0,0,0,0,0,0,0,0,0,0,0,0,3,27,0,1,1,1,0,0,4,3,2,0,0,0,1,0,0,7,0,0,280,0,0,0,631,204,7722
ASTANA ANYAR,CIBADAK,1876,2995,2919,99,79,3,6,56,2,1,0,1,1,1,2943,36,3,22,385,0,0,0,0,0,0,0,1,0,0,1,0,1,0,0,5,3,0,0,0,0,0,3,0,1,2,0,0,0,0,0,0,0,0,0,0,0,0,0,0,0,0,0,0,16,84,0,0,1,0,0,1,17,0,2,1,0,0,0,0,0,4,0,1,325,0,0,0,1098,416,13411
ASTANA ANYAR,PELINDUNG HEWAN,3231,4454,4508,177,234,11,110,78,2,0,0,1,1,0,3199,60,21,14,708,0,0,0,2,0,0,0,0,0,0,6,0,2,0,2,1,2,0,0,0,0,0,3,0,4,2,0,0,0,0,0,0,0,0,0,0,0,0,0,0,0,0,0,0,19,87,0,1,2,0,2,2,28,4,11,1,0,0,0,0,0,10,1,0,556,0,0,0,1943,627,20127
REGOL,CIGERELENG,1579,2442,2701,263,236,6,16,12,1,0,0,0,1,2,2572,106,27,13,201,1,0,0,8,2,1,0,0,2,0,4,0,1,0,1,4,2,0,0,0,1,0,6,0,0,0,2,0,0,0,0,0,0,0,0,0,0,0,0,0,0,0,0,1,37,53,1,1,3,6,2,2,31,6,2,1,1,0,0,0,1,5,1,0,117,0,0,0,1153,152,11789
REGOL,ANCOL,1481,2323,2794,278,221,4,16,5,3,0,0,0,0,1,2488,95,21,4,231,0,0,0,5,1,0,0,0,2,1,2,0,0,0,1,2,6,1,0,0,0,0,3,0,5,2,1,0,0,0,0,0,0,0,0,0,0,0,0,0,0,0,0,0,35,54,0,5,6,1,0,2,59,1,1,1,1,0,0,0,0,2,0,0,170,0,0,0,1075,221,11631
REGOL,PUNGKUR,1112,1832,2094,112,134,2,6,17,1,0,0,0,1,2,1867,37,250,13,135,0,1,0,4,0,0,0,0,0,0,2,0,0,0,0,1,5,0,0,0,0,0,3,0,2,0,2,0,0,0,0,0,0,0,0,0,0,0,0,0,0,0,0,0,13,31,0,1,6,1,0,1,24,0,0,0,0,0,0,0,1,1,1,0,151,0,0,1,896,193,8956
REGOL,BALONGGEDE,1120,1872,1821,81,115,6,3,11,0,0,0,0,1,2,1829,37,25,3,106,2,0,0,1,0,0,0,0,0,0,1,0,1,0,0,1,2,0,0,2,0,0,0,1,0,0,3,0,0,0,0,0,0,0,0,0,0,0,0,0,0,0,0,0,18,32,0,2,2,1,0,0,14,0,2,1,0,0,0,0,0,2,0,0,227,0,0,0,1075,169,8591
REGOL,CISEUREUH,2582,3522,3938,228,256,9,16,13,1,0,0,0,1,3,3333,85,71,25,595,2,1,0,1,0,0,0,0,1,1,5,0,0,0,0,5,6,0,0,0,0,0,1,0,0,0,0,1,1,0,0,0,0,0,0,0,0,0,0,0,0,0,0,0,12,78,0,4,3,0,0,3,18,2,4,1,1,0,0,2,0,9,0,0,263,0,0,0,1226,255,16584
REGOL,CIATEUL,990,1532,1915,156,193,80,6,4,0,0,0,0,1,1,1819,54,46,6,45,0,0,0,2,0,0,0,0,0,0,0,0,0,0,0,1,3,0,0,0,0,0,4,0,0,0,1,0,0,0,0,0,0,0,0,0,0,0,0,0,0,0,0,0,18,40,0,2,0,1,0,1,15,2,2,0,0,0,0,0,1,0,1,0,79,0,0,0,861,101,7983
REGOL,PASIRLUYU,2599,3569,3676,181,197,17,3,6,4,2,0,1,2,1,3291,62,44,15,918,0,0,0,3,0,0,0,0,0,0,2,0,0,0,1,1,4,0,0,0,0,0,2,0,2,1,0,0,0,0,0,0,0,0,0,0,0,0,0,0,0,0,0,0,20,62,0,7,2,1,0,3,20,2,3,0,0,0,0,0,1,3,0,0,270,0,0,0,997,227,16222
BATUNUNGGAL,GUMURUH,2963,3873,4108,478,383,27,14,24,4,0,0,0,0,0,3792,134,148,6,691,0,0,0,6,0,0,1,0,0,0,1,0,0,0,0,0,4,0,0,0,0,0,0,0,1,0,1,1,0,0,0,0,0,0,0,0,0,0,0,0,0,0,0,1,45,75,1,5,3,4,0,0,45,3,7,2,1,0,0,0,0,10,0,0,91,0,0,0,1434,190,18577
BATUNUNGGAL,MALEER,2722,3543,3613,286,238,28,9,19,2,0,0,1,0,0,3322,74,113,9,899,3,0,0,1,1,0,0,0,0,0,1,0,0,0,0,0,1,0,0,0,0,0,3,0,0,1,0,0,0,0,0,0,0,0,0,0,0,0,0,0,0,0,0,1,10,79,0,1,0,0,0,0,17,1,5,1,0,0,0,0,0,13,0,0,167,0,0,0,1077,184,16445
BATUNUNGGAL,CIBANGKONG,3042,3809,3792,323,242,32,20,28,1,0,0,2,1,2,4007,56,191,4,695,6,0,0,1,0,0,0,0,0,0,8,0,0,0,0,0,0,0,0,0,0,0,1,0,2,0,0,0,0,0,0,0,0,0,0,0,0,0,0,0,0,0,0,0,24,91,0,2,0,0,0,3,30,3,5,0,0,0,0,0,0,16,0,0,195,1,0,0,1276,213,18124
BATUNUNGGAL,KACAPIRING,1354,1838,2072,243,208,35,9,13,1,0,0,0,0,0,1835,60,63,5,343,0,0,0,2,0,0,0,1,0,0,0,0,0,0,0,2,1,0,0,0,0,0,3,0,1,0,0,0,0,0,0,0,0,0,0,0,0,0,0,0,0,0,0,0,21,31,0,2,1,2,0,0,26,1,1,0,0,0,0,0,0,2,0,0,66,0,0,0,689,130,9061
BATUNUNGGAL,KEBONWARU,2280,2976,3298,236,197,13,12,27,0,0,0,0,0,0,3028,69,140,7,433,1,0,0,0,0,0,0,0,0,0,0,0,0,0,0,0,1,0,0,0,0,0,1,0,1,0,0,0,0,0,0,0,0,0,0,0,0,0,0,0,0,0,0,0,15,53,0,2,0,0,0,1,12,5,3,1,0,0,0,0,0,19,0,0,232,0,0,0,1211,187,14461
BATUNUNGGAL,KEBONGEDANG,1604,2065,2002,221,151,12,4,37,0,0,0,0,0,0,1888,57,94,4,387,0,0,0,1,1,0,0,0,0,0,0,0,1,0,1,0,1,0,0,0,0,0,0,0,1,0,0,0,0,0,0,0,0,0,0,0,0,0,0,0,0,0,0,0,2,56,0,0,0,0,0,0,6,2,0,0,0,0,0,0,1,11,0,0,166,0,0,0,701,109,9586
BATUNUNGGAL,SAMOJA,2204,2709,2886,152,145,8,114,34,0,0,0,0,0,1,2584,29,110,8,364,2,0,0,3,0,0,0,0,0,0,0,0,0,0,0,1,1,0,0,0,0,0,1,0,1,1,0,0,0,0,0,0,0,0,0,0,0,0,0,0,0,0,0,0,11,43,0,0,0,0,0,1,15,2,5,0,0,0,0,0,0,3,1,0,264,1,0,0,1001,161,12866
BATUNUNGGAL,BINONG,3083,3849,3839,246,248,22,9,19,3,0,0,1,0,0,3217,52,106,11,1011,4,0,0,1,0,0,0,0,0,0,1,0,0,0,0,0,1,0,0,0,0,0,0,0,0,0,0,0,0,0,0,0,0,0,0,0,0,0,0,0,0,0,0,0,17,72,0,2,0,0,0,0,17,5,5,0,0,0,1,0,0,11,0,0,145,0,0,0,1421,170,17589
LENGKONG,CIJAGRA,1694,2151,3057,460,416,26,31,6,0,0,0,2,3,1,2381,205,85,9,257,0,0,0,17,0,0,0,0,0,0,2,0,0,0,0,2,9,0,0,0,1,0,0,0,0,2,0,0,0,1,0,0,0,0,0,0,0,0,0,0,0,0,1,0,69,55,2,3,8,5,1,3,111,7,4,4,2,0,0,0,2,4,0,0,55,0,0,0,980,116,12250
LENGKONG,LINGKAR SELATAN,1559,1922,2789,301,547,985,14,5,3,0,0,1,4,1,1687,82,53,12,67,1,0,0,12,0,2,0,0,0,1,3,0,0,1,0,2,5,0,0,2,0,1,2,1,2,0,1,0,0,0,0,0,0,0,0,0,0,0,0,0,0,0,0,0,37,71,0,4,0,6,1,4,24,13,24,2,3,0,0,1,1,1,0,0,48,0,0,0,586,120,11014
LENGKONG,BURANGRANG,1527,2173,2188,176,143,9,6,7,3,1,0,2,2,3,2140,61,14,13,320,2,0,1,6,2,0,0,4,0,2,4,0,3,0,1,7,4,0,0,0,0,0,0,0,1,2,2,0,0,0,0,0,0,0,0,0,0,0,0,0,0,0,0,0,27,29,0,7,3,3,2,3,16,5,3,2,1,0,0,0,0,7,1,1,172,0,0,0,835,157,10103
LENGKONG,PALEDANG,865,1413,1407,82,73,5,4,4,1,2,0,2,0,1,1468,31,32,10,80,1,0,0,4,1,0,0,0,0,0,2,0,1,0,1,5,6,0,0,0,1,0,2,0,1,0,3,0,0,0,0,0,0,0,0,0,0,0,0,0,0,0,0,0,14,30,0,2,2,2,0,1,9,0,1,1,1,0,0,0,0,2,0,0,104,0,0,0,658,70,6405
LENGKONG,TURANGGA,1847,2572,3600,749,597,16,21,10,3,0,0,0,7,3,2691,246,69,28,111,0,0,0,10,1,2,0,1,0,1,7,0,3,0,2,3,15,0,0,0,1,1,4,1,2,2,0,1,0,0,0,0,0,0,1,0,0,1,0,0,0,0,1,0,121,66,1,11,21,14,3,16,133,2,6,1,7,0,0,0,1,1,0,0,94,2,0,0,1354,94,14578
LENGKONG,MALABAR,1230,1844,1848,160,121,7,4,11,0,1,0,2,2,2,1629,30,53,11,346,0,0,0,11,0,2,0,1,1,0,7,0,1,0,0,5,3,0,0,0,0,0,1,0,0,0,0,0,0,0,0,0,0,0,0,0,0,0,0,0,0,0,0,0,27,36,1,6,2,5,0,4,32,0,0,0,3,0,0,0,1,2,0,0,185,0,1,0,799,96,8533
LENGKONG,CIKAWAO,1329,1898,1936,107,120,3,8,9,3,1,0,7,2,3,1690,38,49,8,210,0,0,0,3,1,0,0,0,0,0,8,0,3,0,0,4,2,0,0,0,0,0,1,0,3,1,4,0,0,0,0,0,0,0,0,0,0,0,0,0,0,0,0,0,10,43,0,2,0,0,1,3,4,2,3,2,0,0,0,1,0,4,0,0,179,0,0,0,894,95,8694
CIBEUNYING KIDUL,PADASUKA,3010,3553,3485,261,309,24,11,33,1,1,0,0,1,6,2437,55,36,19,1797,2,0,0,7,1,0,0,1,1,2,10,0,0,0,1,5,9,0,0,1,0,1,2,0,2,4,1,0,0,0,0,0,0,0,0,0,0,0,0,0,0,0,0,1,15,102,0,0,1,4,2,7,8,6,10,1,1,0,0,1,1,15,0,0,276,0,0,0,750,471,16761
CIBEUNYING KIDUL,CIKUTRA,4062,4515,4427,549,421,24,14,44,1,0,0,1,0,7,4562,106,47,28,1005,3,1,0,12,1,1,0,1,0,0,14,0,2,0,0,10,3,0,0,0,0,1,3,1,3,1,6,0,0,0,0,0,0,0,0,0,0,0,0,0,0,0,0,1,32,118,0,7,3,3,3,5,26,3,12,0,1,0,0,1,1,13,1,0,429,0,0,2,1323,532,22392
CIBEUNYING KIDUL,CICADAS,2877,3190,3478,220,410,603,20,32,0,0,0,0,0,0,2684,53,29,16,473,2,0,2,2,0,0,0,2,1,0,8,0,0,1,1,1,3,0,0,0,0,0,0,0,1,0,1,0,0,0,0,0,0,0,0,0,0,0,0,0,0,0,0,0,17,102,0,0,0,0,1,2,22,10,20,2,0,0,0,1,0,6,0,0,259,0,0,0,1083,356,15991
CIBEUNYING KIDUL,SUKAMAJU,1668,2167,2305,311,263,14,6,11,0,0,0,0,1,1,2243,84,40,19,541,2,0,0,4,0,0,0,0,0,0,3,0,2,0,0,4,4,0,0,0,0,0,0,0,7,1,1,0,0,0,0,0,0,0,0,0,0,0,0,0,0,0,0,0,29,65,0,4,0,0,0,4,16,2,4,0,0,0,0,0,0,14,0,0,148,0,0,0,758,299,11045
CIBEUNYING KIDUL,SUKAPADA,3828,4287,4509,382,500,40,24,18,3,0,0,1,1,1,4296,114,61,33,1268,0,0,1,8,1,2,1,4,0,2,15,1,1,0,2,3,9,0,1,0,0,1,3,0,3,0,2,0,1,0,0,0,0,0,0,0,0,0,0,0,0,0,0,0,50,142,1,1,1,3,1,5,22,2,11,1,0,0,0,1,1,23,0,0,248,1,0,0,1089,455,21485
CIBEUNYING KIDUL,PASIRLAYUNG,4009,4032,4373,507,491,18,14,18,0,1,0,3,4,12,4282,172,54,32,912,3,0,2,18,1,3,0,4,1,1,10,0,3,1,2,6,26,0,0,0,0,0,1,0,2,3,2,1,0,0,0,0,0,0,0,0,0,0,0,0,0,0,0,0,55,152,0,4,2,4,1,4,25,4,12,3,0,0,1,2,1,14,0,0,212,0,0,0,1481,373,21374
BANDUNG KULON,CIJERAH,4457,4552,4898,364,249,17,11,228,4,1,0,9,4,14,5346,88,13,33,1045,3,0,1,10,1,4,1,0,2,15,20,0,2,0,2,13,5,0,0,1,1,0,2,0,2,3,5,0,0,0,0,0,0,0,0,0,0,0,0,0,0,0,0,0,34,146,1,5,3,1,0,6,18,4,8,1,0,0,0,3,1,31,0,1,301,1,0,0,1332,436,23759
BANDUNG KULON,CIBUNTU,3410,3764,3880,136,155,15,16,93,2,2,0,4,2,6,3372,34,5,23,958,6,0,1,0,1,2,1,1,0,6,13,0,2,0,0,5,5,0,0,0,0,1,1,0,1,8,3,0,0,0,0,0,0,0,0,0,0,0,0,0,0,0,0,0,14,139,1,4,0,2,0,1,4,5,6,0,1,0,1,2,0,33,3,0,359,0,0,0,1398,304,18211
BANDUNG KULON,WARUNG MUNCANG,4109,4549,4318,102,104,10,8,179,5,1,0,3,1,8,2999,28,3,17,1793,5,1,0,5,0,1,0,2,0,2,13,0,2,0,0,2,1,0,1,0,0,0,4,0,1,2,0,0,0,0,1,0,0,0,0,0,0,0,0,0,0,0,0,0,8,83,0,2,0,1,0,0,14,3,3,1,0,0,0,1,0,34,2,0,766,1,0,1,1423,300,20923
BANDUNG KULON,CARINGIN,1705,1895,1953,171,112,6,4,83,0,0,0,1,0,2,1890,46,12,11,287,1,0,1,1,0,0,0,1,1,2,1,0,0,0,1,5,1,0,0,0,0,0,4,0,2,1,0,0,0,0,0,0,0,0,0,0,0,0,0,0,0,0,0,1,20,59,0,1,1,2,1,2,17,1,2,0,2,0,0,0,1,11,0,0,168,0,0,0,720,148,9357
BANDUNG KULON,CIGONDEWAH KALER,3942,4085,3981,24,44,4,7,152,10,1,0,2,1,2,2438,10,1,19,1459,15,1,3,1,1,2,0,1,0,0,9,0,0,0,0,3,2,0,0,0,0,2,3,2,0,6,0,0,0,0,0,0,0,0,0,0,0,0,0,0,0,0,0,0,7,56,0,1,0,0,0,0,11,2,0,1,0,0,0,0,0,17,0,0,409,0,0,0,1817,355,18909
BANDUNG KULON,GEMPOLSARI,3584,3588,4662,400,604,34,22,95,8,1,0,6,4,5,4126,226,26,45,653,3,0,0,3,0,0,0,2,0,0,13,1,0,0,1,7,7,0,0,1,1,0,6,0,2,1,1,0,1,0,0,0,0,0,0,0,0,0,0,0,0,0,0,1,38,210,0,6,4,2,1,7,21,8,14,6,1,0,1,1,2,26,0,0,191,0,0,0,1613,305,20597
BANDUNG KULON,CIGONDEWAH RAHAYU,1952,2433,2093,25,38,2,2,79,2,1,0,0,1,3,1016,8,3,1,1187,0,1,0,3,0,0,0,2,0,0,40,0,0,0,0,0,0,0,0,0,0,1,1,0,1,0,0,0,0,0,0,0,0,0,0,0,0,0,0,0,0,0,0,0,8,29,0,1,0,0,1,1,9,0,2,0,0,0,1,0,0,9,2,0,281,0,0,0,721,199,10159
BANDUNG KULON,CIGONDEWAH KIDUL,1635,2030,1861,17,24,2,1,74,6,1,1,4,0,1,1058,6,2,3,683,5,0,1,1,0,0,0,0,0,0,2,0,0,0,0,3,1,0,0,0,0,0,4,0,0,2,0,0,0,0,0,0,0,0,0,0,0,0,0,0,0,0,0,0,8,35,0,0,0,3,0,0,14,0,3,0,0,0,0,0,0,2,0,0,215,0,0,0,843,97,8648
KIARACONDONG,SUKAPURA,3874,5274,5599,581,493,177,24,24,2,0,1,1,0,2,5170,210,33,21,1144,5,0,0,1,0,0,0,0,0,0,1,0,1,0,0,2,7,0,0,0,0,0,0,0,3,0,0,0,0,0,0,0,0,0,0,0,0,0,0,0,0,0,0,0,20,133,0,3,1,0,0,3,18,7,15,0,0,0,0,0,1,10,0,0,202,0,0,0,1246,776,25085
KIARACONDONG,KEBON JAYANTI,1954,2690,2852,314,250,74,11,27,0,1,0,0,0,1,2307,74,14,10,311,1,0,1,1,0,0,1,0,0,1,2,0,0,0,0,0,1,0,0,0,0,0,2,0,1,0,0,0,0,0,0,0,0,0,0,0,0,0,0,0,0,0,0,0,8,61,0,1,0,2,0,1,7,2,10,0,0,1,0,0,0,11,0,0,341,0,0,0,817,540,12703
KIARACONDONG,BABAKAN SURABAYA,3056,3943,4202,222,259,21,36,63,2,0,0,1,1,2,3447,58,12,16,679,4,0,0,3,1,0,0,1,0,0,5,0,1,0,0,1,3,0,0,0,0,0,1,0,4,2,0,0,0,0,0,0,0,0,0,0,0,0,0,0,0,0,0,0,12,76,0,2,0,0,0,2,25,3,7,0,0,0,0,0,1,22,0,0,497,0,0,0,1364,865,18922
KIARACONDONG,CICAHEUM,2603,3425,3787,189,318,18,14,52,1,1,0,3,0,0,3128,75,17,21,561,2,0,0,3,1,0,0,1,0,0,2,0,1,0,0,3,3,1,0,1,0,1,0,0,0,1,0,0,0,0,0,0,0,0,0,0,0,0,0,0,0,0,0,0,18,87,0,1,2,1,0,0,26,7,8,0,0,1,1,1,0,19,0,0,321,1,0,0,1105,697,16529
KIARACONDONG,BABAKAN SARI,5781,7318,8081,688,707,78,36,42,3,0,0,1,4,5,8102,218,35,29,1028,4,1,0,5,1,0,0,0,0,1,7,0,0,0,4,3,10,0,0,1,1,0,0,0,3,1,0,0,0,0,0,0,0,0,0,0,0,0,0,0,0,0,0,0,32,177,0,2,3,4,0,6,35,12,20,2,1,0,0,1,0,18,0,0,349,0,0,0,2235,1651,36746
KIARACONDONG,KEBON KANGKUNG,1832,2630,2754,259,200,66,14,16,2,0,0,0,0,0,2363,73,10,12,539,2,0,0,4,0,0,0,0,0,3,2,0,1,0,0,1,2,0,0,0,1,0,2,0,2,1,0,0,1,0,0,0,0,0,0,0,0,0,0,0,0,0,0,0,18,61,0,0,0,0,0,2,12,4,8,0,0,0,0,1,0,8,0,0,116,0,0,0,708,597,12327
BOJONGLOA KIDUL,SITUSAEUR,3714,4549,4747,257,214,13,21,13,5,2,0,11,1,5,3537,80,54,22,906,5,0,1,8,1,2,0,0,5,2,19,2,2,0,4,14,0,1,0,0,0,0,1,0,4,5,4,0,0,0,0,0,0,0,0,0,0,0,0,0,0,0,0,0,20,139,0,5,2,1,1,6,23,5,27,2,1,0,0,1,4,17,0,0,607,1,1,0,2161,144,21399
BOJONGLOA KIDUL,KEBONLEGA,4175,5195,5089,284,326,15,21,9,8,3,0,2,2,8,3890,84,70,36,1360,9,2,0,15,0,1,1,3,14,0,19,1,1,1,2,5,7,0,0,1,0,0,5,0,1,5,2,0,0,0,0,0,0,0,0,0,0,0,0,0,0,0,0,0,23,120,0,3,2,4,3,8,37,8,11,3,2,0,0,2,3,21,1,0,442,0,0,0,2089,196,23650
BOJONGLOA KIDUL,CIBADUYUT,2273,2686,2710,28,74,13,3,7,3,0,0,4,0,4,1265,11,3,5,1189,3,1,0,0,0,0,0,0,24,0,1,0,1,0,0,0,0,0,0,0,0,1,0,0,1,1,0,0,0,0,0,0,0,0,0,0,0,0,0,0,0,0,0,0,3,18,0,0,1,0,0,0,16,3,1,0,0,0,0,2,0,10,0,0,179,0,0,0,1308,84,11936
BOJONGLOA KIDUL,MEKARWANGI,1931,2352,2150,34,41,3,11,4,2,2,0,1,2,6,1146,11,22,6,1327,2,1,1,5,0,2,0,0,3,4,6,0,0,0,0,0,2,0,0,0,0,0,4,0,0,1,1,0,0,0,0,0,0,0,0,0,0,0,0,0,0,0,0,0,10,22,0,0,0,1,0,0,16,0,5,1,1,0,0,0,0,4,0,0,131,0,1,0,538,53,9866
BOJONGLOA KIDUL,CIBADUYUT KIDUL,1767,1948,1882,83,104,4,1,5,2,0,0,7,0,5,853,30,10,21,1137,0,0,0,2,2,0,0,0,11,0,4,0,0,0,1,2,5,0,0,0,0,0,0,0,0,5,0,0,0,0,0,0,0,0,0,0,0,0,0,0,0,0,0,0,11,57,0,0,0,1,0,2,11,0,3,1,0,0,0,2,2,11,0,0,126,0,0,0,706,117,8941
BOJONGLOA KIDUL,CIBADUYUT WETAN,1397,1699,1674,29,27,2,8,8,3,2,0,2,0,0,872,16,17,11,597,6,0,0,5,0,0,0,0,12,0,2,0,1,0,0,1,2,0,0,0,1,0,3,0,1,0,1,0,0,0,0,0,0,0,0,0,0,0,0,0,0,0,0,0,10,39,1,1,0,6,2,0,17,2,1,0,0,0,0,0,4,7,0,0,116,0,0,0,809,83,7497
CIBEUNYING KALER,CIHAURGEULIS,1492,2219,3108,333,340,16,10,27,0,1,1,2,0,0,2593,96,68,8,433,0,0,0,2,0,0,0,0,0,0,0,0,0,0,0,0,3,0,0,0,0,0,4,0,1,0,0,0,0,0,0,0,0,0,0,0,0,0,0,0,0,0,0,0,52,81,1,1,2,5,0,0,17,1,3,1,0,0,0,2,0,4,0,0,83,0,0,0,996,369,12375
CIBEUNYING KALER,SUKALUYU,2128,2847,3795,503,508,12,9,61,2,0,0,0,1,2,3086,129,94,14,352,3,0,0,4,0,0,0,1,0,0,4,0,1,1,0,1,4,0,0,2,0,0,1,0,1,2,0,0,0,0,0,0,0,0,0,0,0,0,0,0,0,0,0,0,45,123,0,3,6,1,1,2,38,0,6,3,3,1,0,0,5,11,1,0,168,0,0,0,1361,434,15780
CIBEUNYING KALER,NEGLASARI,1334,1892,2250,252,232,126,2,21,1,0,0,2,1,1,1820,55,36,15,418,0,0,0,3,1,0,0,0,0,1,2,0,2,0,0,1,7,0,0,0,0,0,2,0,0,0,0,0,0,0,0,0,0,0,0,0,0,0,0,0,0,0,0,1,27,61,0,0,1,2,1,0,20,2,4,1,0,0,0,0,0,3,1,0,65,0,0,0,558,255,9479
CIBEUNYING KALER,CIGADUNG,4273,6006,7306,632,826,32,12,27,7,0,0,1,2,0,5900,205,114,20,1741,4,2,0,6,0,1,0,0,0,0,5,0,0,0,0,3,9,0,0,2,0,0,2,0,1,1,2,0,2,0,0,0,0,0,0,0,0,0,0,0,0,0,0,0,171,144,0,2,8,1,0,4,72,4,13,4,2,0,1,0,2,21,0,0,100,1,0,1,1700,884,30279
SUMUR BANDUNG,BRAGA,950,1350,1247,54,43,4,5,9,1,0,0,0,1,0,1101,15,2,3,189,0,0,0,2,0,0,0,0,0,0,0,0,0,0,0,2,4,0,0,0,0,0,0,0,2,1,2,0,0,0,0,0,0,0,0,0,0,0,0,0,0,0,0,0,9,10,0,0,3,1,0,3,13,2,3,0,0,0,0,0,0,2,0,0,240,0,0,1,662,53,5989
SUMUR BANDUNG,MERDEKA,1477,1703,2348,275,350,951,10,7,1,0,0,0,0,0,1390,82,6,10,44,2,1,0,6,0,0,0,0,0,0,2,0,0,0,0,1,3,0,0,0,0,0,0,9,0,0,1,0,0,0,0,0,0,0,0,0,0,0,0,0,0,0,0,0,28,47,0,0,4,1,2,2,52,8,14,3,0,0,0,0,0,3,0,0,83,0,0,0,578,59,9563
SUMUR BANDUNG,KEBON PISANG,2214,2539,2543,123,117,17,11,18,0,1,0,0,2,0,2218,30,6,15,524,0,0,0,1,0,1,0,0,0,0,5,0,0,0,1,3,4,0,0,0,0,0,6,0,0,2,3,0,0,0,0,0,0,0,0,0,0,0,0,0,0,0,0,0,15,49,0,1,2,2,0,3,25,3,6,0,0,0,0,0,0,15,0,0,427,0,0,0,978,58,11988
SUMUR BANDUNG,BABAKAN CIAMIS,1314,1609,1745,86,121,16,137,10,0,0,0,1,3,1,1609,43,5,10,224,0,0,0,3,0,1,0,1,0,0,0,0,1,0,0,2,4,0,0,2,0,0,47,2,0,0,1,0,0,0,0,0,0,0,0,0,1,0,0,0,0,0,0,0,7,29,0,0,0,0,1,0,11,3,2,0,0,0,0,5,0,6,0,0,215,0,0,10,650,60,7998
ANTAPANI,ANTAPANI KULON,1682,1981,2316,318,367,15,22,36,0,0,0,1,3,2,1936,179,18,19,470,2,0,0,7,0,0,0,2,0,1,7,0,5,0,0,2,3,0,1,0,0,0,1,0,4,2,1,0,0,0,0,0,0,0,0,0,0,0,0,0,0,0,0,0,36,59,0,4,6,6,0,3,29,3,11,3,1,0,0,0,0,9,0,0,86,0,0,0,608,120,10387
ANTAPANI,ANTAPANI WETAN,2970,3230,3974,426,585,20,23,33,7,1,0,7,7,4,3011,254,26,66,1095,1,1,0,7,2,0,0,0,0,3,17,0,2,1,1,8,12,0,0,1,0,0,2,0,1,0,2,0,0,0,0,0,0,0,0,0,0,0,0,0,0,0,2,1,45,113,0,11,4,11,0,15,48,10,15,6,5,0,1,1,4,16,0,0,91,1,0,0,998,155,17353
ANTAPANI,ANTAPANI TENGAH,3642,3835,4708,1003,1031,43,32,49,2,2,0,4,19,16,4343,352,67,95,603,7,0,1,12,1,3,1,3,2,1,12,0,7,0,3,4,13,1,0,0,0,0,6,0,14,3,2,0,0,0,0,0,0,0,1,0,0,0,0,0,0,0,0,0,92,199,1,4,3,10,5,19,21,7,29,6,2,0,0,4,3,19,0,0,82,1,0,0,1387,305,22142
ANTAPANI,ANTAPANI KIDUL,3799,4175,5550,1095,997,38,53,77,2,0,0,3,6,6,4630,533,70,71,412,3,1,1,17,0,4,3,1,0,2,6,0,3,0,0,11,14,0,0,2,4,0,13,0,13,7,5,0,0,0,0,0,0,0,0,0,0,0,0,0,0,0,0,0,118,186,1,14,8,21,1,38,82,11,32,6,10,0,3,2,2,16,1,0,125,0,0,0,1611,213,24128
BANDUNG KIDUL,BATUNUNGGAL,3095,3646,4243,407,355,19,29,105,5,0,0,0,4,6,3503,175,39,20,580,1,0,0,13,0,2,0,3,0,1,4,0,1,0,1,0,6,1,0,0,1,1,1,0,1,3,2,0,0,0,0,0,0,0,0,0,0,0,0,0,0,0,0,0,51,70,0,4,6,2,1,8,46,4,5,6,2,0,0,1,0,8,0,0,88,0,0,0,1387,115,18077
BANDUNG KIDUL,WATES,1601,1652,1756,60,76,1,10,69,10,0,0,1,1,6,1788,37,6,10,231,3,2,0,3,0,0,0,0,1,3,13,0,0,0,0,4,2,0,0,0,0,0,0,0,1,1,0,0,0,0,0,0,0,0,0,0,0,0,0,0,0,0,0,0,2,33,0,1,0,0,0,0,5,1,6,1,0,1,0,0,0,6,0,0,50,0,0,0,620,65,8139
BANDUNG KIDUL,MENGGER,1796,2071,2476,90,127,10,30,60,14,0,1,0,0,2,1732,60,16,7,508,11,0,1,3,1,0,1,1,0,1,2,0,1,0,0,2,0,0,0,0,0,0,1,0,1,2,0,0,1,0,0,0,0,0,1,0,0,0,0,0,0,0,0,0,21,48,0,2,3,6,0,4,40,1,2,1,0,0,0,1,0,13,0,0,51,0,0,1,711,98,10033
BANDUNG KIDUL,KUJANGSARI,3743,4175,4748,345,481,20,29,120,2,1,0,4,3,14,3843,176,45,37,1126,6,0,1,8,0,0,3,2,0,0,4,0,1,0,0,9,3,0,0,1,0,0,0,0,3,1,1,0,0,0,0,0,0,0,0,0,0,0,0,0,0,0,0,0,38,91,1,0,6,1,0,4,34,5,15,2,0,0,0,1,0,13,0,0,97,0,0,0,1270,127,20660
BUAH BATU,SEKEJATI,1264,1478,2174,254,275,11,33,18,2,0,0,1,5,0,1670,172,18,11,203,0,0,0,11,0,0,0,0,0,0,2,0,1,1,0,2,0,0,0,0,0,0,4,0,4,2,0,0,0,1,0,0,0,0,0,0,0,0,0,0,0,0,1,0,48,29,1,3,6,4,0,4,46,2,2,3,4,0,0,2,3,1,0,0,36,0,0,0,680,51,8543
BUAH BATU,MARGASARI,5576,7093,8721,921,1008,50,73,53,21,0,0,0,3,2,6535,428,81,36,1820,10,1,1,9,0,1,0,2,0,1,5,0,0,0,0,4,11,0,0,0,2,0,1,0,11,2,1,0,0,0,0,0,0,0,0,0,0,0,0,0,0,0,0,1,109,155,0,10,3,4,2,6,61,10,14,6,3,0,0,2,1,20,0,0,199,0,0,0,2891,790,36770
BUAH BATU,CIJAWURA,4083,5187,6312,505,597,23,56,18,11,1,0,1,3,3,4709,224,27,17,1254,3,0,0,5,0,1,0,0,0,0,2,0,2,0,0,1,6,0,0,0,0,0,0,0,5,0,1,0,0,0,0,0,0,0,0,0,0,0,0,0,0,0,0,1,47,137,1,4,2,0,0,4,30,7,18,1,2,0,0,1,0,15,0,0,189,1,0,0,2247,512,26276
BUAH BATU,JATISARI,3921,4275,6244,709,1108,36,60,43,6,1,0,3,7,2,4822,539,47,34,802,2,0,0,9,0,0,0,1,0,1,2,0,1,1,0,2,10,0,0,0,2,1,0,0,7,1,1,0,0,0,0,0,0,0,0,1,0,0,0,0,0,0,0,0,124,176,1,7,6,10,0,12,51,5,17,2,1,0,0,0,3,10,1,0,86,0,0,0,1755,139,25107
RANCASARI,CIPAMOKOLAN,3768,4160,5445,560,765,41,53,109,17,7,0,2,4,8,4187,280,47,31,758,12,0,0,9,2,2,0,3,0,1,3,0,0,0,0,5,12,0,0,0,2,0,3,0,14,5,1,0,0,0,0,0,0,2,0,0,0,0,0,0,0,0,0,1,80,115,0,4,6,4,0,8,54,6,29,6,1,1,1,4,0,8,0,0,100,0,0,0,1654,163,22563
RANCASARI,DERWATI,2900,3506,4185,239,464,20,61,68,14,2,0,4,3,14,3033,125,54,56,830,37,1,2,4,1,2,0,2,0,1,12,0,4,0,1,5,9,0,1,0,0,1,0,0,6,2,2,0,0,0,0,0,0,0,0,0,0,0,0,0,0,0,0,0,23,111,0,2,1,0,0,5,23,9,8,6,0,1,0,3,0,20,1,0,82,0,0,1,1215,110,17292
RANCASARI,MANJAHLEGA,3491,3959,5095,1433,872,25,36,76,5,0,0,2,10,4,4390,402,66,43,414,2,0,0,10,0,1,0,0,0,0,3,0,3,1,2,5,15,0,0,1,2,0,0,0,5,1,5,0,1,0,0,0,0,0,1,0,0,0,0,1,0,0,0,0,128,152,1,11,5,8,0,13,79,9,13,4,2,1,2,2,2,2,0,0,59,0,0,0,1584,92,22551
RANCASARI,MEKARJAYA,2977,3240,3930,437,538,32,48,71,14,1,1,2,4,10,2877,198,35,31,629,11,0,0,4,1,1,0,1,0,1,7,0,1,1,1,3,11,0,1,0,0,0,0,0,2,3,2,0,0,0,0,0,0,0,0,0,0,0,0,0,0,0,0,0,73,109,0,5,2,4,0,11,20,13,14,5,1,0,0,1,2,9,0,0,71,0,0,0,1218,139,16823
ARCAMANIK,SUKAMISKIN,3251,3653,4821,702,813,37,171,44,1,2,0,7,9,10,3251,390,94,39,1085,6,1,1,22,0,0,0,0,0,0,5,1,0,0,0,8,7,0,0,1,0,0,3,0,2,9,0,0,0,0,0,0,0,0,0,0,0,0,0,0,0,0,0,0,141,161,0,8,13,11,5,15,92,11,9,12,4,0,2,5,4,5,1,0,72,0,0,0,1193,174,20384
ARCAMANIK,CISARANTEN BINA HARAPAN,2180,2327,2435,234,326,6,18,34,3,0,0,1,3,14,1920,60,14,28,740,7,0,0,9,0,0,2,0,0,1,6,0,2,0,1,4,4,0,0,0,0,0,1,0,1,2,2,0,0,0,0,0,0,0,0,0,0,0,0,0,0,0,0,0,17,63,0,1,0,3,0,2,9,5,8,1,0,0,0,1,0,19,0,0,54,1,0,0,622,170,11361
ARCAMANIK,CISARANTEN KULON,3794,3900,4605,448,607,38,57,48,3,0,0,2,6,8,3707,185,67,55,939,8,0,0,8,3,2,0,2,0,1,5,0,1,0,2,5,14,0,0,3,0,1,3,0,3,2,0,0,0,0,0,0,0,0,0,0,0,0,0,0,0,0,0,0,40,169,0,3,3,8,1,12,24,8,20,6,3,0,0,1,1,15,0,0,91,0,0,0,1467,178,20582
ARCAMANIK,CISARANTEN ENDAH,3386,3477,4505,302,461,27,26,71,4,1,0,1,5,8,3040,270,67,18,791,12,1,1,24,0,0,0,3,1,5,8,0,3,1,1,1,8,0,0,3,0,0,4,0,2,4,1,0,0,0,0,0,0,0,0,0,0,0,0,0,0,0,1,1,76,91,0,4,10,8,3,21,46,2,9,2,2,0,0,1,2,5,0,0,98,0,0,0,1296,119,18340
CIBIRU,PALASARI,3838,4212,5019,245,611,45,42,68,7,2,0,0,1,10,3953,85,7,65,874,11,1,1,6,0,0,0,2,0,0,3,0,2,0,1,8,10,0,0,0,0,1,0,0,3,1,1,0,0,0,0,0,0,0,0,0,0,0,0,0,0,0,0,1,75,150,1,3,1,0,1,2,14,5,9,1,1,0,1,3,0,25,1,0,114,0,0,0,1593,411,21547
CIBIRU,CIPADUNG,2083,2577,2666,148,205,28,22,80,61,7,1,1,1,6,1973,42,8,18,756,32,0,1,9,0,0,0,2,0,2,7,0,3,0,0,5,12,1,0,0,0,0,0,0,3,2,1,0,0,0,0,0,0,0,0,0,0,0,0,0,0,0,0,0,8,79,1,1,0,2,0,0,3,3,3,1,0,0,0,0,1,14,0,0,176,0,1,0,732,267,12055
CIBIRU,PASIRBIRU,3556,4211,4997,323,585,65,51,85,33,1,0,1,3,3,3930,134,19,44,580,27,0,0,8,0,0,3,6,0,3,12,0,1,0,1,4,6,0,0,0,0,0,1,0,3,1,2,1,0,0,0,0,0,0,0,0,0,0,0,0,0,0,1,1,59,159,0,3,1,4,2,9,10,11,20,3,0,0,1,3,1,33,0,0,139,0,0,0,1631,643,21434
CIBIRU,CISURUPAN,2576,3091,3492,144,331,16,27,39,15,0,0,0,0,5,2664,53,8,37,719,10,0,1,8,0,0,1,4,0,1,7,1,2,0,0,5,2,0,0,0,0,0,0,0,0,0,0,0,0,0,0,0,0,0,0,0,0,0,0,0,0,0,0,0,39,172,0,0,1,1,0,1,8,5,4,0,0,0,0,0,0,16,0,1,92,0,1,0,1067,498,15165
UJUNGBERUNG,PASANGGRAHAN,2961,3175,3554,319,418,40,27,52,6,0,0,3,2,14,2516,131,19,30,514,6,0,1,6,2,0,1,5,1,2,8,0,0,0,2,10,4,0,1,0,0,0,1,0,1,4,1,0,0,0,0,0,0,0,0,0,0,0,0,0,0,0,0,0,39,113,0,3,1,2,2,6,26,6,10,1,0,1,0,2,1,16,0,1,320,0,0,0,1160,216,15763
UJUNGBERUNG,PASIR ENDAH,3621,3759,4047,263,391,24,62,18,31,8,0,4,3,18,2750,104,60,44,1270,47,0,0,15,1,0,3,8,0,10,12,0,5,0,0,13,3,0,0,0,0,0,0,0,1,3,2,0,0,0,0,0,0,0,0,0,0,0,0,0,0,0,0,0,42,130,0,1,0,5,0,9,17,9,17,7,0,0,1,0,0,24,0,0,242,0,0,0,946,124,18174
UJUNGBERUNG,PASIR JATI,2647,2903,3521,511,524,42,21,11,5,1,1,0,3,23,2786,183,83,57,410,6,0,0,7,2,1,1,3,0,1,6,0,3,0,2,6,7,0,0,0,0,1,1,0,6,6,2,0,0,0,0,0,0,0,0,0,0,0,0,0,0,0,0,0,63,107,0,1,2,6,1,11,17,1,17,6,1,0,0,1,2,22,0,0,104,0,1,0,987,123,15266
UJUNGBERUNG,PASIRWANGI,3149,3260,3448,208,375,37,70,33,12,1,1,7,1,23,2375,73,40,40,806,10,0,0,5,2,0,1,2,0,0,6,0,3,0,0,6,7,0,2,0,0,0,0,0,4,7,1,0,0,0,0,0,0,0,0,0,0,0,0,0,0,0,0,0,21,118,0,1,0,1,3,2,5,8,16,2,0,0,1,2,0,8,0,0,301,0,0,0,1089,99,15692
UJUNGBERUNG,PASIRWANGI,2863,3209,3242,158,308,42,31,23,24,1,0,3,0,19,2153,74,26,42,928,22,0,2,4,1,1,0,5,1,2,10,0,3,1,0,10,5,0,0,0,0,0,0,0,3,3,1,0,0,0,0,0,0,0,0,0,0,0,0,0,0,0,0,0,12,101,0,1,0,2,1,4,6,7,12,1,0,0,0,2,0,23,0,0,216,0,0,1,999,97,14705
GEDEBAGE,CIMINCRANG,3352,3747,4265,590,643,33,87,38,21,2,0,3,7,6,3578,228,26,34,947,15,1,2,10,1,0,2,2,0,0,7,0,2,1,1,6,7,1,0,0,0,0,2,0,4,5,1,0,0,0,0,0,0,0,0,0,0,0,0,0,0,0,0,1,68,123,0,6,3,2,0,8,29,5,12,2,1,0,1,1,0,16,0,0,101,0,0,0,964,407,19427
GEDEBAGE,CISARANTEUN KIDUL,770,704,819,15,74,8,50,29,18,3,0,1,4,13,585,28,4,3,293,13,0,0,2,0,1,0,1,0,1,3,0,1,0,0,1,1,0,1,0,0,0,0,0,0,1,0,0,0,0,0,0,0,0,0,0,0,0,0,0,0,0,0,0,8,20,0,0,0,0,0,0,4,2,4,2,0,0,0,0,0,2,1,1,36,0,0,0,196,35,3758
GEDEBAGE,RANCABOLANG,795,775,1338,66,213,17,57,17,20,0,0,1,3,0,737,53,6,7,104,9,0,0,2,0,0,0,1,0,0,1,0,0,0,0,1,2,0,0,0,0,0,1,0,2,1,0,0,0,0,0,0,0,0,0,0,0,0,0,0,0,0,0,1,20,51,0,1,0,1,0,3,4,4,4,0,0,0,0,0,0,0,0,0,11,0,0,1,272,60,4662
GEDEBAGE,RANCANUMPANG,1895,1762,2138,90,304,20,39,16,10,0,0,2,3,0,1790,134,28,12,374,6,0,0,2,1,0,0,0,0,0,0,0,1,0,0,1,1,0,0,1,0,0,1,0,1,1,0,0,0,0,0,0,0,0,0,0,0,0,0,0,0,0,0,0,37,55,0,6,4,4,0,16,12,2,3,3,2,0,0,1,1,4,0,0,19,0,0,1,620,234,9657
PANYILEUKAN,CIPADUNG KULON,1053,1102,1655,223,407,12,29,4,1,1,0,1,2,1,1172,166,31,42,27,2,0,0,1,0,1,1,0,0,1,6,0,1,0,2,3,5,0,0,0,1,0,0,0,3,2,2,0,0,0,0,0,0,0,0,0,0,0,0,0,0,0,0,0,28,75,0,4,2,3,0,11,8,3,8,1,1,1,0,1,1,0,0,0,90,0,0,0,603,81,6881
PANYILEUKAN,CIPADUNG KIDUL,2044,2431,3190,195,381,20,69,6,6,1,0,1,3,17,2183,153,22,19,406,10,0,0,3,0,0,0,0,0,1,5,0,1,1,1,2,2,1,1,0,0,0,2,0,0,3,1,0,0,0,0,0,0,0,0,0,0,0,0,0,0,0,0,0,28,88,0,2,3,3,0,6,10,8,12,2,0,0,2,1,1,11,0,1,182,0,0,0,958,235,12734
PANYILEUKAN,CIPADUNG WETAN,1871,2371,4239,366,854,27,102,6,3,0,1,3,0,0,2480,321,27,35,79,2,0,0,2,1,1,0,1,0,1,6,1,7,2,1,10,7,1,0,2,2,0,0,0,5,1,2,0,0,0,0,0,0,0,0,0,0,0,0,0,0,0,0,0,72,134,1,9,3,1,4,10,15,5,8,7,0,0,0,3,0,7,0,0,96,0,0,0,1021,185,14421
PANYILEUKAN,MEKAR MULYA,598,721,739,21,25,1,2,2,9,1,0,0,1,1,624,6,0,11,212,13,0,0,2,0,1,0,2,0,1,3,0,0,0,0,5,0,0,0,0,0,2,0,0,1,1,0,0,0,0,0,0,0,0,0,0,0,0,0,0,0,0,0,0,0,5,0,1,0,0,0,0,0,1,3,0,0,0,0,0,0,2,0,0,48,0,0,0,211,89,3365
CINAMBO,CISARANTEN WETAN,1030,1174,1318,136,119,522,10,0,3,0,0,0,0,0,954,29,10,9,122,4,0,0,0,0,0,0,0,0,0,0,0,0,0,0,0,1,0,0,0,0,0,0,0,0,2,1,0,0,0,0,0,0,0,0,0,0,0,0,0,0,0,0,0,10,46,0,0,0,0,0,1,3,12,13,0,0,0,0,0,0,6,0,0,53,0,0,0,347,128,6063
CINAMBO,PAKEMITAN,905,1109,1168,84,90,5,4,1,4,0,0,0,0,0,907,10,4,6,146,1,0,0,1,0,0,0,0,0,0,0,0,0,0,0,0,0,0,0,0,0,0,0,0,3,0,0,0,0,0,0,0,0,0,0,0,0,0,0,0,0,0,0,0,6,44,0,0,0,1,0,0,2,2,1,0,0,0,0,1,0,3,0,0,148,0,0,0,637,165,5458
CINAMBO,SUKAMULYA,914,1149,1141,72,106,14,8,0,4,0,0,0,0,0,1093,35,9,2,445,1,0,0,0,0,0,0,0,0,0,0,0,0,0,0,0,0,0,0,0,0,0,0,0,0,0,0,0,0,0,0,0,0,0,0,0,0,0,0,0,0,0,0,0,8,36,0,0,0,0,0,2,4,2,0,1,0,0,0,0,0,4,0,0,37,0,0,0,280,130,5497
CINAMBO,BABAKAN PENGHULU,1174,1476,1479,53,144,7,9,1,10,0,0,0,0,1,1129,50,8,9,528,0,0,0,1,1,0,0,0,0,0,0,0,0,0,0,0,1,0,0,0,0,0,2,0,2,0,0,0,0,0,0,0,0,0,0,0,0,0,0,0,0,0,0,0,17,26,0,1,0,0,0,0,9,1,0,1,1,0,0,1,0,4,0,0,43,0,0,0,486,178,6853
MANDALAJATI,JATIHANDAP,4330,4975,4789,287,503,37,34,29,8,0,0,1,0,7,4544,108,32,37,1699,0,0,0,3,0,0,0,1,0,0,1,0,1,0,2,1,7,0,0,0,0,0,1,0,5,1,0,0,0,0,0,0,0,0,0,0,0,0,0,0,0,0,0,0,44,147,0,2,0,3,0,1,18,7,12,1,0,0,0,0,0,12,0,0,315,0,0,0,1526,1201,24732
MANDALAJATI,KARANG PAMULANG,2882,3481,3459,179,360,19,27,3,1,0,0,0,0,0,3195,77,10,16,1185,2,0,0,0,0,0,0,0,0,0,0,0,0,0,0,1,3,0,0,1,0,0,1,0,0,0,0,0,0,0,0,0,0,1,0,0,0,0,0,0,0,0,0,0,20,82,0,2,0,0,0,2,25,3,8,2,0,0,0,0,0,12,0,0,110,0,0,0,900,669,16738
MANDALAJATI,PASIR IMPUN,1971,2464,2258,126,177,15,23,2,2,1,0,0,0,0,2081,47,10,10,814,2,0,0,0,0,1,0,0,0,0,0,0,0,0,0,1,1,0,0,0,0,0,0,0,0,0,0,0,0,0,0,0,0,0,0,0,0,0,0,0,0,0,0,0,27,37,0,1,0,0,0,1,5,1,1,0,1,0,0,0,0,16,0,0,69,0,0,0,729,615,11509
MANDALAJATI,SINDANG JAYA,2404,2611,2678,328,364,17,15,0,2,0,0,0,1,0,2882,99,22,21,510,1,1,1,0,0,0,1,0,0,0,0,0,0,0,0,0,1,0,0,0,1,0,1,0,3,0,0,0,0,0,0,0,0,0,0,0,0,0,0,0,0,0,0,0,30,77,0,4,0,0,0,2,12,1,6,2,0,0,0,0,0,8,0,1,49,0,0,0,832,374,13362
