No.,Bulan,WB,WRC,PRC,TC,Apheresis,FFP,Plasma,BC,AHF
1,Januari,72,370,10050,2507,91,251,9664,748,127
2,Februari,33,58,11084,2287,58,691,10242,680,37
3,Maret,28,370,11338,2566,60,314,10910,770,190
4,April,41,380,10740,2403,61,727,6,17,58
5,Mei,14,326,9919,2368,116,664,3,25,36
6,Juni,33,258,5951,2607,52,363,5457,790,-
7,Juli,33,303,11879,2750,78,615,11116,1031,8
8,Agustus,16,334,10248,2767,48,870,10273,903,65
9,September,28,315,9567,2419,47,181,9250,824,113
10,Oktober,28,350,11255,2683,72,859,10240,1008,22
11,November,18,375,8998,2613,47,576,8293,891,220
12,Desember,18,377,9209,2998,47,585,8500,943,14
