nama_kecamatan,jumlah_pengguna_IUD,persentase_pengguna_IUD,jumlah_pengguna_MOW,persentase_pengguna_MOW,jumlah_pengguna_MOP,persentase_pengguna_MOP,jumlah_pengguna_kondom,persentase_pengguna_kondom,jumlah_pengguna_implan,persentase_pengguna_implan,jumlah_pengguna_suntikan,persentase_pengguna_suntikan,jumlah_pengguna_pil,persentase_pengguna_pil,jumlah_peserta_kb_aktif
Sukasari,2229,32.54,195,2.85,14,0.2,129,1.88,124,1.81,2783,40.63,1375,20.08,6849
Coblong,4626,36.16,1218,9.52,23,0.18,680,5.32,305,2.38,4531,35.42,1410,11.02,12793
Babakan Ciparay,3709,19.82,254,1.36,33,0.18,105,0.56,302,1.61,11567,61.81,2744,14.66,18714
Bojongloa Kaler,5744,40.42,453,3.19,63,0.44,266,1.87,222,1.56,4511,31.75,2951,20.77,14210
Andir,3253,27.74,1017,8.67,21,0.18,277,2.36,237,2.02,5440,46.39,1481,12.63,11726
Cicendo,2841,27.28,547,5.25,5,0.05,240,2.3,230,2.21,4483,43.04,2070,19.87,10416
Sukajadi,3510,27.08,1836,14.17,19,0.15,592,4.57,400,3.09,4043,31.19,2561,19.76,12961
Cidadap,1404,21.74,246,3.81,6,0.09,81,1.25,551,8.53,3198,49.51,973,15.06,6459
Bandung Wetan,1790,45.22,459,11.6,70,1.77,88,2.22,124,3.13,852,21.53,575,14.53,3958
Astana Anyar,2666,35.49,264,3.51,26,0.35,66,0.88,230,3.06,3332,44.36,928,12.35,7512
Regol,4762,50.07,391,4.11,48,0.5,325,3.42,188,1.98,3153,33.15,643,6.76,9510
Batununggal,4061,30.26,278,2.07,19,0.14,233,1.74,129,0.96,6670,49.69,2032,15.14,13422
Lengkong,2293,42.18,222,4.08,3,0.06,205,3.77,209,3.84,1927,35.45,577,10.61,5436
Cibeunying Kidul,4492,32.42,1144,8.26,6,0.04,300,2.16,331,2.39,6010,43.37,1574,11.36,13857
Bandung Kulon,6222,42.13,329,2.23,10,0.07,544,3.68,711,4.81,3786,25.63,3168,21.45,14770
Kiaracondong,4531,29.82,257,1.69,17,0.11,363,2.39,233,1.53,7364,48.47,2429,15.99,15194
Bojongloa Kidul,2470,24.62,154,1.54,12,0.12,92,0.92,245,2.44,6231,62.12,827,8.24,10031
Cibeunying Kaler,4248,59.84,359,5.06,27,0.38,134,1.89,104,1.46,922,12.99,1305,18.38,7099
Sumur Bandung,933,37.5,107,4.3,5,0.2,147,5.91,94,3.78,841,33.8,361,14.51,2488
Antapani,3083,39.21,178,2.26,31,0.39,236,3,111,1.41,3309,42.08,915,11.64,7863
Bandung Kidul,1913,27.88,121,1.76,7,0.1,292,4.26,128,1.87,3120,45.47,1281,18.67,6862
Buahbatu,3248,31.04,167,1.6,21,0.2,190,1.82,194,1.85,5360,51.23,1283,12.26,10463
Rancasari,2716,37.68,149,2.07,11,0.15,251,3.48,70,0.97,2906,40.31,1106,15.34,7209
Arcamanik,2355,31.17,237,3.14,12,0.16,355,4.7,192,2.54,3022,40,1382,18.29,7555
Cibiru,1973,22.15,173,1.94,33,0.37,177,1.99,274,3.08,4435,49.79,1842,20.68,8907
Ujung Berung,10523,71.73,132,0.9,58,0.4,261,1.78,382,2.6,1666,11.36,1648,11.23,14670
Gedebage,2865,36.5,575,7.32,102,1.3,199,2.54,163,2.08,2636,33.58,1310,16.69,7850
Panyileukan,1851,38.62,157,3.28,2,0.04,231,4.82,145,3.03,1818,37.93,589,12.29,4793
Cinambo,1068,29.91,69,1.93,9,0.25,61,1.71,65,1.82,1744,48.84,555,15.54,3571
Mandalajati,2117,22.9,295,3.19,13,0.14,223,2.41,282,3.05,4556,49.28,1760,19.04,9246