lokasi,nama_komoditas,2015-07-01,2015-07-02,2015-07-03,2015-07-04,2015-07-05,2015-07-06,2015-07-07,2015-07-08,2015-07-09,2015-07-10,2015-07-11,2015-07-12,2015-07-13,2015-07-14,2015-07-15,2015-07-16,2015-07-17,2015-07-18,2015-07-19,2015-07-20,2015-07-21,2015-07-22,2015-07-23,2015-07-24,2015-07-25,2015-07-26,2015-07-27,2015-07-28,2015-07-29,2015-07-30,2015-07-31
"Pasar Sederhana","Beras Medium",9000,9000,9000,0,0,9500,9500,9500,9500,9500,0,0,10000,10000,10000,0,0,0,0,0,0,10000,10000,10000,0,0,10000,10000,10000,10000,0
"Pasar Sederhana","Cabe Merah",28000,28000,28000,0,0,24000,24000,24000,24000,24000,0,0,40000,40000,40000,0,0,0,0,0,0,65000,65000,65000,0,0,30000,30000,30000,35000,0
"Pasar Sederhana","Bawang Merah",28000,28000,28000,0,0,24000,24000,24000,24000,24000,0,0,24000,24000,24000,0,0,0,0,0,0,24000,24000,24000,0,0,24000,24000,24000,28000,0
"Pasar Sederhana","Daging Ayam Ras",31000,31000,31000,0,0,33000,33000,33000,33000,35000,0,0,33000,33000,33000,0,0,0,0,0,0,36000,36000,36000,0,0,36000,36000,36000,30000,0
"Pasar Sederhana","Telur Ayam Ras",22000,22000,22000,0,0,20000,20000,20000,20000,20000,0,0,20000,20000,20000,0,0,0,0,0,0,20000,20000,20000,0,0,20000,20000,20000,20000,0
"Pasar Sederhana","Daging Sapi",100000,100000,100000,0,0,100000,100000,100000,100000,100000,0,0,120000,120000,120000,0,0,0,0,0,0,110000,110000,110000,0,0,110000,110000,110000,100000,0
"Pasar Sederhana","Minyak Goreng",14500,14500,14500,0,0,14500,14500,14500,14500,14500,0,0,14500,14500,14500,0,0,0,0,0,0,14500,14500,14500,0,0,14500,14500,14500,14500,0
"Pasar Sederhana","Gula Pasir",13000,13000,13000,0,0,13000,13000,13000,13000,13000,0,0,13000,13000,13000,0,0,0,0,0,0,13000,13000,13000,0,0,13000,13000,13000,12000,0
"Pasar Sederhana",Kentang,10000,10000,10000,0,0,10000,10000,10000,10000,10000,0,0,10000,10000,10000,0,0,0,0,0,0,12000,12000,12000,0,0,12000,12000,12000,10000,0
"Pasar Sederhana",Kedelai,12000,12000,12000,0,0,12000,12000,12000,12000,12000,0,0,12000,12000,12000,0,0,0,0,0,0,12000,12000,12000,0,0,12000,12000,12000,12000,0
"Pasar Sederhana","Tepung Terigu",7500,7500,7500,0,0,7500,7500,7500,7500,7500,0,0,7500,7500,7500,0,0,0,0,0,0,7500,7500,7500,0,0,7500,7500,7500,8000,0
"Pasar Sederhana","Bawang Putih",20000,20000,20000,0,0,20000,20000,20000,20000,20000,0,0,20000,20000,20000,0,0,0,0,0,0,20000,20000,20000,0,0,20000,20000,20000,20000,0
"Pasar Sederhana","Cabe Keriting",28000,28000,28000,0,0,26000,26000,26000,26000,26000,0,0,40000,40000,40000,0,0,0,0,0,0,40000,40000,40000,0,0,30000,30000,30000,30000,0
"Pasar Sederhana","Cabe Rawit",30000,30000,30000,0,0,30000,30000,36000,36000,36000,0,0,50000,50000,50000,0,0,0,0,0,0,80000,80000,80000,0,0,50000,50000,50000,40000,0
"Pasar Sederhana","Kacang Tanah",28000,28000,28000,0,0,28000,28000,28000,28000,28000,0,0,28000,28000,28000,0,0,0,0,0,0,28000,28000,28000,0,0,28000,28000,28000,22000,0
"Pasar Sederhana","Ubi Kayu",4000,4000,4000,0,0,4000,4000,4000,4000,4000,0,0,4000,4000,4000,0,0,0,0,0,0,4000,4000,4000,0,0,4000,4000,4000,4000,0
"Pasar Sederhana","Ubi Jalar",0,0,0,0,0,0,0,0,0,0,0,0,0,0,0,0,0,0,0,0,0,0,0,0,0,0,0,0,0,0,0
"Pasar Sederhana",Jagung,7000,7000,7000,0,0,7000,7000,7000,7000,7000,0,0,7000,7000,7000,0,0,0,0,0,0,7000,7000,7000,0,0,7000,7000,7000,7000,0
"Pasar Sederhana","Ikan Olahan",70000,70000,70000,0,0,70000,70000,70000,70000,70000,0,0,70000,70000,70000,0,0,0,0,0,0,70000,70000,70000,0,0,70000,70000,70000,70000,0
"Pasar Sederhana","Beras Premium",0,0,0,0,0,0,0,0,0,0,0,0,0,0,0,0,0,0,0,0,0,0,0,0,0,0,0,0,0,0,0
"Pasar Sederhana","Minyak Goreng Curah",13000,13000,13000,0,0,13000,13000,13000,13000,13000,0,0,13000,13000,13000,0,0,0,0,0,0,13000,13000,13000,0,0,12500,12500,12500,12000,0
"Pasar Sederhana","Daging Ayam Kampung",55000,55000,55000,0,0,55000,55000,55000,55000,55000,0,0,55000,55000,55000,0,0,0,0,0,0,60000,60000,60000,0,0,60000,60000,60000,55000,0
"Pasar Sederhana","Telur Ayam Kampung",44000,44000,44000,0,0,44000,44000,44000,44000,44000,0,0,44000,44000,44000,0,0,0,0,0,0,44000,44000,44000,0,0,44000,44000,44000,44000,0
"Pasar Sederhana","Susu Kental Manis Merk Bendera",10000,10000,10000,0,0,10000,10000,10000,10000,10000,0,0,10000,10000,10000,0,0,0,0,0,0,10000,10000,10000,0,0,10000,10000,10000,9500,0
"Pasar Sederhana","Susu Kental Manis Merk Indomilk",9500,9500,9500,0,0,9500,9500,9500,9500,9500,0,0,9500,9500,9500,0,0,0,0,0,0,9500,9500,9500,0,0,9500,9500,9500,10000,0
"Pasar Sederhana","Garam Beryodium Bata",1000,1000,1000,0,0,1000,1000,1000,1000,1000,0,0,1000,1000,1000,0,0,0,0,0,0,1000,1000,1000,0,0,1000,1000,1000,1000,0
"Pasar Sederhana","Garam Beryodium Halus",4000,4000,4000,0,0,4000,4000,4000,4000,4000,0,0,4000,4000,4000,0,0,0,0,0,0,4000,4000,4000,0,0,4000,4000,4000,4000,0
"Pasar Sederhana","Tepung Terigu Cakra Kembar",8500,8500,8500,0,0,8500,8500,8500,8500,8500,0,0,8500,8500,8500,0,0,0,0,0,0,8500,8500,8500,0,0,8500,8500,8500,8500,0
"Pasar Sederhana","Tepung Terigu Kunci",7500,7500,7500,0,0,7500,7500,7500,7500,7500,0,0,7500,7500,7500,0,0,0,0,0,0,7500,7500,7500,0,0,7500,7500,7500,7500,0
"Pasar Sederhana","Mie Instan",2000,2000,2000,0,0,2000,2000,2000,2000,2000,0,0,2000,2000,0,0,0,0,0,0,0,2000,2000,2000,0,0,0,2000,2000,2000,0
"Pasar Sederhana","Cabe Rawit Hijau",30000,30000,30000,0,0,30000,30000,36000,36000,36000,0,0,50000,50000,50000,0,0,0,0,0,0,60000,60000,60000,0,0,40000,40000,40000,40000,0
"Pasar Sederhana","Kacang Hijau",20000,20000,20000,0,0,22000,22000,22000,22000,22000,0,0,22000,22000,22000,0,0,0,0,0,0,22000,22000,22000,0,0,22000,22000,22000,20000,0
"Pasar Sederhana","Susu Bubuk Dancow",38300,38300,38300,0,0,38300,38300,38300,38300,38300,0,0,38300,38300,38300,0,0,0,0,0,0,38300,38300,38300,0,0,38300,38300,38300,34750,0
"Pasar Sederhana","Susu Bubuk Indomilk",31250,36500,36500,0,0,36500,36500,36500,36500,36500,0,0,36500,36500,36500,0,0,0,0,0,0,36500,36500,36500,0,0,36500,36500,36500,31250,0
"Pasar Sederhana","Ikan Kembung",30000,30000,30000,0,0,30000,30000,32000,32000,32000,0,0,32000,32000,32000,0,0,0,0,0,0,32000,32000,32000,0,0,32000,32000,32000,30000,0
