lokasi,nama_komoditas,2015-03-01,2015-03-02,2015-03-03,2015-03-04,2015-03-05,2015-03-06,2015-03-07,2015-03-08,2015-03-09,2015-03-10,2015-03-11,2015-03-12,2015-03-13,2015-03-14,2015-03-15,2015-03-16,2015-03-17,2015-03-18,2015-03-19,2015-03-20,2015-03-21,2015-03-22,2015-03-23,2015-03-24,2015-03-25,2015-03-26,2015-03-27,2015-03-28,2015-03-29,2015-03-30,2015-03-31
"Pasar Kosambi","Beras Medium",10000,11000,11000,11000,11000,0,0,0,11000,11000,11000,11000,11000,0,0,10500,10500,10500,0,10500,0,0,10500,10500,10500,10500,10500,0,0,10000,0
"Pasar Kosambi","Cabe Merah",30000,40000,40000,40000,40000,0,0,0,0,50000,50000,50000,50000,0,0,0,50000,50000,0,50000,0,0,50000,50000,50000,50000,50000,0,0,35000,0
"Pasar Kosambi","Bawang Merah",22000,22000,22000,22000,22000,0,0,0,0,24000,24000,24000,24000,0,0,30000,30000,30000,0,21000,0,0,34000,34000,34000,34000,34000,0,0,35000,0
"Pasar Kosambi","Daging Ayam Ras",30000,28000,28000,28000,28000,0,0,0,28000,28000,28000,28000,28000,0,0,0,28000,28000,0,28000,0,0,28000,28000,28000,28000,28000,0,0,28000,0
"Pasar Kosambi","Telur Ayam Ras",20000,19500,19500,19500,19500,0,0,0,19500,18500,18500,18500,18500,0,0,18500,18500,18000,0,18000,0,0,17500,17500,17500,17500,17500,0,0,17500,0
"Pasar Kosambi","Daging Sapi",100000,100000,100000,100000,100000,0,0,0,100000,100000,100000,100000,0,0,0,100000,100000,100000,0,100000,0,0,100000,100000,100000,100000,100000,0,0,100000,0
"Pasar Kosambi","Minyak Goreng",14000,14000,14000,14000,14000,0,0,0,14000,14000,14000,14000,14000,0,0,14000,14000,14000,0,14000,0,0,14000,14000,14000,14000,14000,0,0,14000,0
"Pasar Kosambi","Gula Pasir",11500,11500,11500,11500,11500,0,0,0,11500,11500,11500,11500,11500,0,0,11500,11500,0,0,0,0,0,11500,11500,11500,11500,11500,0,0,11500,0
"Pasar Kosambi",Kentang,11000,11000,11000,11000,11000,0,0,0,0,11000,11000,11000,11000,0,0,11000,11000,11000,0,11000,0,0,0,11000,11000,11000,11000,0,0,11000,0
"Pasar Kosambi",Kedelai,11000,11000,11000,11000,11000,0,0,0,0,11000,11000,11000,11000,0,0,0,11000,11000,0,11000,0,0,11000,11000,11000,11000,11000,0,0,0,0
"Pasar Kosambi","Tepung Terigu",7500,7500,7500,7500,7500,0,0,0,0,7500,7500,7500,7500,0,0,0,7500,7500,0,7500,0,0,7500,7500,7500,7500,7500,0,0,7500,0
"Pasar Kosambi","Bawang Putih",16000,16000,16000,16000,16000,0,0,0,0,16000,16000,16000,16000,0,0,16000,16000,16000,0,16000,0,0,16000,16000,16000,16000,16000,0,0,16000,0
"Pasar Kosambi","Cabe Keriting",30000,30000,30000,30000,30000,0,0,0,0,30000,30000,30000,30000,0,0,0,30000,30000,0,30000,0,0,25000,25000,25000,0,25000,0,0,25000,0
"Pasar Kosambi","Cabe Rawit",30000,40000,40000,40000,40000,0,0,0,0,50000,50000,50000,50000,0,0,50000,50000,50000,0,50000,0,0,50000,50000,50000,50000,50000,0,0,40000,0
"Pasar Kosambi","Kacang Tanah",18000,18000,18000,18000,18000,0,0,0,0,21000,21000,21000,21000,0,0,21000,21000,21000,0,21000,0,0,21000,21000,21000,21000,21000,0,0,21000,0
"Pasar Kosambi","Ubi Kayu",4000,4000,4000,4000,4000,0,0,0,0,4000,4000,4000,4000,0,0,4000,4000,4000,0,4000,0,0,4000,4000,4000,4000,4000,0,0,4000,0
"Pasar Kosambi","Ubi Jalar",0,0,0,0,0,0,0,0,0,0,0,0,0,0,0,0,0,0,0,0,0,0,0,0,0,0,0,0,0,0,0
"Pasar Kosambi",Jagung,7000,7000,7000,7000,7000,0,0,0,0,7000,7000,7000,7000,0,0,0,7000,7000,0,7000,0,0,7000,7000,7000,7000,7000,0,0,7000,0
"Pasar Kosambi","Ikan Olahan",50000,50000,50000,50000,50000,0,0,0,0,50000,50000,50000,50000,0,0,50000,50000,50000,0,50000,0,0,50000,50000,50000,50000,50000,0,0,50000,0
"Pasar Kosambi","Beras Premium",0,0,0,0,0,0,0,0,0,0,0,0,0,0,0,0,0,0,0,0,0,0,0,0,0,0,0,0,0,0,0
"Pasar Kosambi","Minyak Goreng Curah",11000,11000,11000,11000,11000,0,0,0,11000,11500,11500,11500,11500,0,0,11500,11500,11500,0,11000,0,0,11500,11500,11500,11500,11500,0,0,11500,0
"Pasar Kosambi","Daging Ayam Kampung",0,50000,50000,50000,50000,0,0,0,50000,50000,50000,50000,50000,0,0,50000,50000,50000,0,50000,0,0,50000,50000,50000,50000,50000,0,0,50000,0
"Pasar Kosambi","Telur Ayam Kampung",40000,40000,40000,40000,40000,0,0,0,50000,40000,40000,40000,40000,0,0,50000,50000,40000,40000,40000,0,0,40000,40000,40000,40000,40000,0,0,40000,0
"Pasar Kosambi","Susu Kental Manis Merk Bendera",10000,10000,10000,10000,10000,0,0,0,10000,10000,10000,10000,10000,0,0,10000,10000,10000,10000,10000,0,0,10000,10000,10000,10000,10000,0,0,10000,0
"Pasar Kosambi","Susu Kental Manis Merk Indomilk",0,9500,9500,9500,9500,0,0,0,9500,9500,9500,9500,9500,0,0,9500,9500,9500,9500,9500,0,0,9500,9500,9500,9500,9500,0,0,9500,0
"Pasar Kosambi","Garam Beryodium Bata",1000,1000,1000,1000,1000,0,0,0,0,1000,1000,1000,1000,0,0,0,1000,1000,0,1000,0,0,1000,1000,1000,1000,1000,0,0,1000,0
"Pasar Kosambi","Garam Beryodium Halus",3000,3000,3000,3000,3000,0,0,0,0,3000,3000,3000,3000,0,0,0,3000,3000,0,3000,0,0,3000,3000,3000,3000,3000,0,0,3000,0
"Pasar Kosambi","Tepung Terigu Cakra Kembar",7500,7500,7500,7500,7500,0,0,0,0,7500,7500,7500,7500,0,0,0,7500,7500,0,7500,0,0,7500,7500,7500,7500,7500,0,0,7500,0
"Pasar Kosambi","Tepung Terigu Kunci",7000,7500,7500,7500,7500,0,0,0,0,7000,7000,7000,7000,0,0,0,7000,7000,0,7000,0,0,7000,7000,7000,7000,7000,0,0,7000,0
"Pasar Kosambi","Mie Instan",0,1900,1900,1900,1900,0,0,0,0,1900,1900,1900,1900,0,0,0,1900,1900,0,1900,0,0,1900,1900,0,1900,1900,0,0,1900,0
"Pasar Kosambi","Cabe Rawit Hijau",0,30000,0,0,0,0,0,0,0,0,30000,0,30000,0,0,0,30000,0,0,30000,0,0,25000,25000,25000,25000,25000,0,0,25000,0
"Pasar Kosambi","Kacang Hijau",0,0,0,0,0,0,0,0,0,0,0,0,0,0,0,0,0,0,0,0,0,0,0,0,0,0,0,0,0,0,0
"Pasar Kosambi","Susu Bubuk Dancow",0,34500,34500,34500,34500,0,0,0,0,34500,34500,34500,34500,0,0,0,34500,34500,0,34500,0,0,34500,34500,34500,34500,34500,0,0,34500,0
"Pasar Kosambi","Susu Bubuk Indomilk",0,30000,30000,30000,30000,0,0,0,0,30000,30000,30000,30000,0,0,0,0,30000,0,30000,0,0,30000,30000,30000,30000,30000,0,0,30000,0
"Pasar Kosambi","Ikan Kembung",0,30000,30000,30000,30000,0,0,0,0,30000,30000,30000,30000,0,0,30000,30000,30000,0,30000,0,0,30000,30000,30000,30000,30000,0,0,30000,0
