lokasi,nama_komoditas,2015-02-01,2015-02-02,2015-02-03,2015-02-04,2015-02-05,2015-02-06,2015-02-07,2015-02-08,2015-02-09,2015-02-10,2015-02-11,2015-02-12,2015-02-13,2015-02-14,2015-02-15,2015-02-16,2015-02-17,2015-02-18,2015-02-19,2015-02-20,2015-02-21,2015-02-22,2015-02-23,2015-02-24,2015-02-25,2015-02-26,2015-02-27,2015-02-28
"Pasar Kiaracondong","Beras Medium",0,0,0,9500,9500,9500,9500,9500,0,0,9500,9500,0,9500,9500,0,0,10000,10000,10000,10000,10000,0,0,11000,10000,11000,11000
"Pasar Kiaracondong","Cabe Merah",0,0,0,20000,20000,20000,20000,20000,0,0,25000,25000,0,25000,25000,0,0,25000,25000,25000,25000,25000,0,0,30000,25000,30000,30000
"Pasar Kiaracondong","Bawang Merah",0,0,0,16000,16000,16000,16000,16000,0,0,16000,16000,0,16000,16000,0,0,16000,16000,16000,16000,16000,0,0,16000,16000,16000,16000
"Pasar Kiaracondong","Daging Ayam Ras",0,0,0,30000,30000,30000,30000,30000,0,0,32000,32000,0,32000,32000,0,0,32000,32000,32000,32000,32000,0,0,32000,32000,32000,32000
"Pasar Kiaracondong","Telur Ayam Ras",0,0,0,22000,22000,22000,22000,22000,0,0,21000,21000,0,21000,21000,0,0,21000,21000,21000,21000,21000,0,0,20000,21000,32000,20000
"Pasar Kiaracondong","Daging Sapi",0,0,0,96000,96000,96000,96000,96000,0,0,96000,96000,0,96000,96000,0,0,96000,96000,0,96000,96000,0,0,96000,96000,0,96000
"Pasar Kiaracondong","Minyak Goreng",0,0,0,15000,15000,15000,15000,15000,0,0,15000,15000,0,15000,15000,0,0,15000,15000,15000,15000,15000,0,0,15000,15000,15000,15000
"Pasar Kiaracondong","Gula Pasir",0,0,0,11000,11000,11000,11000,11000,0,0,11000,11000,0,11000,11000,0,0,11000,11000,11000,11000,11000,0,0,11000,11000,11000,11000
"Pasar Kiaracondong",Kentang,0,0,0,12000,12000,12000,12000,12000,0,0,12000,11000,0,11000,11000,0,0,11000,11000,11000,11000,11000,0,0,11000,11000,11000,11000
"Pasar Kiaracondong",Kedelai,0,0,0,12000,12000,12000,12000,12000,0,0,12000,12000,0,12000,12000,0,0,12000,12000,12000,12000,12000,0,0,12000,12000,12000,12000
"Pasar Kiaracondong","Tepung Terigu",0,0,0,7000,7000,7000,7000,7000,0,0,7000,7000,0,7000,7000,0,0,7000,7000,7000,7000,7000,0,0,7000,7000,7000,7000
"Pasar Kiaracondong","Bawang Putih",0,0,0,15000,15000,15000,15000,15000,0,0,15000,15000,0,15000,15000,0,0,15000,15000,15000,15000,15000,0,0,15000,15000,15000,15000
"Pasar Kiaracondong","Cabe Keriting",0,0,0,25000,25000,25000,25000,25000,0,0,25000,25000,0,25000,25000,0,0,25000,25000,25000,25000,25000,0,0,20000,25000,20000,20000
"Pasar Kiaracondong","Cabe Rawit",0,0,0,45000,45000,45000,45000,45000,0,0,45000,45000,0,45000,45000,0,0,30000,30000,30000,30000,30000,0,0,25000,30000,25000,25000
"Pasar Kiaracondong","Kacang Tanah",0,0,0,22000,22000,22000,22000,22000,0,0,22000,22000,0,22000,22000,0,0,22000,22000,22000,22000,22000,0,0,22000,22000,22000,22000
"Pasar Kiaracondong","Ubi Kayu",0,0,0,3000,3000,3000,3000,3000,0,0,3000,3000,0,3000,3000,0,0,3000,3000,3000,3000,3000,0,0,3000,3000,3000,3000
"Pasar Kiaracondong","Ubi Jalar",0,0,0,0,0,0,0,0,0,0,0,0,0,0,0,0,0,0,0,0,0,0,0,0,0,0,0,0
"Pasar Kiaracondong",Jagung,0,0,0,6000,6000,6000,6000,6000,0,0,6000,6000,0,7000,6000,0,0,6000,6000,6000,6000,6000,0,0,6000,6000,6000,6000
"Pasar Kiaracondong","Ikan Olahan",0,0,0,45000,50000,50000,45000,45000,0,0,45000,45000,0,45000,45000,0,0,50000,50000,50000,45000,45000,0,0,45000,45000,50000,50000
"Pasar Kiaracondong","Beras Premium",0,0,0,0,0,0,0,0,0,0,0,0,0,0,0,0,0,0,0,0,0,0,0,0,0,0,0,0
"Pasar Kiaracondong","Minyak Goreng Curah",0,0,0,11000,11000,11000,11000,11000,0,0,11000,11000,0,11000,11000,0,0,11000,11000,11000,11000,11000,0,0,11000,11000,11000,11000
"Pasar Kiaracondong","Daging Ayam Kampung",0,0,0,0,0,0,0,0,0,0,0,0,0,0,0,0,0,0,0,0,0,0,0,0,0,0,0,0
"Pasar Kiaracondong","Telur Ayam Kampung",0,0,0,45000,45000,45000,45000,45000,0,0,45000,45000,0,45000,45000,0,0,45000,45000,45000,45000,45000,0,0,45000,45000,45000,45000
"Pasar Kiaracondong","Susu Kental Manis Merk Bendera",0,0,0,10000,10000,10000,10000,10000,0,0,10000,10000,0,10000,10000,0,0,10000,10000,10000,10000,10000,0,0,10000,10000,10000,10000
"Pasar Kiaracondong","Susu Kental Manis Merk Indomilk",0,0,0,0,0,0,0,0,0,0,0,0,0,0,0,0,0,0,0,0,0,0,0,0,0,0,0,0
"Pasar Kiaracondong","Garam Beryodium Bata",0,0,0,1000,1000,1000,1000,1000,0,0,1000,1000,0,1000,1000,0,0,1000,1000,1000,1000,1000,0,0,1000,1000,1000,1000
"Pasar Kiaracondong","Garam Beryodium Halus",0,0,0,3300,3300,3300,3300,3300,0,0,3300,3300,0,3300,3300,0,0,3300,3300,3300,3300,3300,0,0,3300,3300,3300,3300
"Pasar Kiaracondong","Tepung Terigu Cakra Kembar",0,0,0,7500,7500,7500,7500,7500,0,0,7500,7500,0,7500,7500,0,0,7500,7500,7500,7500,7500,0,0,7500,7500,7500,7500
"Pasar Kiaracondong","Tepung Terigu Kunci",0,0,0,7000,7000,7000,7000,7000,0,0,7000,7000,0,7000,7000,0,0,7000,7000,7000,7000,7000,0,0,7000,7000,7000,7000
"Pasar Kiaracondong","Mie Instan",0,0,0,0,0,0,0,0,0,0,0,0,0,0,0,0,0,0,0,0,0,0,0,0,0,0,0,0
"Pasar Kiaracondong","Cabe Rawit Hijau",0,0,0,0,0,0,0,0,0,0,0,25000,0,25000,0,0,0,0,0,20000,0,0,0,0,0,0,25000,0
"Pasar Kiaracondong","Kacang Hijau",0,0,0,0,0,0,0,0,0,0,0,0,0,0,0,0,0,0,0,0,0,0,0,0,0,0,0,0
"Pasar Kiaracondong","Susu Bubuk Dancow",0,0,0,0,0,0,0,0,0,0,0,0,0,0,0,0,0,0,0,0,0,0,0,0,0,0,0,0
"Pasar Kiaracondong","Susu Bubuk Indomilk",0,0,0,0,0,0,0,0,0,0,0,0,0,0,0,0,0,0,0,0,0,0,0,0,0,0,0,0
"Pasar Kiaracondong","Ikan Kembung",0,0,0,0,0,0,0,0,0,0,0,0,0,0,0,0,0,0,0,0,0,0,0,0,0,0,0,0
