nama_kecamatan,iud_sisa_bulan_lalu,kondom_sisa_bulan_lalu,implant_sisa_bulan_lalu,suntikan_sisa_bulan_lalu,pil_sisa_bulan_lalu,iud_diterima_bulan_ini,kondom_diterima_bulan_ini,implant_diterima_bulan_ini,suntikan_diterima_bulan_ini,pil_keluar_bulan_ini,iud_keluar_bulan_ini,kondom_keluar_bulan_ini,implant_keluar_bulan_ini,suntikan_keluar_bulan_ini,pil_diterima_bulan_ini,iud_sisa_akhir_bulan_ini,kondom_sisa_akhir_bulan_ini,implant_sisa_akhir_bulan_ini,suntikan_sisa_akhir_bulan_ini,pil_sisa_akhir_bulan_ini
Sukasari,98,39,37,250,548,0,24,0,600,100,10,11,1,167,40,88,52,36,683,608
Coblong,57,51,43,315,1557,0,24,0,100,0,3,1,0,93,15,54,74,43,322,1542
Babakan Ciparay,34,115,38,294,429,25,1215,0,200,0,2,242,2,94,15,57,1088,36,400,414
Bojongloa Kaler,73,199,95,350,231,0,0,0,200,0,27,108,0,189,63,46,91,95,361,168
Andir,48,198,16,147,1691,50,0,0,200,0,62,13,16,81,21,36,185,0,266,1670
Cicendo,0,0,0,2,32,3,2,0,20,0,3,2,0,14,3,0,0,0,8,29
Sukajadi,42,23,24,699,214,125,48,0,158,100,122,42,1,207,119,45,29,23,650,195
Cidadap,29,21,23,561,1382,0,12,0,0,0,0,7,0,46,5,29,26,23,515,1377
Bandung Wetan,98,61,34,390,1221,0,0,0,100,0,5,3,0,70,13,93,58,34,420,1208
Astana Anyar,154,55,28,784,1177,25,12,0,500,200,52,6,1,132,28,127,61,27,1152,1349
Regol,103,32,34,641,1400,33,0,0,0,0,37,15,0,65,24,99,17,34,576,1376
Batununggal,126,111,28,359,1720,0,0,0,0,0,16,5,3,133,1,110,106,25,226,1719
Lengkong,158,413,35,709,1252,72,24,4,100,0,70,18,11,103,4,160,419,28,706,1248
Cibeunying Kidul,135,8,21,259,926,0,0,0,0,0,4,0,0,40,50,131,8,21,219,876
Bandung Kulon,147,13,31,414,1561,0,0,0,200,0,6,11,1,126,13,141,2,30,488,1548
Kiaracondong,28,15,21,143,554,25,0,0,180,0,9,5,0,154,24,44,10,21,169,530
Bojongloa Kidul,32,11,20,442,538,0,0,0,0,0,3,0,0,7,0,29,11,20,435,538
Cibeunying Kaler,33,0,142,493,533,7,0,22,3,8,31,0,7,353,379,9,0,157,143,162
Sumur Bandung,208,448,23,880,1952,0,0,0,0,0,1,7,0,74,12,207,441,23,806,1940
Antapani,63,120,14,292,1117,0,0,0,133,0,4,6,0,51,7,59,114,14,374,1110
Bandung Kidul,37,22,8,355,595,25,144,0,300,200,0,3,0,37,4,62,163,8,618,791
Buahbatu,51,44,22,281,634,0,0,0,0,0,10,4,1,107,7,41,40,21,174,627
Rancasari,31,22,28,308,631,0,0,0,0,0,5,2,0,93,36,26,20,28,215,595
Arcamanik,78,50,36,165,375,0,0,0,200,0,5,1,2,101,2,73,49,34,264,373
Cibiru,97,363,41,271,359,0,0,0,200,0,12,19,3,84,106,85,344,38,387,253
Ujung Berung,27,3,19,90,80,0,0,0,100,100,4,3,0,19,22,23,0,19,171,158
Gedebage,81,12,39,351,786,0,0,0,0,0,5,2,4,17,1,76,10,35,334,785
Panyileukan,27,203,27,135,373,0,0,0,0,0,3,51,2,72,8,24,152,25,63,365
Cinambo,13,6,18,452,531,100,0,0,100,0,52,0,4,26,1,61,6,14,526,530
Mandalajati,276,117,35,158,2352,0,0,0,300,100,4,2,0,92,10,272,115,35,366,2442