nama_kecamatan,jumlah_pengguna_IUD,persentase_pengguna_IUD,jumlah_pengguna_MOW,persentase_pengguna_MOW,jumlah_pengguna_MOP,persentase_pengguna_MOP,jumlah_pengguna_kondom,persentase_pengguna_kondom,jumlah_pengguna_implan,persentase_pengguna_implan,jumlah_pengguna_suntikan,persentase_pengguna_suntikan,jumlah_pengguna_pil,persentase_pengguna_pil,jumlah_peserta_kb_aktif
Sukasari,1864,29.21,176,2.76,12,0.19,172,2.7,77,1.21,2970,46.54,1111,17.41,6382
Coblong,4406,35.71,1202,9.74,23,0.19,690,5.59,267,2.16,4341,35.19,1408,11.41,12337
Babakan Ciparay,3444,20.07,245,1.43,32,0.19,106,0.62,254,1.48,10418,60.71,2661,15.51,17160
Bojongloa Kaler,5532,39.55,446,3.19,56,0.4,244,1.74,192,1.37,4634,33.13,2885,20.62,13989
Andir,2351,22.94,758,7.4,19,0.19,156,1.52,272,2.65,4228,41.25,2466,24.06,10250
Cicendo,2638,27.4,512,5.32,32,0.33,228,2.37,156,1.62,4156,43.17,1906,19.8,9628
Sukajadi,3224,27.99,1978,17.17,37,0.32,565,4.91,166,1.44,3474,30.16,2074,18.01,11518
Cidadap,1344,21.73,239,3.86,7,0.11,103,1.67,517,8.36,3027,48.94,948,15.33,6185
Bandung Wetan,1627,46.62,429,12.29,27,0.77,105,3.01,102,2.92,750,21.49,450,12.89,3490
Astana Anyar,2365,34.28,274,3.97,43,0.62,176,2.55,232,3.36,2879,41.73,930,13.48,6899
Regol,4472,52.5,379,4.45,279,3.28,32,0.38,135,1.58,2672,31.37,549,6.45,8518
Batununggal,3556,30.2,273,2.32,18,0.15,210,1.78,87,0.74,5688,48.31,1943,16.5,11775
Lengkong,2120,41.46,223,4.36,15,0.29,193,3.77,206,4.03,1778,34.77,578,11.3,5113
Cibeunying Kidul,3955,32.36,1125,9.21,53,0.43,266,2.18,88,0.72,5222,42.73,1511,12.36,12220
Bandung Kulon,6633,60.05,282,2.55,10,0.09,145,1.31,308,2.79,2012,18.22,1655,14.98,11045
Kiaracondong,3835,27.23,228,1.62,20,0.14,448,3.18,166,1.18,6619,46.99,2769,19.66,14085
Bojongloa Kidul,2225,23.28,125,1.31,32,0.33,28,0.29,231,2.42,6116,63.99,800,8.37,9557
Cibeunying Kaler,3074,41.65,231,3.13,34,0.46,142,1.92,196,2.66,2369,32.1,1335,18.09,7381
Sumur Bandung,835,32.44,99,3.85,2,0.08,154,5.98,69,2.68,920,35.74,495,19.23,2574
Antapani,2869,39.2,169,2.31,31,0.42,215,2.94,79,1.08,3019,41.25,937,12.8,7319
Bandung Kidul,674,22.61,60,2.01,7,0.23,85,2.85,24,0.81,1585,53.17,546,18.32,2981
Buahbatu,2758,31.8,128,1.48,26,0.3,153,1.76,137,1.58,4201,48.44,1270,14.64,8673
Rancasari,3749,38.82,376,3.89,25,0.26,240,2.49,80,0.83,4207,43.56,980,10.15,9657
Arcamanik,2333,33.94,236,3.43,24,0.35,111,1.62,393,5.72,2972,43.24,804,11.7,6873
Cibiru,1356,19.59,127,1.83,31,0.45,152,2.2,241,3.48,3670,53.03,1344,19.42,6921
Ujung Berung,8222,67.45,126,1.03,58,0.48,258,2.12,358,2.94,1536,12.6,1632,13.39,12190
Gedebage,1979,37.98,532,10.21,111,2.13,164,3.15,106,2.03,1871,35.91,447,8.58,5210
Panyileukan,1521,37.76,133,3.3,4,0.1,184,4.57,82,2.04,1494,37.09,610,15.14,4028
Cinambo,879,27.69,66,2.08,9,0.28,58,1.83,34,1.07,1572,49.53,556,17.52,3174
Mandalajati,1974,23.65,276,3.31,10,0.12,177,2.12,144,1.72,4089,48.98,1678,20.1,8348
