lokasi,nama_komoditas,2017-11-01,2017-11-02,2017-11-03,2017-11-04,2017-11-05,2017-11-06,2017-11-07,2017-11-08,2017-11-09,2017-11-10,2017-11-11,2017-11-12,2017-11-13,2017-11-14,2017-11-15,2017-11-16,2017-11-17,2017-11-18,2017-11-19,2017-11-20,2017-11-21,2017-11-22,2017-11-23,2017-11-24,2017-11-25,2017-11-26,2017-11-27,2017-11-28,2017-11-29,2017-11-30
"Pasar Sederhana","Beras Medium",0,10000,10000,0,0,10000,0,10000,10000,10000,0,0,10000,10000,10000,10000,10000,0,0,10000,10000,10000,0,10000,0,0,10000,0,10000,10000
"Pasar Sederhana","Cabe Merah",0,30000,30000,0,0,40000,0,40000,40000,40000,0,0,50000,50000,50000,50000,50000,0,0,55000,55000,55000,0,55000,0,0,55000,0,55000,55000
"Pasar Sederhana","Bawang Merah",0,24000,24000,0,0,24000,0,24000,24000,24000,0,0,24000,24000,24000,24000,24000,0,0,28000,28000,28000,0,28000,0,0,28000,0,28000,28000
"Pasar Sederhana","Daging Ayam Ras",0,30000,30000,0,0,31000,0,31000,31000,31000,0,0,31000,31000,31000,31000,31000,0,0,33000,33000,33000,0,33000,0,0,33000,0,33000,33000
"Pasar Sederhana","Telur Ayam Ras",0,21000,21000,0,0,21000,0,21000,21000,21000,0,0,21000,21000,21000,21000,21000,0,0,33000,33000,33000,0,22000,0,0,22000,0,24000,0
"Pasar Sederhana","Daging Sapi",0,115000,115000,0,0,115000,0,115000,115000,115000,0,0,115000,115000,115000,115000,115000,0,0,120000,120000,120000,0,120000,0,0,120000,0,120000,120000
"Pasar Sederhana","Minyak Goreng",0,15000,15000,0,0,15000,0,15000,15000,15000,0,0,15000,15000,15000,15000,15000,0,0,14000,14000,14000,0,14000,0,0,14000,0,14000,14000
"Pasar Sederhana","Gula Pasir",0,13500,13500,0,0,13500,0,13500,13500,13500,0,0,13500,13500,13500,13500,13500,0,0,13500,13500,13500,0,13500,0,0,13500,0,13500,13500
"Pasar Sederhana",Kentang,0,0,16000,0,0,0,0,16000,0,0,0,0,0,0,16000,0,0,0,0,0,0,0,0,15000,0,0,15000,0,15000,15000
"Pasar Sederhana",Kedelai,0,12000,12000,0,0,12000,0,12000,12000,12000,0,0,12000,12000,12000,12000,12000,0,0,12000,12000,12000,0,12000,0,0,12000,0,12000,12000
"Pasar Sederhana","Tepung Terigu",0,7500,7500,0,0,7500,0,7500,7500,7500,0,0,7500,7500,7500,7500,7500,0,0,7500,7500,7500,0,7500,0,0,7500,0,7500,7500
"Pasar Sederhana","Bawang Putih",0,24000,24000,0,0,24000,0,24000,24000,24000,0,0,24000,30000,30000,30000,30000,0,0,24000,24000,24000,0,24000,0,0,24000,0,24000,24000
"Pasar Sederhana","Cabe Keriting",0,32000,32000,0,0,32000,0,32000,32000,32000,0,0,50000,50000,50000,50000,50000,0,0,50000,50000,50000,0,50000,0,0,50000,0,50000,50000
"Pasar Sederhana","Cabe Rawit",0,24000,24000,0,0,24000,0,24000,24000,24000,0,0,24000,24000,24000,24000,24000,0,0,28000,28000,28000,0,28000,0,0,28000,0,28000,28000
"Pasar Sederhana","Kacang Tanah",0,25000,25000,0,0,25000,0,25000,25000,25000,0,0,25000,25000,25000,25000,25000,0,0,27000,27000,27000,0,27000,0,0,27000,0,27000,27000
"Pasar Sederhana","Ubi Kayu",0,4000,4000,0,0,4000,0,4000,4000,4000,0,0,4000,4000,4000,4000,4000,0,0,4000,4000,4000,0,4000,0,0,4000,0,4000,4000
"Pasar Sederhana","Ubi Jalar",0,0,0,0,0,0,0,0,0,0,0,0,0,0,0,0,0,0,0,0,0,0,0,0,0,0,0,0,0,0
"Pasar Sederhana",Jagung,0,10000,10000,0,0,10000,0,10000,10000,10000,0,0,10000,10000,10000,10000,10000,0,0,10000,10000,10000,0,10000,0,0,10000,0,12000,12000
"Pasar Sederhana","Ikan Olahan",0,70000,70000,0,0,70000,0,70000,70000,70000,0,0,70000,70000,70000,70000,70000,0,0,70000,70000,70000,0,70000,0,0,70000,0,0,70000
"Pasar Sederhana","Beras Premium",0,0,0,0,0,0,0,0,0,0,0,0,0,0,0,0,0,0,0,0,0,0,0,0,0,0,0,0,0,0
"Pasar Sederhana","Minyak Goreng Curah",0,12000,12000,0,0,12000,0,12000,12000,12000,0,0,12000,12000,12000,12000,12000,0,0,12500,12500,12500,0,12500,0,0,12500,0,12500,12500
"Pasar Sederhana","Daging Ayam Kampung",0,70000,70000,0,0,70000,0,70000,70000,70000,0,0,70000,70000,70000,70000,70000,0,0,70000,70000,70000,0,70000,0,0,70000,0,70000,70000
"Pasar Sederhana","Telur Ayam Kampung",0,44000,44000,0,0,44000,0,44000,44000,44000,0,0,44000,44000,44000,44000,44000,0,0,44000,44000,44000,0,44000,0,0,44000,0,44000,44000
"Pasar Sederhana","Susu Kental Manis Merk Bendera",0,10000,10000,0,0,10000,0,10000,10000,10000,0,0,10000,10000,10000,10000,10000,0,0,10000,10000,10000,0,10000,0,0,10000,0,10000,10000
"Pasar Sederhana","Susu Kental Manis Merk Indomilk",0,9500,9500,0,0,9500,0,9500,9500,9500,0,0,9500,9500,9500,9500,9500,0,0,9500,9500,9500,0,9500,0,0,9500,0,9500,9500
"Pasar Sederhana","Garam Beryodium Bata",0,2500,2500,0,0,2500,0,2500,2500,2500,0,0,2500,2500,2500,2500,2500,0,0,2500,2500,2500,0,2500,0,0,2500,0,2500,2500
"Pasar Sederhana","Garam Beryodium Halus",0,12000,0,0,0,12000,0,0,12000,12000,0,0,12000,12000,0,12000,12000,0,0,12000,12000,12000,0,0,0,0,12000,0,12000,12000
"Pasar Sederhana","Tepung Terigu Cakra Kembar",0,8000,8000,0,0,8000,0,8000,8000,8000,0,0,8000,8000,8000,8000,8000,0,0,8000,8000,8000,0,8000,0,0,8000,0,8000,8000
"Pasar Sederhana","Tepung Terigu Kunci",0,7000,7000,0,0,7000,0,7000,7000,7000,0,0,7000,7000,7000,7000,7000,0,0,7000,7000,7000,0,7000,0,0,7000,0,7000,7000
"Pasar Sederhana","Mie Instan",0,2500,2500,0,0,2500,0,2500,2500,2500,0,0,2500,2500,2500,2500,2500,0,0,2500,2500,2500,0,2500,0,0,2500,0,2500,2500
"Pasar Sederhana","Cabe Rawit Hijau",0,24000,24000,0,0,24000,0,24000,24000,24000,0,0,24000,24000,24000,24000,24000,0,0,25000,25000,25000,0,25000,0,0,25000,0,25000,25000
"Pasar Sederhana","Kacang Hijau",0,24000,24000,0,0,24000,0,24000,24000,24000,0,0,24000,24000,24000,24000,24000,0,0,23000,23000,23000,0,23000,0,0,32000,0,3000,3000
"Pasar Sederhana","Susu Bubuk Dancow",0,41200,41200,0,0,41200,0,41200,41200,41200,0,0,41200,41200,41200,41200,41200,0,0,41200,41200,41200,0,41200,0,0,41200,0,41200,41200
"Pasar Sederhana","Susu Bubuk Indomilk",0,36500,36500,0,0,36500,0,36500,36500,36500,0,0,36500,36500,36500,36500,36500,0,0,36500,36500,36500,0,36500,0,0,36500,0,36500,36500
"Pasar Sederhana","Ikan Kembung",0,30000,30000,0,0,30000,0,30000,30000,30000,0,0,30000,30000,30000,30000,30000,0,0,34000,34000,34000,0,34000,0,0,34000,0,40000,40000
