nama_sekolah,jarak_0_1,persen_jarak_0_1,jarak_1_2,persen_jarak_1_2,jarak_2_3,persen_jarak_2_3,jarak_3_4,persen_jarak_3_4,jarak_4_keatas,persen_jarak_4_keatas,total_jumlah_pendaftar
SMP Negeri 1,45,11.45,121,30.79,67,17.05,61,15.52,99,25.19,393
SMP Negeri 2,57,15.97,33,9.24,38,10.64,53,14.85,176,49.30,357
SMP Negeri 3,72,21.82,103,31.21,51,15.45,47,14.24,57,17.27,330
SMP Negeri 4,181,57.64,63,20.06,28,8.92,7,2.23,35,11.15,314
SMP Negeri 5,63,13.61,57,12.31,48,10.37,67,14.47,228,49.24,463
SMP Negeri 6,47,21.56,54,24.77,52,23.85,44,20.18,21,9.63,218
SMP Negeri 7,23,5.35,129,30.00,62,14.42,54,12.56,162,37.67,430
SMP Negeri 8,135,27.89,156,32.23,72,14.88,49,10.12,72,14.88,484
SMP Negeri 9,64,14.07,163,35.82,72,15.82,61,13.41,95,20.88,455
SMP Negeri 10,59,17.46,104,30.77,59,17.46,88,26.04,28,8.28,338
SMP Negeri 11,91,21.98,187,45.17,48,11.59,37,8.94,51,12.32,414
SMP Negeri 12,112,33.73,91,27.41,75,22.59,18,5.42,36,10.84,332
SMP Negeri 13,113,22.92,125,25.35,47,9.53,41,8.32,167,33.87,493
SMP Negeri 14,55,17.63,96,30.77,75,24.04,48,15.38,38,12.18,312
SMP Negeri 15,93,24.35,180,47.12,67,17.54,21,5.50,21,5.50,382
SMP Negeri 16,182,42.92,152,35.85,54,12.74,12,2.83,24,5.66,424
SMP Negeri 17,104,29.97,123,35.45,63,18.16,19,5.48,38,10.95,347
SMP Negeri 18,139,27.42,133,26.23,122,24.06,46,9.07,67,13.21,507
SMP Negeri 19,286,58.25,178,36.25,16,3.26,4,0.81,7,1.43,491
SMP Negeri 20,136,56.90,52,21.76,26,10.88,13,5.44,12,5.02,239
SMP Negeri 21,188,69.89,59,21.93,11,4.09,5,1.86,6,2.23,269
SMP Negeri 22,106,33.44,126,39.75,41,12.93,19,5.99,25,7.89,317
SMP Negeri 23,86,33.20,104,40.15,41,15.83,18,6.95,10,3.86,259
SMP Negeri 24,286,86.93,28,8.51,1,0.30,2,0.61,12,3.65,329
SMP Negeri 25,87,31.18,78,27.96,77,27.60,16,5.73,21,7.53,279
SMP Negeri 26,204,49.51,139,33.74,47,11.41,11,2.67,11,2.67,412
SMP Negeri 27,99,40.57,95,38.93,43,17.62,6,2.46,1,0.41,244
SMP Negeri 28,53,18.60,71,24.91,26,9.12,24,8.42,111,38.95,285
SMP Negeri 29,77,35.16,99,45.21,30,13.70,12,5.48,1,0.46,219
SMP Negeri 30,69,21.90,132,41.90,44,13.97,19,6.03,51,16.19,315
SMP Negeri 31,130,41.53,93,29.71,30,9.58,16,5.11,44,14.06,313
SMP Negeri 32,34,16.83,91,45.05,64,31.68,3,1.49,10,4.95,202
SMP Negeri 33,230,67.65,92,27.06,5,1.47,5,1.47,8,2.35,340
SMP Negeri 34,54,14.44,104,27.81,44,11.76,38,10.16,134,35.83,374
SMP Negeri 35,133,40.43,121,36.78,53,16.11,16,4.86,6,1.82,329
SMP Negeri 36,130,41.14,115,36.39,42,13.29,18,5.70,11,3.48,316
SMP Negeri 37,211,69.41,81,26.64,8,2.63,0,0.00,4,1.32,304
SMP Negeri 38,217,48.22,134,29.78,42,9.33,41,9.11,16,3.56,450
SMP Negeri 39,77,24.06,142,44.38,61,19.06,10,3.13,30,9.38,320
SMP Negeri 40,86,22.22,97,25.06,138,35.66,24,6.20,42,10.85,387
SMP Negeri 41,101,25.19,150,37.41,113,28.18,22,5.49,15,3.74,401
SMP Negeri 42,78,41.27,72,38.10,21,11.11,7,3.70,11,5.82,189
SMP Negeri 43,109,39.35,76,27.44,45,16.25,19,6.86,28,10.11,277
SMP Negeri 44,82,22.78,141,39.17,39,10.83,31,8.61,67,18.61,360
SMP Negeri 45,202,57.06,123,34.75,24,6.78,1,0.28,4,1.13,354
SMP Negeri 46,76,18.05,202,47.98,105,24.94,17,4.04,21,4.99,421
SMP Negeri 47,216,48.54,130,29.21,58,13.03,22,4.94,19,4.27,445
SMP Negeri 48,109,28.02,158,40.62,74,19.02,14,3.60,34,8.74,389
SMP Negeri 49,177,45.50,145,37.28,29,7.46,23,5.91,15,3.86,389
SMP Negeri 50,220,49.44,170,38.20,31,6.97,5,1.12,19,4.27,445
SMP Negeri 51,137,33.01,113,27.23,113,27.23,29,6.99,23,5.54,415
SMP Negeri 52,85,34.84,84,34.43,65,26.64,7,2.87,3,1.23,244
SMP Negeri 53,143,59.83,59,24.69,26,10.88,10,4.18,1,0.42,239
MTsN Negeri 1,55,23.01,77,32.22,52,21.76,36,15.06,19,7.95,239
MTsN Negeri 2,54,24.77,76,34.86,37,16.97,22,10.09,29,13.30,218
