lokasi,nama_komoditas,2016-03-04,2016-03-11,2016-03-18,2016-03-25,2016-03-01,2016-03-02,2016-03-03,2016-03-07,2016-03-08,2016-03-10,2016-03-14,2016-03-15,2016-03-16,2016-03-17,2016-03-20,2016-03-21,2016-03-22,2016-03-23,2016-03-24,2016-03-28,2016-03-29,2016-03-30,2016-03-31,2016-03-05,2016-03-06,2016-03-09
Pasar Baru,Beras Medium,10000,10000,0,0,10000,10000,10000,10000,10000,10000,0,0,10000,10000,0,10000,10000,10000,10000,10000,10000,0,10000,0,0,0
Pasar Baru,Cabe Merah,78000,78000,0,0,78000,78000,60000,70000,78000,0,0,0,78000,78000,0,78000,78000,78000,78000,50000,50000,0,40000,78000,78000,50000
Pasar Baru,Bawang Merah,50000,50000,0,0,50000,50000,38000,50000,50000,50000,0,0,36000,36000,0,50000,50,50000,50000,45000,45000,0,55000,50000,50000,45000
Pasar Baru,Daging Ayam Ras,28000,28000,0,0,28000,28000,28000,28000,28000,28000,0,0,35000,35000,0,32000,32000,32000,18500,30000,30000,0,30000,0,0,0
Pasar Baru,Telur Ayam Ras,18500,20000,0,0,20000,18500,22000,20000,20000,20000,0,0,0,20000,0,18500,18500,18500,18500,18500,18500,0,18500,20000,20000,18500
Pasar Baru,Daging Sapi,120000,120000,0,0,120000,120000,120000,120000,120000,120000,0,0,120000,120000,0,120000,120000,120000,120000,120000,120000,0,120000,0,0,0
Pasar Baru,Minyak Goreng,14000,14000,0,0,14000,14000,14000,14000,14000,14000,0,0,14000,14000,0,14000,14000,14000,14000,14000,14000,0,13000,14000,14000,14000
Pasar Baru,Gula Pasir,13000,13000,0,0,13000,13000,13000,13000,13000,13000,0,0,13000,13000,0,13000,13000,13000,13000,13000,0,0,11000,13000,13000,13000
Pasar Baru,Kentang,12000,12000,0,0,12000,12000,14000,12000,12000,12000,0,0,12000,0,0,12000,0,12000,12000,0,12000,0,9000,12000,12000,12000
Pasar Baru,Kedelai,11000,11000,0,0,11000,11000,11000,11000,11000,11000,0,0,11000,11000,0,11000,0,11000,11000,11000,11000,0,0,11000,11000,11000
Pasar Baru,Tepung Terigu,7500,7500,0,0,7500,7500,7500,7500,0,7500,0,0,7500,7500,0,7500,7500,7500,0,7500,7500,0,7000,0,0,0
Pasar Baru,Bawang Putih,50000,36000,0,0,36000,50000,36000,36000,36000,36000,0,0,0,36000,0,50000,50000,50000,50000,45000,45000,0,40000,36000,36000,45000
Pasar Baru,Cabe Keriting,60000,60000,0,0,60000,60000,40000,60000,60000,60000,0,0,60000,60000,0,0,60000,60000,60000,50000,0,0,40000,60000,60000,50000
Pasar Baru,Cabe Rawit,70000,70000,0,0,70000,70000,40000,70000,70000,70000,0,0,70000,70000,0,70000,0,70000,70000,70000,70000,0,45000,70000,70000,70000
Pasar Baru,Kacang Tanah,27000,27000,0,0,27000,27000,27000,27000,27000,27000,0,0,27000,27000,0,27000,27000,27000,27000,27000,0,0,24000,27000,27000,27000
Pasar Baru,Ubi Kayu,3000,3000,0,0,3000,3000,3000,3000,3000,3000,0,0,3000,3000,0,3000,3000,3000,3000,3000,3000,0,5000,3000,3000,3000
Pasar Baru,Ubi Jalar,0,0,0,0,0,0,0,0,0,0,0,0,0,0,0,0,0,0,0,0,0,0,0,0,0,0
Pasar Baru,Jagung,7000,7000,0,0,7000,7000,7000,7000,7000,0,0,0,7000,7000,0,7000,7000,7000,7000,7000,7000,0,8000,7000,7000,7000
Pasar Baru,Ikan Olahan,60000,60000,0,0,60000,60000,60000,60000,60000,60000,0,0,60000,60000,0,60000,60000,60000,60000,60000,60000,0,60000,60000,60000,60000
Pasar Baru,Beras Premium,0,0,0,0,0,0,0,0,0,0,0,0,0,0,0,0,0,0,0,0,0,0,0,0,0,0
Pasar Baru,Minyak Goreng Curah,10000,0,0,0,10000,10000,10000,0,10000,10000,0,0,10000,10000,0,10000,10000,10000,10000,11000,11000,0,10000,10000,10000,11000
Pasar Baru,Daging Ayam Kampung,65000,65000,0,0,65000,65000,65000,65000,65000,65000,0,0,65000,65000,0,65000,65000,65000,0,65000,65000,0,65000,0,0,0
Pasar Baru,Telur Ayam Kampung,45000,45000,0,0,45000,45000,45000,45000,45000,45000,0,0,45000,45000,0,45000,45000,45000,45000,45000,45000,0,45000,45000,45000,45000
Pasar Baru,Susu Kental Manis Merk Bendera,11000,11000,0,0,11000,11000,11000,11000,11000,11000,0,0,11000,11000,0,11000,11000,11000,11000,11000,11000,0,11000,11000,11000,11000
Pasar Baru,Susu Kental Manis Merk Indomilk,9500,9500,0,0,9500,9500,9500,9500,9500,9500,0,0,9500,9500,0,9500,9500,9500,9500,0,9500,0,10000,0,0,0
Pasar Baru,Garam Beryodium Bata,1500,1500,0,0,1500,1500,1500,1500,1500,1500,0,0,1500,1500,0,1500,1500,1500,1500,1500,1500,0,1000,1500,1500,1500
Pasar Baru,Garam Beryodium Halus,6000,6000,0,0,6000,6000,6000,6000,6000,6000,0,0,6000,6000,0,6000,6000,6000,6000,6000,6000,0,6000,6000,6000,6000
Pasar Baru,Tepung Terigu Cakra Kembar,8000,8000,0,0,8000,8000,8000,8000,8000,8000,0,0,0,8000,0,8000,8000,8000,80000,8000,8000,0,0,8000,8000,8000
Pasar Baru,Tepung Terigu Kunci,7500,7500,0,0,7500,7500,7500,7500,7500,7500,0,0,7500,7500,0,7500,7500,7500,7500,7500,7500,0,7500,7500,7500,7500
Pasar Baru,Mie Instan,2000,2000,0,0,2000,2000,2000,2000,2000,2000,0,0,2000,2000,0,2000,2000,2000,2000,2000,2000,0,2500,2000,2000,2000
Pasar Baru,Cabe Rawit Hijau,50000,50000,0,0,50000,50000,41000,50000,50000,50000,0,0,50000,50000,0,50000,50000,50000,50000,40000,40000,0,45000,50000,50000,40000
Pasar Baru,Kacang Hijau,22000,22000,0,0,22000,22000,22000,22000,22000,22000,0,0,22000,22000,0,22000,22000,22000,22000,22000,22000,0,22000,22000,22000,22000
Pasar Baru,Susu Bubuk Dancow,36000,36000,0,0,36000,36000,36000,36000,36000,36000,0,0,36000,36000,0,36000,36000,0,36000,36000,36000,0,38300,36000,36000,36000
Pasar Baru,Susu Bubuk Indomilk,33500,33500,0,0,33500,33500,33500,33500,33500,33500,0,0,33500,33500,0,33500,33500,33500,33500,33500,33500,0,34950,0,0,0
Pasar Baru,Ikan Kembung,30000,60000,0,0,30000,30000,30000,30000,30000,60000,0,0,30000,30000,0,30000,30000,30000,30000,30000,30000,0,35000,30000,30000,30000
