nama_kecamatan,iud_sisa_bulan_lalu,kondom_sisa_bulan_lalu,implant_sisa_bulan_lalu,suntikan_sisa_bulan_lalu,pil_sisa_bulan_lalu,iud_diterima_bulan_ini,kondom_diterima_bulan_ini,implant_diterima_bulan_ini,suntikan_diterima_bulan_ini,pil_keluar_bulan_ini,iud_keluar_bulan_ini,kondom_keluar_bulan_ini,implant_keluar_bulan_ini,suntikan_keluar_bulan_ini,pil_diterima_bulan_ini,iud_sisa_akhir_bulan_ini,kondom_sisa_akhir_bulan_ini,implant_sisa_akhir_bulan_ini,suntikan_sisa_akhir_bulan_ini,pil_sisa_akhir_bulan_ini
Sukasari,108,43,14,439,778,0,0,0,0,0,6,17,0,242,64,102,26,14,197,714
Coblong,133,101,58,583,1335,0,0,0,0,0,0,3,0,14,2,133,98,58,569,1333
Babakan Ciparay,98,21,18,660,795,0,0,0,0,0,2,6,0,107,24,96,15,18,553,771
Bojongloa Kaler,109,96,114,83,666,0,10,0,200,0,7,21,6,151,59,102,85,108,132,607
Andir,129,328,31,191,488,0,144,0,200,0,10,12,3,78,0,119,460,28,313,488
Cicendo,99,33,14,637,666,0,0,0,0,0,11,27,0,78,22,88,6,14,559,644
Sukajadi,6,15,14,4,31,145,48,4,538,300,138,32,4,538,233,13,31,14,4,98
Cidadap,100,36,30,753,1515,0,0,0,0,0,6,0,0,63,23,94,36,30,690,1492
Bandung Wetan,134,51,19,758,1433,0,0,0,0,0,17,5,0,63,8,117,46,19,695,1425
Astana Anyar,106,116,13,705,898,0,24,4,100,50,10,17,4,150,40,96,123,13,655,908
Regol,254,203,31,1552,1438,50,0,0,0,100,40,27,0,82,76,264,176,31,1470,1462
Batununggal,139,83,23,566,1309,0,0,0,0,0,22,3,0,120,40,117,80,23,446,1269
Lengkong,104,78,9,252,666,64,1,0,0,4,64,9,1,42,25,104,70,8,210,645
Cibeunying Kidul,86,27,17,334,1099,0,0,0,15,0,12,3,1,88,52,74,24,16,261,1047
Bandung Kulon,110,30,14,707,1542,0,0,0,0,0,9,12,1,146,44,101,18,13,561,1498
Kiaracondong,95,36,4,390,571,0,0,0,0,0,7,4,1,88,3,88,32,3,302,568
Bojongloa Kidul,23,15,7,566,583,25,0,0,0,0,8,5,0,6,2,40,10,7,560,581
Cibeunying Kaler,77,28,20,395,350,0,0,0,0,0,9,8,0,191,56,68,20,20,204,294
Sumur Bandung,0,0,0,0,0,0,0,0,0,0,0,0,0,0,0,0,0,0,0,0
Antapani,131,97,29,334,1643,0,0,0,0,0,0,4,0,92,32,131,93,29,242,1611
Bandung Kidul,151,31,28,400,834,0,0,0,100,200,4,0,0,49,19,147,31,28,451,1015
Buahbatu,75,27,24,318,897,0,0,0,0,0,8,8,1,105,112,67,19,23,213,785
Rancasari,79,212,36,475,531,0,0,0,300,100,9,15,0,300,66,70,197,36,475,565
Arcamanik,163,236,8,340,365,17,0,9,0,0,26,63,9,87,0,154,173,8,253,365
Cibiru,88,107,22,383,454,0,0,0,0,0,5,15,2,89,96,83,92,20,294,358
Ujung Berung,18,1,9,428,178,0,0,0,0,0,10,0,0,28,34,8,1,9,400,144
Gedebage,36,38,0,438,1042,0,0,0,0,0,2,6,0,71,93,34,32,0,367,949
Panyileukan,77,4,17,253,153,0,0,0,0,0,1,0,1,54,10,76,4,16,199,143
Cinambo,81,110,60,397,744,6,0,0,0,0,59,8,0,38,4,28,102,60,359,740
Mandalajati,157,88,27,916,1001,0,12,10,0,0,29,5,4,64,42,128,95,33,852,959