nama_kecamatan,iud_sisa_bulan_lalu,kondom_sisa_bulan_lalu,implant_sisa_bulan_lalu,suntikan_sisa_bulan_lalu,pil_sisa_bulan_lalu,iud_diterima_bulan_ini,kondom_diterima_bulan_ini,implant_diterima_bulan_ini,suntikan_diterima_bulan_ini,pil_diterima_bulan_ini,iud_diterima_bulan_ini,kondom_diterima_bulan_ini,implant_diterima_bulan_ini,suntikan_diterima_bulan_ini,pil_diterima_bulan_ini,iud_sisa_akhir_bulan_ini,kondom_sisa_akhir_bulan_ini,implant_sisa_akhir_bulan_ini,suntikan_sisa_akhir_bulan_ini,pil_sisa_akhir_bulan_ini
Sukasari,60,34,44,222,632,0,24,0,100,100,5,16,3,145,57,55,42,41,177,675
Coblong,84,87,21,498,525,0,0,10,0,0,32,11,8,311,14,52,76,23,187,511
Babakan Ciparay,131,121,18,304,489,0,0,0,0,0,8,3,2,43,18,123,118,16,261,471
Bojongloa Kaler,56,64,12,43,102,25,24,0,200,200,18,16,0,201,52,63,72,12,42,250
Andir,145,111,19,506,391,0,0,0,60,0,15,2,0,90,17,130,109,19,476,374
Cicendo,63,490,0,173,354,0,0,0,40,0,17,16,0,38,11,46,474,0,175,343
Sukajadi,78,7,7,113,50,270,72,6,320,300,192,31,6,346,215,156,48,7,87,135
Cidadap,109,41,7,224,311,25,0,0,155,0,18,0,0,325,40,116,41,7,54,271
Bandung Wetan,47,103,22,181,339,0,0,0,20,100,15,10,3,107,13,32,93,19,94,426
Astana Anyar,254,194,15,423,573,100,72,5,400,300,137,6,5,315,181,217,260,15,508,692
Regol,58,74,10,267,230,25,0,0,160,200,31,3,0,91,31,52,71,10,336,399
Batununggal,58,5,10,161,403,0,36,0,140,0,14,13,1,170,172,44,28,9,131,231
Lengkong,112,164,35,159,437,0,13,0,200,100,4,11,3,246,34,108,166,32,113,503
Cibeunying Kidul,47,104,95,171,332,0,12,0,20,0,20,12,0,82,30,27,104,95,109,302
Bandung Kulon,45,39,10,264,111,4,48,9,300,300,7,20,11,148,74,42,67,8,416,337
Kiaracondong,35,36,26,119,240,50,24,0,80,0,3,13,0,123,46,82,47,26,76,194
Bojongloa Kidul,16,9,1,92,77,0,0,0,0,0,8,2,0,7,27,8,7,1,85,50
Cibeunying Kaler,19,12,10,42,54,0,12,0,20,0,1,4,0,23,0,18,20,10,39,54
Sumur Bandung,59,41,8,132,182,0,0,0,36,0,35,10,0,88,97,24,31,8,80,85
Antapani,65,80,14,198,281,0,12,0,20,0,1,6,1,133,23,64,86,13,85,258
Bandung Kidul,61,50,18,207,295,25,12,0,40,100,4,10,2,189,116,82,52,16,58,279
Buahbatu,118,76,24,84,280,0,24,0,80,0,12,5,3,142,50,106,95,21,22,230
Rancasari,42,30,0,44,170,0,26,0,140,100,5,13,0,163,94,37,43,0,21,176
Arcamanik,34,45,9,25,84,25,24,0,100,0,32,2,3,63,20,27,67,6,62,64
Cibiru,67,44,28,250,274,0,0,0,243,202,11,0,1,348,160,56,44,27,145,316
Ujung Berung,30,12,0,142,15,0,0,0,0,0,1,12,0,46,13,29,0,0,96,2
Gedebage,83,38,29,213,476,0,0,0,0,0,19,0,1,54,71,64,38,28,159,405
Panyileukan,72,32,19,182,199,0,0,0,0,0,4,10,0,73,9,68,22,19,109,190
Cinambo,118,53,13,282,250,200,12,0,0,100,52,10,0,58,14,266,55,13,224,336
Mandalajati,59,48,13,119,248,0,12,10,100,0,8,42,11,131,100,51,18,12,88,148
