lokasi,nama_komoditas,2018-03-01,2018-03-02,2018-03-03,2018-03-04,2018-03-05,2018-03-06,2018-03-07,2018-03-08,2018-03-09,2018-03-10,2018-03-11,2018-03-12,2018-03-13,2018-03-14,2018-03-15,2018-03-16,2018-03-17,2018-03-18,2018-03-19,2018-03-20,2018-03-21,2018-03-22,2018-03-23,2018-03-24,2018-03-25,2018-03-26,2018-03-27,2018-03-28,2018-03-29,2018-03-30,2018-03-31
"Pasar Kosambi","Beras Medium",12500,11000,0,0,11000,11000,11000,11000,11000,0,0,10500,10500,10500,10500,10500,0,0,0,0,10500,0,10500,0,0,10500,0,10500,10500,0,0
"Pasar Kosambi","Cabe Merah",60000,60000,0,0,60000,40000,40000,40000,40000,0,0,35000,35000,35000,35000,35000,0,0,0,0,50000,0,50000,0,0,50000,0,50000,50000,0,0
"Pasar Kosambi","Bawang Merah",28000,28000,0,0,28000,28000,28000,28000,28000,0,0,33000,33000,33000,33000,33000,0,0,0,0,33000,0,33000,0,0,33000,0,33000,40000,0,0
"Pasar Kosambi","Daging Ayam Ras",34000,34000,0,0,34000,34000,34000,34000,34000,0,0,34000,34000,34000,34000,34000,0,0,0,0,34000,0,34000,0,0,36000,0,36000,34000,0,0
"Pasar Kosambi","Telur Ayam Ras",23000,23000,0,0,23000,23000,23000,23000,23000,0,0,23000,23000,23000,23000,23000,0,0,0,0,23000,0,23000,0,0,23000,0,23000,23000,0,0
"Pasar Kosambi","Daging Sapi",120000,120000,0,0,120000,120000,120000,120000,120000,0,0,120000,120000,120000,120000,120000,0,0,0,0,120000,0,120000,0,0,120000,0,120000,120000,0,0
"Pasar Kosambi","Minyak Goreng",15000,15000,0,0,15000,15000,15000,15000,15000,0,0,15000,15000,15000,15000,15000,0,0,0,0,15000,0,15000,0,0,15000,0,15000,15000,0,0
"Pasar Kosambi","Gula Pasir",12500,12500,0,0,12500,12500,12500,12500,12500,0,0,12500,12500,12500,12500,12500,0,0,0,0,12500,0,12500,0,0,12500,0,12500,12500,0,0
"Pasar Kosambi",Kentang,17000,17000,0,0,17000,17000,17000,17000,17000,0,0,17000,17000,17000,17000,17000,0,0,0,0,17000,0,17000,0,0,17000,0,17000,16000,0,0
"Pasar Kosambi",Kedelai,11000,11000,0,0,11000,11000,11000,11000,11000,0,0,11000,11000,11000,11000,11000,0,0,0,0,11000,0,11000,0,0,11000,0,11000,11000,0,0
"Pasar Kosambi","Tepung Terigu",7500,7500,0,0,7500,7500,7500,7500,7500,0,0,7500,7500,7500,7500,7500,0,0,0,0,7500,0,7500,0,0,7500,0,7500,7500,0,0
"Pasar Kosambi","Bawang Putih",30000,30000,0,0,30000,30000,30000,30000,30000,0,0,30000,30000,30000,30000,30000,0,0,0,0,30000,0,30000,0,0,30000,0,30000,32000,0,0
"Pasar Kosambi","Cabe Keriting",40000,40000,0,0,40000,40000,50000,50000,50000,0,0,50000,50000,50000,50000,50000,0,0,0,0,50000,0,50000,0,0,50000,0,50000,45000,0,0
"Pasar Kosambi","Cabe Rawit",60000,60000,0,0,60000,60000,80000,80000,80000,0,0,80000,80000,80000,80000,80000,0,0,0,0,80000,0,80000,0,0,80000,0,80000,60000,0,0
"Pasar Kosambi","Kacang Tanah",28000,28000,0,0,28000,28000,28000,28000,28000,0,0,28000,28000,28000,28000,28000,0,0,0,0,28000,0,28000,0,0,28000,0,28000,28000,0,0
"Pasar Kosambi","Ubi Kayu",4000,4000,0,0,4000,4000,4000,4000,4000,0,0,4000,4000,4000,4000,4000,0,0,0,0,4000,0,4000,0,0,4000,0,4000,4000,0,0
"Pasar Kosambi","Ubi Jalar",0,0,0,0,0,0,0,0,0,0,0,0,0,0,0,0,0,0,0,0,0,0,0,0,0,0,0,0,0,0,0
"Pasar Kosambi",Jagung,10000,10000,0,0,10000,10000,10000,10000,10000,0,0,10000,10000,10000,10000,10000,0,0,0,0,10000,0,10000,0,0,10000,0,10000,10000,0,0
"Pasar Kosambi","Ikan Olahan",80000,80000,0,0,0,80000,0,80000,80000,0,0,80000,0,0,80000,80000,0,0,0,0,80000,0,0,0,0,80000,0,80000,80000,0,0
"Pasar Kosambi","Beras Premium",0,0,0,0,0,0,0,0,0,0,0,0,0,0,0,0,0,0,0,0,0,0,0,0,0,0,0,0,0,0,0
"Pasar Kosambi","Minyak Goreng Curah",12000,12000,0,0,12000,12000,12000,12000,12000,0,0,12000,12000,12000,12000,12000,0,0,0,0,12000,0,12000,0,0,12000,0,12000,12000,0,0
"Pasar Kosambi","Daging Ayam Kampung",75000,75000,0,0,75000,75000,75000,75000,75000,0,0,75000,75000,75000,75000,75000,0,0,0,0,75000,0,75000,0,0,75000,0,75000,75000,0,0
"Pasar Kosambi","Telur Ayam Kampung",45000,45000,0,0,45000,45000,45000,45000,45000,0,0,45000,45000,45000,45000,45000,0,0,0,0,45000,0,45000,0,0,45000,0,45000,45000,0,0
"Pasar Kosambi","Susu Kental Manis Merk Bendera",10000,10000,0,0,10000,10000,10000,10000,10000,0,0,10000,10000,10000,10000,10000,0,0,0,0,9750,0,10000,0,0,10000,0,10000,10000,0,0
"Pasar Kosambi","Susu Kental Manis Merk Indomilk",9500,9500,0,0,9500,9500,9500,9500,9500,0,0,9500,9500,9500,9500,9500,0,0,0,0,9500,0,9500,0,0,9500,0,9500,9500,0,0
"Pasar Kosambi","Garam Beryodium Bata",2500,2500,0,0,2500,2500,2500,2500,2500,0,0,2500,2500,2500,2500,2500,0,0,0,0,2500,0,2500,0,0,2500,0,2500,2500,0,0
"Pasar Kosambi","Garam Beryodium Halus",12000,12000,0,0,12000,12000,12000,12000,12000,0,0,12000,12000,12000,12000,12000,0,0,0,0,12000,0,12000,0,0,12000,0,12000,12000,0,0
"Pasar Kosambi","Tepung Terigu Cakra Kembar",7500,7500,0,0,7500,7500,7500,7500,7500,0,0,7500,7500,7500,7500,7500,0,0,0,0,7500,0,7500,0,0,7500,0,7500,7500,0,0
"Pasar Kosambi","Tepung Terigu Kunci",7000,7000,0,0,7000,7000,7000,7000,7000,0,0,7000,7000,7000,7000,7000,0,0,0,0,7000,0,7000,0,0,7000,0,7000,7000,0,0
"Pasar Kosambi","Mie Instan",2300,2300,0,0,2300,2300,2300,2300,2300,0,0,2300,2300,2300,2300,2300,0,0,0,0,2300,0,2300,0,0,2300,0,2300,2300,0,0
"Pasar Kosambi","Cabe Rawit Hijau",43000,43000,0,0,43000,60000,60000,60000,60000,0,0,32000,32000,32000,32000,32000,0,0,0,0,35000,0,35000,0,0,35000,0,35000,40000,0,0
"Pasar Kosambi","Kacang Hijau",20000,20000,0,0,20000,20000,20000,20000,20000,0,0,20000,20000,20000,20000,20000,0,0,0,0,20000,0,20000,0,0,20000,0,20000,20000,0,0
"Pasar Kosambi","Susu Bubuk Dancow",0,34500,0,0,34500,34500,34500,34500,0,0,0,34500,34500,34500,34500,34500,0,0,0,0,34500,0,34500,0,0,34500,0,34500,34500,0,0
"Pasar Kosambi","Susu Bubuk Indomilk",30000,30000,0,0,30000,30000,30000,30000,30000,0,0,30000,30000,30000,30000,30000,0,0,0,0,30000,0,30000,0,0,30000,0,30000,30000,0,0
"Pasar Kosambi","Ikan Kembung",40000,40000,0,0,40000,40000,40000,40000,40000,0,0,40000,40000,40000,40000,40000,0,0,0,0,40000,0,40000,0,0,40000,0,40000,40000,0,0
