lokasi,nama_komoditas,2018-08-01,2018-08-02,2018-08-03,2018-08-04,2018-08-05,2018-08-06,2018-08-07,2018-08-08,2018-08-09,2018-08-10,2018-08-11,2018-08-12,2018-08-13,2018-08-14,2018-08-15,2018-08-16,2018-08-17,2018-08-18,2018-08-19,2018-08-20,2018-08-21,2018-08-22,2018-08-23,2018-08-24,2018-08-25,2018-08-26,2018-08-27,2018-08-28,2018-08-29,2018-08-30,2018-08-31
"Pasar Baru","Beras Medium",12000,12000,12000,0,0,12000,12000,0,12000,12000,0,0,12000,0,12000,0,0,0,0,12000,12000,0,0,12000,0,0,0,0,0,0,0
"Pasar Baru","Cabe Merah",50000,50000,50000,0,0,50000,50000,0,50000,50000,0,0,50000,0,50000,0,0,0,0,40000,40000,0,0,40000,0,0,0,0,0,0,0
"Pasar Baru","Bawang Merah",30000,30000,30000,0,0,30000,30000,0,30000,30000,0,0,30000,0,30000,0,0,0,0,30000,30000,0,0,30000,0,0,0,0,0,0,0
"Pasar Baru","Daging Ayam Ras",40000,40000,38000,0,0,38000,38000,0,35000,35000,0,0,37000,0,37000,0,0,0,0,38000,38000,0,0,38000,0,0,0,0,0,0,0
"Pasar Baru","Telur Ayam Ras",24000,24000,24000,0,0,24000,24000,0,23000,23000,0,0,23000,0,23000,0,0,0,0,22000,22000,0,0,22000,0,0,0,0,0,0,0
"Pasar Baru","Daging Sapi",120000,120000,120000,0,0,120000,118000,0,120000,120000,0,0,120000,0,120000,0,0,0,0,120000,120000,0,0,120000,0,0,0,0,0,0,0
"Pasar Baru","Minyak Goreng",15000,15000,15000,0,0,15000,15000,0,15000,15000,0,0,15000,0,15000,0,0,0,0,15000,15000,0,0,15000,0,0,0,0,0,0,0
"Pasar Baru","Gula Pasir",12500,12500,12500,0,0,12500,12500,0,12500,12500,0,0,12500,0,12500,0,0,0,0,12500,12500,0,0,12500,0,0,0,0,0,0,0
"Pasar Baru",Kentang,15000,15000,15000,0,0,15000,15000,0,15000,15000,0,0,15000,0,15000,0,0,0,0,15000,15000,0,0,15000,0,0,0,0,0,0,0
"Pasar Baru",Kedelai,12000,12000,12000,0,0,12000,12000,0,12000,12000,0,0,12000,0,12000,0,0,0,0,12000,12000,0,0,12000,0,0,0,0,0,0,0
"Pasar Baru","Tepung Terigu",7500,7500,7500,0,0,7500,7500,0,7500,7500,0,0,7500,0,7500,0,0,0,0,7500,7500,0,0,7500,0,0,0,0,0,0,0
"Pasar Baru","Bawang Putih",25000,25000,25000,0,0,25000,25000,0,25000,25000,0,0,25000,0,25000,0,0,0,0,25000,25000,0,0,25000,0,0,0,0,0,0,0
"Pasar Baru","Cabe Keriting",40000,40000,40000,0,0,40000,40000,0,40000,40000,0,0,40000,0,40000,0,0,0,0,40000,40000,0,0,40000,0,0,0,0,0,0,0
"Pasar Baru","Cabe Rawit",55000,55000,55000,0,0,55000,55000,0,55000,55000,0,0,55000,0,55000,0,0,0,0,50000,50000,0,0,50000,0,0,0,0,0,0,0
"Pasar Baru","Kacang Tanah",28000,28000,28000,0,0,28000,28000,0,28000,28000,0,0,28000,0,28000,0,0,0,0,28000,28000,0,0,28000,0,0,0,0,0,0,0
"Pasar Baru","Ubi Kayu",5000,5000,5000,0,0,5000,5000,0,5000,44000,0,0,5000,0,5000,0,0,0,0,5000,5000,0,0,5000,0,0,0,0,0,0,0
"Pasar Baru","Ubi Jalar",0,0,0,0,0,0,0,0,0,0,0,0,0,0,0,0,0,0,0,0,0,0,0,0,0,0,0,0,0,0,0
"Pasar Baru",Jagung,12000,12000,12000,0,0,12000,12000,0,12000,12000,0,0,12000,0,12000,0,0,0,0,10000,10000,0,0,10000,0,0,0,0,0,0,0
"Pasar Baru","Ikan Olahan",70000,70000,70000,0,0,70000,70000,0,70000,70000,0,0,70000,0,70000,0,0,0,0,70000,70000,0,0,70000,0,0,0,0,0,0,0
"Pasar Baru","Beras Premium",0,0,0,0,0,0,0,0,0,0,0,0,0,0,0,0,0,0,0,0,0,0,0,0,0,0,0,0,0,0,0
"Pasar Baru","Minyak Goreng Curah",12000,12000,12000,0,0,12000,12000,0,12000,12000,0,0,12000,0,12000,0,0,0,0,12000,12000,0,0,12000,0,0,0,0,0,0,0
"Pasar Baru","Daging Ayam Kampung",70000,70000,70000,0,0,70000,70000,0,70000,70000,0,0,70000,0,70000,0,0,0,0,70000,70000,0,0,70000,0,0,0,0,0,0,0
"Pasar Baru","Telur Ayam Kampung",45000,45000,45000,0,0,45000,45000,0,45000,45000,0,0,45000,0,45000,0,0,0,0,45000,45000,0,0,45000,0,0,0,0,0,0,0
"Pasar Baru","Susu Kental Manis Merk Bendera",11000,11000,11000,0,0,11000,11000,0,11000,11000,0,0,11000,0,11000,0,0,0,0,11000,11000,0,0,11000,0,0,0,0,0,0,0
"Pasar Baru","Susu Kental Manis Merk Indomilk",10000,10000,10000,0,0,10000,10000,0,10000,10000,0,0,10000,0,10000,0,0,0,0,10000,10000,0,0,10000,0,0,0,0,0,0,0
"Pasar Baru","Garam Beryodium Bata",3000,3000,3000,0,0,3000,3000,0,3000,3000,0,0,3000,0,3000,0,0,0,0,3000,3000,0,0,3000,0,0,0,0,0,0,0
"Pasar Baru","Garam Beryodium Halus",12000,12000,12000,0,0,12000,12000,0,12000,12000,0,0,12000,0,12000,0,0,0,0,12000,12000,0,0,12000,0,0,0,0,0,0,0
"Pasar Baru","Tepung Terigu Cakra Kembar",8000,8000,8000,0,0,8000,8000,0,8000,8000,0,0,8000,0,8000,0,0,0,0,8000,8000,0,0,8000,0,0,0,0,0,0,0
"Pasar Baru","Tepung Terigu Kunci",7500,7500,7500,0,0,7500,7500,0,7500,7500,0,0,7500,0,7500,0,0,0,0,7500,7500,0,0,7500,0,0,0,0,0,0,0
"Pasar Baru","Mie Instan",2500,2500,2500,0,0,2500,2500,0,2500,2500,0,0,2500,0,2500,0,0,0,0,2500,2500,0,0,2500,0,0,0,0,0,0,0
"Pasar Baru","Cabe Rawit Hijau",50000,50000,50000,0,0,50000,50000,0,50000,50000,0,0,40000,0,40000,0,0,0,0,40000,40000,0,0,40000,0,0,0,0,0,0,0
"Pasar Baru","Kacang Hijau",24000,24000,24000,0,0,24000,24000,0,24000,24000,0,0,24000,0,24000,0,0,0,0,24000,24000,0,0,24000,0,0,0,0,0,0,0
"Pasar Baru","Susu Bubuk Dancow",37500,37500,37500,0,0,36000,36000,0,36000,36000,0,0,36000,0,36000,0,0,0,0,36000,36000,0,0,36000,0,0,0,0,0,0,0
"Pasar Baru","Susu Bubuk Indomilk",33500,33500,33500,0,0,33500,33500,0,33500,33500,0,0,33500,0,33500,0,0,0,0,33500,33500,0,0,33500,0,0,0,0,0,0,0
"Pasar Baru","Ikan Kembung",40000,40000,40000,0,0,40000,40000,0,40000,40000,0,0,40000,0,40000,0,0,0,0,40000,40000,0,0,40000,0,0,0,0,0,0,0
