nama_kecamatan,iud_sisa_bulan_lalu,kondom_sisa_bulan_lalu,implant_sisa_bulan_lalu,suntikan_sisa_bulan_lalu,pil_sisa_bulan_lalu,iud_diterima_bulan_ini,kondom_diterima_bulan_ini,implant_diterima_bulan_ini,suntikan_diterima_bulan_ini,pil_keluar_bulan_ini,iud_keluar_bulan_ini,kondom_keluar_bulan_ini,implant_keluar_bulan_ini,suntikan_keluar_bulan_ini,pil_diterima_bulan_ini,iud_sisa_akhir_bulan_ini,kondom_sisa_akhir_bulan_ini,implant_sisa_akhir_bulan_ini,suntikan_sisa_akhir_bulan_ini,pil_sisa_akhir_bulan_ini
Sukasari,156,90,35,666,953,0,0,0,300,200,12,25,4,314,167,144,65,31,652,986
Coblong,149,127,62,544,1364,0,0,0,200,0,16,26,4,161,29,133,101,58,583,1335
Babakan Ciparay,79,13,11,241,475,0,12,0,200,100,3,4,1,64,10,76,21,10,377,565
Bojongloa Kaler,76,90,120,59,620,50,12,0,200,100,17,16,6,176,54,109,86,114,83,666
Andir,146,361,24,279,496,0,0,0,0,0,9,12,4,88,8,137,349,20,191,488
Cicendo,113,53,14,700,689,5,0,0,0,0,19,20,0,63,23,99,33,14,637,666
Sukajadi,40,61,14,333,210,125,0,0,372,300,108,33,0,446,334,57,28,14,259,176
Cidadap,78,47,30,855,1424,25,0,0,0,100,3,11,0,102,9,100,36,30,753,1515
Bandung Wetan,76,56,19,737,1435,75,0,0,100,0,17,5,0,79,2,134,51,19,758,1433
Astana Anyar,165,87,16,779,932,0,24,0,500,200,10,11,3,325,177,155,100,13,954,955
Regol,254,63,32,1506,1491,50,154,0,100,0,43,14,1,54,53,261,203,31,1552,1438
Batununggal,150,100,23,711,1756,0,0,0,0,0,11,17,0,145,47,139,83,23,566,1709
Lengkong,173,52,33,559,1218,0,48,0,0,0,12,14,15,102,48,161,86,18,457,1170
Cibeunying Kidul,118,36,19,449,1138,0,0,0,0,0,31,9,2,111,39,87,27,17,338,1099
Bandung Kulon,111,34,14,657,1548,25,0,18,100,0,27,8,18,109,8,109,26,14,648,1540
Kiaracondong,104,43,7,478,643,0,0,0,0,0,9,7,3,88,72,95,36,4,390,571
Bojongloa Kidul,25,8,7,378,385,0,12,0,200,200,2,5,0,12,2,23,15,7,566,583
Cibeunying Kaler,77,40,20,430,370,0,0,0,0,0,0,12,0,35,20,77,28,20,395,350
Sumur Bandung,0,0,0,0,0,0,0,0,0,0,0,0,0,0,0,0,0,0,0,0
Antapani,131,101,30,442,1699,0,0,0,0,0,0,4,1,108,56,131,97,29,334,1643
Bandung Kidul,151,37,31,286,772,0,0,0,160,100,0,6,3,46,38,151,31,28,400,834
Buahbatu,56,33,24,256,857,25,0,0,200,100,6,6,0,138,60,75,27,24,318,897
Rancasari,60,129,36,306,477,25,100,0,300,100,6,17,0,131,46,79,212,36,475,531
Arcamanik,165,239,8,358,370,0,0,0,100,100,8,7,0,118,105,157,232,8,340,365
Cibiru,101,72,22,297,461,20,46,27,200,100,33,11,27,74,82,88,107,22,423,479
Ujung Berung,25,16,9,461,208,0,0,0,0,0,7,15,0,33,30,18,1,9,428,178
Gedebage,86,48,23,518,924,0,0,0,0,200,50,10,23,80,82,36,38,0,438,1042
Panyileukan,77,4,18,201,193,0,0,0,100,0,0,0,1,48,40,77,4,17,253,153
Cinambo,38,110,60,431,766,100,0,0,0,0,57,0,0,34,22,81,110,60,397,744
Mandalajati,116,108,25,937,1329,14,1,15,100,0,16,1,15,75,11,114,108,25,962,1318