lokasi,nama_komoditas,2017-03-01,2017-03-02,2017-03-03,2017-03-04,2017-03-05,2017-03-06,2017-03-07,2017-03-08,2017-03-09,2017-03-10,2017-03-11,2017-03-12,2017-03-13,2017-03-14,2017-03-15,2017-03-16,2017-03-17,2017-03-18,2017-03-19,2017-03-20,2017-03-21,2017-03-22,2017-03-23,2017-03-24,2017-03-25,2017-03-26,2017-03-27,2017-03-28,2017-03-29,2017-03-30,2017-03-31
"Pasar Kosambi","Beras Medium",10000,10000,10000,0,0,10000,10000,10000,10000,10000,0,0,10000,10000,10000,10000,10000,0,0,10000,10000,10000,10000,10000,0,0,10000,10000,10000,10000,10000
"Pasar Kosambi","Cabe Merah",50000,50000,50000,0,0,50000,50000,50000,50000,50000,0,0,50000,50000,50000,50000,40000,0,0,40000,40000,40000,40000,40000,0,0,40000,40000,40000,40000,40000
"Pasar Kosambi","Bawang Merah",45000,45000,45000,0,0,45000,45000,45000,45000,45000,0,0,45000,45000,45000,45000,40000,0,0,35000,35000,35000,35000,35000,0,0,35000,35000,35000,35000,35000
"Pasar Kosambi","Daging Ayam Ras",30000,30000,30000,0,0,30000,30000,30000,30000,30000,0,0,30000,30000,30000,30000,32000,0,0,33000,33000,33000,33000,33000,0,0,33000,33000,33000,33000,33000
"Pasar Kosambi","Telur Ayam Ras",19000,19000,19000,0,0,19000,19000,18000,18000,18000,0,0,18000,18000,18000,18000,18000,0,0,18000,18000,18000,18000,18000,0,0,18000,18000,18000,18000,18000
"Pasar Kosambi","Daging Sapi",120000,120000,120000,0,0,120000,120000,120000,120000,120000,0,0,120000,120000,120000,120000,120000,0,0,120000,120000,120000,120000,120000,0,0,120000,120000,120000,120000,120000
"Pasar Kosambi","Minyak Goreng",15000,15000,15000,0,0,15000,15000,15000,15000,15000,0,0,15000,15000,15000,15000,15000,0,0,15000,15000,15000,15000,15000,0,0,15000,15000,15000,15000,15000
"Pasar Kosambi","Gula Pasir",14000,14000,14000,0,0,14000,14000,14000,14000,14000,0,0,14000,14000,14000,14000,14000,0,0,14000,14000,14000,14000,14000,0,0,14000,14000,14000,14000,14000
"Pasar Kosambi",Kentang,16000,16000,16000,0,0,16000,16000,16000,16000,16000,0,0,16000,16000,16000,16000,16000,0,0,16000,16000,16000,16000,16000,0,0,16000,16000,16000,16000,16000
"Pasar Kosambi",Kedelai,11000,11000,11000,0,0,11000,11000,11000,11000,11000,0,0,11000,11000,11000,11000,11000,0,0,11000,11000,11000,11000,11000,0,0,11000,11000,11000,11000,11000
"Pasar Kosambi","Tepung Terigu",7500,7500,7500,0,0,7500,7500,7500,7500,7500,0,0,7500,7500,7500,7500,7500,0,0,7500,7500,7500,7500,7500,0,0,7500,7500,7500,7500,7500
"Pasar Kosambi","Bawang Putih",45000,45000,45000,0,0,45000,45000,45000,45000,45000,0,0,45000,45000,45000,45000,40000,0,0,40000,40000,40000,40000,40000,0,0,40000,40000,40000,40000,40000
"Pasar Kosambi","Cabe Keriting",50000,50000,50000,0,0,50000,50000,50000,50000,50000,0,0,50000,50000,50000,50000,50000,0,0,40000,40000,40000,40000,40000,0,0,40000,40000,40000,40000,40000
"Pasar Kosambi","Cabe Rawit",150000,150000,150000,0,0,150000,150000,150000,150000,150000,0,0,150000,150000,150000,150000,140000,0,0,100000,100000,100000,100000,100000,0,0,100000,100000,100000,100000,100000
"Pasar Kosambi","Kacang Tanah",28000,28000,28000,0,0,28000,28000,28000,28000,28000,0,0,28000,28000,28000,28000,28000,0,0,28000,28000,28000,28000,28000,0,0,28000,28000,28000,28000,28000
"Pasar Kosambi","Ubi Kayu",4000,4000,4000,0,0,4000,4000,4000,4000,4000,0,0,4000,4000,4000,4000,4000,0,0,4000,4000,4000,4000,4000,0,0,4000,4000,4000,4000,4000
"Pasar Kosambi","Ubi Jalar",0,0,0,0,0,0,0,0,0,0,0,0,0,0,0,0,0,0,0,0,0,0,0,0,0,0,0,0,0,0,0
"Pasar Kosambi",Jagung,12000,12000,12000,0,0,12000,12000,12000,12000,12000,0,0,12000,12000,12000,12000,12000,0,0,12000,12000,12000,12000,12000,0,0,12000,12000,12000,12000,12000
"Pasar Kosambi","Ikan Olahan",70000,70000,70000,0,0,70000,70000,70000,70000,70000,0,0,70000,70000,70000,70000,70000,0,0,70000,70000,70000,70000,70000,0,0,70000,70000,70000,70000,70000
"Pasar Kosambi","Beras Premium",0,0,0,0,0,0,0,0,0,0,0,0,0,0,0,0,0,0,0,0,0,0,0,0,0,0,0,0,0,0,0
"Pasar Kosambi","Minyak Goreng Curah",12500,12500,12500,0,0,12500,12500,12500,12500,12500,0,0,12500,12500,12500,12500,12500,0,0,12500,12500,12500,12500,12500,0,0,12500,12500,12500,12500,12500
"Pasar Kosambi","Daging Ayam Kampung",75000,75000,75000,0,0,75000,75000,75000,75000,75000,0,0,75000,75000,75000,75000,75000,0,0,75000,75000,75000,75000,75000,0,0,75000,75000,75000,75000,75000
"Pasar Kosambi","Telur Ayam Kampung",40000,40000,40000,0,0,40000,40000,40000,40000,40000,0,0,40000,40000,40000,40000,40000,0,0,40000,40000,40000,40000,40000,0,0,40000,40000,40000,40000,40000
"Pasar Kosambi","Susu Kental Manis Merk Bendera",10000,10000,10000,0,0,10000,10000,10000,10000,10000,0,0,10000,10000,10000,10000,10000,0,0,10000,10000,10000,10000,10000,0,0,10000,10000,10000,10000,10000
"Pasar Kosambi","Susu Kental Manis Merk Indomilk",9500,9500,9500,0,0,9500,9500,9500,9500,9500,0,0,9500,9500,9500,9500,9500,0,0,9500,9500,9500,9500,9500,0,0,9500,9500,9500,9500,9500
"Pasar Kosambi","Garam Beryodium Bata",1500,1500,1500,0,0,1500,1500,1500,1500,1500,0,0,1500,1500,1500,1500,1500,0,0,1500,1500,1500,1500,1500,0,0,1500,1500,1500,1500,1500
"Pasar Kosambi","Garam Beryodium Halus",6000,6000,6000,0,0,6000,6000,6000,6000,6000,0,0,6000,6000,6000,6000,6000,0,0,6000,6000,6000,6000,6000,0,0,6000,6000,6000,6000,6000
"Pasar Kosambi","Tepung Terigu Cakra Kembar",7500,7500,7500,0,0,7500,7500,7500,7500,7500,0,0,7500,7500,7500,7500,7500,0,0,7500,7500,7500,7500,7500,0,0,7500,7500,7500,7500,7500
"Pasar Kosambi","Tepung Terigu Kunci",7000,7000,7000,0,0,7000,7000,7000,7000,7000,0,0,7000,7000,7000,7000,7000,0,0,7000,7000,7000,7000,7000,0,0,7000,7000,7000,7000,7000
"Pasar Kosambi","Mie Instan",2300,2300,2300,0,0,2300,2300,2300,2300,2300,0,0,2300,2300,2300,2300,2300,0,0,2300,2300,2300,2300,2300,0,0,2300,2300,2300,2300,2300
"Pasar Kosambi","Cabe Rawit Hijau",90000,90000,90000,0,0,90000,90000,90000,90000,90000,0,0,70000,70000,70000,70000,65000,0,0,70000,70000,70000,70000,70000,0,0,65000,65000,65000,65000,65000
"Pasar Kosambi","Kacang Hijau",19000,19000,19000,0,0,19000,19000,19000,19000,19000,0,0,19000,19000,19000,19000,19000,0,0,19000,19000,19000,19000,19000,0,0,19000,19000,19000,19000,19000
"Pasar Kosambi","Susu Bubuk Dancow",34500,34500,34500,0,0,34500,34500,34500,34500,34500,0,0,34500,34500,34500,34500,34500,0,0,34500,34500,34500,34500,34500,0,0,34500,34500,34500,34500,34500
"Pasar Kosambi","Susu Bubuk Indomilk",30000,30000,30000,0,0,30000,30000,30000,30000,30000,0,0,30000,30000,30000,30000,30000,0,0,30000,30000,30000,30000,30000,0,0,30000,30000,30000,30000,30000
"Pasar Kosambi","Ikan Kembung",35000,35000,35000,0,0,35000,35000,35000,35000,35000,0,0,35000,35000,35000,35000,35000,0,0,35000,35000,35000,35000,35000,0,0,35000,35000,35000,35000,35000
