Kecamatan,Kelurahan,Tidak/Belum Sekolah,Belum Tamat SD,Tamat SD,SMP,SMA,Diploma I & II,Diploma III,Strata 1,Strata 2,Strata 3,Jumlah Penduduk
Andir,Campaka,2623,1880,2257,2922,6057,83,467,1175,102,9,17575
Andir,Ciroyom,3099,2071,2859,3418,6751,59,309,920,40,4,19530
Andir,Dungus Cariang,2838,1973,2484,2946,6863,96,452,1220,74,8,18954
Andir,Garuda,1487,1024,1008,1538,3968,52,378,1014,66,3,10538
Andir,Kebon Jeruk,1552,1058,1391,2009,4750,50,305,1368,69,6,12558
Andir,Maleber,2939,1953,2324,3166,7355,84,542,1487,73,7,19930
Antapani,Antapani Kidul,3296,1949,1443,2200,7432,415,1757,5179,758,80,24509
Antapani,Antapani Kulon,1519,976,1156,1311,3098,126,507,1537,269,33,10532
Antapani,Antapani Tengah,3291,1848,1835,2152,6665,425,1588,4050,448,54,22356
Antapani,Antapani Wetan,2693,1744,1720,2249,5466,229,841,2434,398,38,17812
Arcamanik,Cisaranten Bina Harapan,1923,1185,1689,1828,3412,85,361,962,106,9,11560
Arcamanik,Sindanglaya/Cisantren Endah,2982,1926,2645,2362,4745,175,867,2467,409,65,18643
Arcamanik,Cisaranten Kulon,3539,2181,2267,2812,6015,213,1082,2925,331,50,21415
Arcamanik,Sukamiskin,2897,1753,1526,2043,6083,257,1174,4173,785,115,20806
Astana Anyar,Cibadak,1676,1255,1648,2021,4956,86,484,1120,51,8,13305
Astana Anyar,Karanganyar,762,482,513,991,2647,33,198,1096,26,1,6749
Astana Anyar,Karasak,1862,1319,1261,1973,4880,89,528,1411,83,7,13413
Astana Anyar,Nyengseret,1696,1215,1645,1997,4174,103,335,803,45,6,12019
Astana Anyar,Panjunan,1106,760,1245,1331,2530,47,181,434,27,2,7663
Astana Anyar,Pelindung Hewan,3046,2038,2365,3195,7181,146,525,1484,100,7,20087
Babakan Ciparay,Babakan,4560,3078,7067,4999,6985,207,832,1225,67,11,29031
Babakan Ciparay,Babakan Ciparay,4559,3432,6753,5286,8592,174,527,1364,77,8,30772
Babakan Ciparay,Cirangrang,1570,1101,2800,1730,2520,65,211,597,71,10,10675
Babakan Ciparay,Margahayu Utara,3185,2309,3976,3318,5292,172,624,2107,170,17,21170
Babakan Ciparay,Margasuka,1651,1302,2546,2129,3008,61,183,511,37,4,11432
Babakan Ciparay,Sukahaji,4356,3376,6809,5294,7773,128,426,1182,64,9,29417
Bandung Kidul,Batununggal,2834,1810,1901,2175,5648,176,830,2664,324,38,18400
Bandung Kidul,Kujangsari,3307,2129,2703,2944,6376,179,759,2287,216,21,20921
Bandung Kidul,Mengger,1560,1102,1267,1337,2905,80,260,1541,163,15,10230
Bandung Kidul,Wates,1367,873,1007,1455,2836,48,221,355,19,0,8181
Bandung Kulon,Caringin,1413,1005,1289,1696,2531,89,322,912,99,18,9374
Bandung Kulon,Cibuntu,2780,2065,2653,3335,5781,166,438,934,44,4,18200
Bandung Kulon,Cigondewah Kaler,3128,2430,5739,3600,3291,62,163,494,30,2,18939
Bandung Kulon,Cigondewah Kidul,1384,1030,2367,1362,1622,24,194,735,39,4,8761
Bandung Kulon,Cigondewah Rahayu,1616,1198,3043,1595,1882,56,195,558,35,1,10179
Bandung Kulon,Cijerah,3510,2624,3497,4421,7179,229,648,1488,165,26,23787
Bandung Kulon,Gempolsari,2904,2195,2161,2933,6704,309,1052,2316,210,29,20813
Bandung Kulon,Warung Muncang,3276,2318,4461,3926,5497,146,334,757,51,12,20778
Bandung Wetan,Cihapit,419,289,117,246,1074,82,447,1371,302,45,4392
Bandung Wetan,Citarum,225,140,99,219,632,37,129,796,187,43,2507
Bandung Wetan,Tamansari,3034,2143,2336,3063,8641,308,919,2116,276,39,22875
Batununggal,Binong,2821,1921,2472,3050,6044,65,404,1081,45,5,17908
Batununggal,Cibangkong,2632,1905,2274,2896,6651,63,485,1111,62,9,18088
Batununggal,Gumuruh,2731,1858,2272,2617,5735,81,800,2313,268,44,18719
Batununggal,Kacapiring,1213,856,769,1196,3389,34,425,1094,98,11,9085
Batununggal,Kebongedang,1416,969,1071,1599,3648,42,263,609,22,3,9642
Batununggal,Kebonwaru,2066,1454,1695,2517,5332,58,391,977,59,5,14554
Batununggal,Maleer,2483,1726,2042,2789,5955,61,448,1054,57,5,16620
Batununggal,Samoja,1949,1386,1570,2009,4946,56,300,657,21,5,12899
Bojongloa Kaler,Babakan Asih,2573,1746,2563,2832,5201,148,417,832,41,0,16353
Bojongloa Kaler,Babakan Tarogong,4623,2996,5332,5026,8734,196,510,908,43,3,28371
Bojongloa Kaler,Jamika,4315,2783,4716,4877,8780,243,567,1199,58,5,27543
Bojongloa Kaler,Kopo,4928,3274,5083,4771,8867,248,741,1694,123,14,29743
Bojongloa Kaler,Suka Asih,3026,1974,3055,3189,5742,203,483,1063,94,12,18841
Bojongloa Kidul,Cibaduyut,1970,1436,2946,2041,3096,52,178,413,24,3,12159
Bojongloa Kidul,Cibaduyut Kidul,1441,1000,2535,1403,1860,54,273,389,50,6,9011
Bojongloa Kidul,Cibaduyut Wetan,1246,898,1500,987,1776,56,208,982,54,5,7712
Bojongloa Kidul,Kebon Lega,3452,2461,4019,3669,7070,256,755,1787,112,17,23598
Bojongloa Kidul,Mekarwangi,1628,1187,2216,1720,2453,73,252,586,28,4,10147
Bojongloa Kidul,Situsaeur,2984,2184,3110,3548,7216,230,702,1388,80,10,21452
Buahbatu,Cijaura,4151,2543,3425,3610,8151,184,1295,3011,264,33,26667
Buahbatu,Jatisari,1192,745,592,900,2380,78,622,1898,277,37,8721
Buahbatu,Margasari,5615,3381,4443,4629,10980,310,2376,5019,563,51,37367
Buahbatu,Sekejati,3532,2187,2117,2641,7406,343,1854,4289,639,94,25102
Cibeunying Kaler,Cigadung,4376,3137,3482,3669,10489,185,1030,3477,604,146,30595
Cibeunying Kaler,Cihaur Geulis,1517,1284,821,1432,4990,83,631,1567,143,26,12494
Cibeunying Kaler,Neglasari,1366,915,927,1256,3225,73,406,1091,156,14,9429
Cibeunying Kaler,Sukaluyu,2118,1462,1252,1749,5645,160,749,2316,288,59,15798
Cibeunying Kidul,Cicadas,2521,1473,1565,2439,5975,140,567,1226,64,5,15975
Cibeunying Kidul,Cikutra,3453,2097,2638,3333,7562,242,859,1953,163,23,22323
Cibeunying Kidul,Padasuka,2455,1689,1794,2709,5984,215,555,1253,83,7,16744
Cibeunying Kidul,Pasirlayung,3407,2106,2353,3011,6969,228,958,2230,229,34,21525
Cibeunying Kidul,Sukamaju,1477,975,902,1379,4083,96,592,1418,90,16,11028
Cibeunying Kidul,Sukapada,3291,2110,2871,3329,7305,184,664,1603,172,25,21554
Cibiru,Pasir Biru,2548,1615,2411,2504,4893,119,358,945,107,26,15526
Cibiru,Palasari,3361,2063,2445,3283,7775,231,754,1627,162,22,21723
Cibiru,Cisurupan,1986,1311,2544,1923,3557,105,289,639,89,7,12450
Cibiru,Cipadung,3387,2136,3093,3291,7163,216,610,1735,228,54,21913
Cicendo,Arjuna,1574,1088,1369,1821,5140,263,625,1520,155,16,13571
Cicendo,Husen Sastranegara,2326,1616,2187,2455,5548,153,634,940,94,15,15968
Cicendo,Pajajaran,3703,2683,3937,3769,8321,249,747,1455,131,25,25020
Cicendo,Pamoyanan,907,619,711,935,2912,155,415,1176,130,14,7974
Cicendo,Pasir Kaliki,1047,721,849,1224,3238,145,453,1116,130,17,8940
Cicendo,Sukaraja,3211,2356,2591,3252,7562,296,909,2061,294,43,22575
Cidadap,Ciumbuleuit,3348,2273,4475,2834,6619,143,548,1300,147,40,21727
Cidadap,Hegarmanah,2819,1935,2602,2401,7219,243,733,1853,175,31,20011
Cidadap,Ledeng,1483,1065,1413,1176,3510,88,259,1162,127,23,10306
Cinambo,Babakan Penghulu,1101,750,1145,1086,1916,34,194,595,102,6,6929
Cinambo,Pakemitan,985,636,524,767,2505,29,237,457,33,8,6181
Cinambo,Sukamulya,848,605,709,887,1809,24,157,376,19,8,5442
Cinambo,Cisaranten Wetan,917,581,819,975,1667,23,158,410,37,6,5593
Coblong,Cipaganti,1600,1177,1321,1519,4327,51,371,1155,89,21,11631
Coblong,Dago,4855,3358,4047,3976,11158,175,1018,3434,492,169,32682
Coblong,Lebakgede,1410,977,1055,1250,3820,55,467,1325,154,20,10533
Coblong,Lebak Siliwangi,540,394,511,541,1420,35,140,318,22,4,3925
Coblong,Sadangserang,3863,2587,2574,3367,9835,181,995,2462,172,21,26057
Coblong,Sekeloa,4053,2521,2801,3226,9614,172,947,2757,282,46,26419
Gedebage,Cimenerang,739,484,693,656,760,46,139,356,32,3,3908
Gedebage,Cisantren Kidul,2892,1851,2016,2870,5654,249,1105,2626,332,45,19640
Gedebage,Rancabolang,1815,1118,938,1173,2114,116,640,1784,202,11,9911
Gedebage,Rancanumpang,697,625,373,575,1289,90,299,682,69,11,4710
Kiaracondong,Babakansari,6079,2989,4737,5221,13918,212,1235,2705,181,24,37301
Kiaracondong,Babakan Surabaya,3191,1638,2969,2923,6838,88,492,1058,88,5,19290
Kiaracondong,Cicaheum,2647,1473,2076,2355,6056,97,481,1229,106,14,16534
Kiaracondong,Kebon Jayanti,1954,1094,1640,1797,5120,76,313,668,29,2,12693
Kiaracondong,Kebon Kangkung,1929,970,1670,1803,4655,82,400,928,54,4,12495
Kiaracondong,Sukapura,3986,2144,3621,4226,9191,94,717,1811,142,10,25942
Lengkong,Burangrang,1347,935,952,1249,3458,153,744,1055,133,16,10042
Lengkong,Cijagra,1484,1164,784,1085,3338,128,702,2810,470,52,12017
Lengkong,Cikawao,1163,919,866,1256,3259,150,385,724,60,12,8794
Lengkong,Lingkar Selatan,1327,996,491,1068,4462,181,610,1440,176,24,10775
Lengkong,Malabar,1099,816,826,1117,2903,118,365,1081,164,15,8504
Lengkong,Paledang,722,574,522,882,2364,108,321,741,56,8,6298
Lengkong,Turangga,1658,1316,598,1243,3752,233,1011,3815,774,113,14513
Mandalajati,Jatihandap,4140,2841,3544,3933,7711,95,813,1954,168,10,25209
Mandalajati,Karang Pamulang,2765,1774,2295,2671,5466,62,494,1371,97,9,17004
Mandalajati,Pasir Impun,1963,1309,2018,1920,3435,29,289,775,68,16,11822
Mandalajati,Sindang Jaya,2257,1408,1392,1890,4247,42,644,1530,179,28,13617
Panyileukan,Mekar Mulya,959,548,340,627,2365,132,515,1285,130,22,6923
Panyileukan,Cipadung Wetan,564,369,637,667,923,20,50,138,7,0,3375
Panyileukan,Cipadung Kulon,1884,1418,1411,1916,4193,151,536,1303,123,26,12961
Panyileukan,Cipadung Kidul,1782,1398,505,1157,5232,265,1029,2867,329,59,14623
Rancasari,Cipamokolan,3443,2179,2421,2725,6873,282,1352,3238,483,44,23040
Rancasari,Derwati,2451,1885,2562,2713,5388,186,800,1609,129,14,17737
Rancasari,Munjahlega,3135,1872,1390,1877,6013,400,2127,4877,710,98,22499
Rancasari,Mekarmulya,2792,1850,1895,1986,4760,269,1093,2472,284,24,17425
Regol,Ancol,1364,1013,869,1143,3758,89,785,2233,217,25,11496
Regol,Balonggede,1017,716,598,1083,3519,54,312,1071,64,8,8442
Regol,Ciateul,858,707,451,855,3210,89,415,1152,78,8,7823
Regol,Cigereleng,1416,1017,786,1210,4270,191,735,2037,175,28,11865
Regol,Ciseureuh,2279,1811,2142,2394,5950,124,530,1188,70,9,16497
Regol,Pasirluyu,2343,1765,2674,2310,5264,62,468,1258,106,11,16261
Regol,Pungkur,878,714,602,1014,3177,111,404,951,73,6,7930
Sukajadi,Cipedes,4303,3176,4343,4342,9738,271,1067,1590,125,20,28975
Sukajadi,Pasteur,2325,1681,1858,2308,6394,190,824,2034,247,37,17898
Sukajadi,Sukabungah,2987,2362,3158,3159,7143,186,771,1425,112,16,21319
Sukajadi,Sukagalih,2489,1794,3093,2262,4899,139,552,2102,298,50,17678
Sukajadi,Sukawarna,1936,1395,2144,1865,4073,156,548,1461,194,30,13802
Sukasari,Gegerkalong,3131,1931,2420,2481,6475,351,1304,3557,619,120,22389
Sukasari,Isola,1948,1251,1926,1557,3794,110,506,1430,180,51,12753
Sukasari,Sarijadi,3719,2209,2451,2529,8328,366,1738,4232,587,69,26228
Sukasari,Sukarasa,1888,1114,2147,1581,3453,108,441,1607,277,43,12659
Sumur Bandung,Babakan Ciamis,1112,666,789,958,3305,51,285,839,66,8,8079
Sumur Bandung,Braga,757,463,526,849,2580,46,180,573,50,4,6028
Sumur Bandung,Kebon Pisang,1644,1086,1364,1607,4823,89,386,970,78,12,12059
Sumur Bandung,Merdeka,1237,787,504,955,4026,82,526,1441,175,20,9753
Ujung Berung,Cigending,2353,1726,1680,2589,5153,191,607,1474,199,27,15999
Ujung Berung,Pasanggrahan,2850,2206,2950,3176,5028,226,609,1343,158,16,18562
Ujung Berung,Pasir Endah,2179,1652,1273,2104,5047,230,747,2076,283,39,15630
Ujung Berung,Pasirwangi,2433,1858,2425,2501,4312,183,429,800,68,13,15022
Ujung Berung,Pasirjati,2600,1870,2194,2663,4838,161,619,1029,74,10,16058