No,NAMA KECAMATAN,BELUM/ TIDAK BEKERJA,MENGURUS RUMAH TANGGA,PELAJAR/ MAHASISWA,PEGAWAI NEGERI SIPIL (PNS),TNI/POLRI,PENSIUNAN,KARYAWAN SWASTA,KARYAWAN BUMN/BUMD,TENAGA MEDIS,WIRASWASTA,PENGAJAR (DOSEN/GURU),PEKERJAAN LAINNYA
1,SUKASARI,10812,14657,15872,2175,409,2139,13558,657,333,4927,989,5930
2,COBLONG,18250,22367,24848,2665,123,2466,23721,1059,282,7770,865,6390
3,BABAKAN CIPARAY,22687,30424,26437,1050,141,901,14130,626,234,7179,546,26118
4,BOJONGLOA KALER,21401,26967,26080,971,183,851,19523,253,196,9074,648,14963
5,ANDIR,17094,21465,22551,979,246,1070,20236,1574,181,8207,651,7722
6,CICENDO,14737,19930,19806,1328,896,1414,17787,548,318,6144,712,10126
7,SUKAJADI,17149,21273,21418,1899,343,1966,17905,633,424,5115,806,10068
8,CIDADAP,8426,11509,10942,972,339,796,10614,203,133,2612,484,5062
9,BANDUNG WETAN,4779,6045,6761,628,101,703,6245,519,208,2571,340,2058
10,ASTANA ANYAR,11135,16332,16087,707,177,686,13755,297,119,6730,425,7194
11,REGOL,11463,17092,18939,1352,190,1299,17199,960,215,7283,503,5261
12,BATUNUNGGAL,19252,24662,25610,1812,368,2185,23673,1496,226,8810,645,7970
13,LENGKONG,10051,13973,16825,2017,1139,2035,13686,1048,428,6106,635,3634
14,CIBEUNYING KIDUL,19454,21744,22577,2394,812,2230,20504,851,224,6484,879,10895
15,BANDUNG KULON,24794,26896,27646,1330,161,1239,22245,511,182,9867,894,14798
16,KIARACONDONG,19100,25280,27275,2227,569,2253,24517,829,229,7475,703,11855
17,BOJONGLOA KIDUL,15257,18429,18252,786,115,715,11563,408,197,7611,472,9484
18,CIBEUNYING KALER,9227,12964,16459,1906,219,1720,13399,797,194,4615,704,5709
19,SUMUR BANDUNG,5955,7201,7883,631,1151,538,6318,189,145,2868,194,2465
20,ANTAPANI,12093,13221,16548,2980,246,2842,13920,1499,337,4604,848,4872
21,BANDUNG KIDUL,10235,11544,13223,1039,148,902,10866,554,176,3988,354,3880
22,BUAH BATU,14844,18033,23451,2988,342,2389,17736,1536,285,7573,825,6694
23,RANCASARI,13136,14865,18655,2639,316,2669,14487,1207,302,5671,791,4491
24,ARCAMANIK,12611,13357,16366,2207,380,1686,11918,1147,273,4578,758,5386
25,CIBIRU,12053,14091,16174,1732,296,860,12520,356,101,5023,741,6254
26,UJUNGBERUNG,15241,16306,17812,2016,396,1459,12580,793,192,5181,746,6878
27,GEDEBAGE,6812,6988,8560,1234,311,761,6690,507,95,2052,382,3112
28,PANYILEUKAN,5566,6625,9823,1667,262,805,6459,726,92,2793,430,2153
29,CINAMBO,4023,4908,5106,459,579,345,4083,155,52,1750,193,2218
30,MANDALAJATI,11587,13531,13184,1404,187,920,12702,405,105,3987,464,7865
