nama_kecamatan,jumlah_pengguna_IUD,persentase_pengguna_IUD,jumlah_pengguna_MOW,persentase_pengguna_MOW,jumlah_pengguna_MOP,persentase_pengguna_MOP,jumlah_pengguna_kondom,persentase_pengguna_kondom,jumlah_pengguna_implan,persentase_pengguna_implan,jumlah_pengguna_suntikan,persentase_pengguna_suntikan,jumlah_pengguna_pil,persentase_pengguna_pil,jumlah_peserta_kb_aktif
Sukasari,2240,32.59,195,2.84,14,0.2,129,1.88,126,1.83,2793,40.63,1377,20.03,6874
Coblong,0,0,0,0,0,0,0,0,0,0,0,0,0,0,0
Babakan Ciparay,3732,19.87,254,1.35,33,0.18,113,0.6,316,1.68,11587,61.68,2751,14.64,18786
Bojongloa Kaler,5760,40.4,453,3.18,63,0.44,276,1.94,228,1.6,4518,31.69,2958,20.75,14256
Andir,3299,25.71,1028,8.01,21,0.16,278,2.17,240,1.87,5481,42.72,2483,19.35,12830
Cicendo,2840,27.25,549,5.27,5,0.05,240,2.3,229,2.2,4484,43.03,2074,19.9,10421
Sukajadi,3533,27.04,1842,14.1,19,0.15,608,4.65,416,3.18,4064,31.11,2582,19.76,13064
Cidadap,1416,21.83,249,3.84,6,0.09,84,1.29,554,8.54,3208,49.45,970,14.95,6487
Bandung Wetan,1787,45.18,459,11.61,70,1.77,88,2.23,124,3.14,852,21.54,575,14.54,3955
Astana Anyar,2672,40.12,264,3.96,26,0.39,69,1.04,224,3.36,2478,37.21,927,13.92,6660
Regol,4773,49.98,391,4.09,48,0.5,325,3.4,195,2.04,3172,33.22,645,6.75,9549
Batununggal,4096,30.4,278,2.06,19,0.14,234,1.74,135,1,6678,49.57,2032,15.08,13472
Lengkong,2300,42.11,222,4.06,3,0.05,208,3.81,209,3.83,1939,35.5,581,10.64,5462
Cibeunying Kidul,4497,32.45,1144,8.26,6,0.04,300,2.16,331,2.39,6005,43.34,1574,11.36,13857
Bandung Kulon,6311,41.71,332,2.19,10,0.07,601,3.97,738,4.88,3914,25.87,3224,21.31,15130
Kiaracondong,4548,29.76,257,1.68,17,0.11,362,2.37,233,1.52,7437,48.66,2429,15.89,15283
Bojongloa Kidul,2512,25.03,154,1.53,12,0.12,92,0.92,247,2.46,6192,61.7,827,8.24,10036
Cibeunying Kaler,4262,57.47,362,4.88,27,0.36,141,1.9,108,1.46,1211,16.33,1305,17.6,7416
Sumur Bandung,949,37.98,107,4.28,5,0.2,147,5.88,95,3.8,835,33.41,361,14.45,2499
Antapani,3096,39.13,177,2.24,31,0.39,238,3.01,116,1.47,3335,42.15,919,11.62,7912
Bandung Kidul,1920,27.84,121,1.75,7,0.1,295,4.28,128,1.86,3137,45.49,1288,18.68,6896
Buahbatu,3266,30.76,167,1.57,21,0.2,191,1.8,195,1.84,5489,51.7,1289,12.14,10618
Rancasari,2712,37.59,149,2.07,11,0.15,251,3.48,71,0.98,2914,40.39,1107,15.34,7215
Arcamanik,2368,31.19,237,3.12,12,0.16,355,4.68,198,2.61,3041,40.05,1382,18.2,7593
Cibiru,1986,25.44,223,2.86,33,0.42,180,2.31,280,3.59,4457,57.08,649,8.31,7808
Ujung Berung,3485,37.62,356,3.84,15,0.16,144,1.55,161,1.74,3500,37.78,1602,17.29,9263
Gedebage,2964,37,536,6.69,102,1.27,199,2.48,165,2.06,2659,33.2,1385,17.29,8010
Panyileukan,1885,39.11,157,3.26,0,0,233,4.83,146,3.03,1822,37.8,577,11.97,4820
Cinambo,1079,29.98,69,1.92,9,0.25,62,1.72,73,2.03,1752,48.68,555,15.42,3599
Mandalajati,2125,23.18,295,3.22,13,0.14,224,2.44,190,2.07,4558,49.72,1763,19.23,9168