nama_kecamatan,iud_sisa_bulan_lalu,kondom_sisa_bulan_lalu,implant_sisa_bulan_lalu,suntikan_sisa_bulan_lalu,pil_sisa_bulan_lalu,iud_diterima_bulan_ini,kondom_diterima_bulan_ini,implant_diterima_bulan_ini,suntikan_diterima_bulan_ini,pil_diterima_bulan_ini,iud_diterima_bulan_ini,kondom_diterima_bulan_ini,implant_diterima_bulan_ini,suntikan_diterima_bulan_ini,pil_diterima_bulan_ini,iud_sisa_akhir_bulan_ini,kondom_sisa_akhir_bulan_ini,implant_sisa_akhir_bulan_ini,suntikan_sisa_akhir_bulan_ini,pil_sisa_akhir_bulan_ini
Sukasari,31,43,59,51,400,0,0,0,183,0,7,10,4,210,25,24,33,55,24,375
Coblong,45,53,28,0,309,125,48,0,0,0,22,5,1,0,29,148,96,27,0,280
Babakan Ciparay,94,72,14,82,124,0,0,0,0,0,3,16,3,34,27,91,56,11,48,97
Bojongloa Kaler,68,58,20,114,147,0,0,0,0,0,0,6,1,35,118,68,52,19,79,29
Andir,134,113,9,50,239,18,0,0,60,20,14,15,0,80,15,138,98,9,30,244
Cicendo,15,397,0,19,221,25,0,0,20,10,16,13,0,33,7,24,384,0,6,224
Sukajadi,52,20,0,20,76,150,36,22,2,100,162,39,16,16,145,40,17,6,6,31
Cidadap,103,38,7,16,342,0,0,0,0,0,0,5,0,16,49,103,33,7,0,293
Bandung Wetan,10,66,43,50,405,10,0,0,0,0,11,10,0,12,12,9,56,43,38,393
Astana Anyar,162,495,29,132,415,67,0,5,99,0,125,6,25,171,36,104,489,9,60,379
Regol,43,104,0,121,347,51,0,0,0,0,33,4,0,12,12,61,100,0,109,335
Batununggal,30,56,7,0,189,0,0,0,0,0,8,13,0,0,103,22,43,7,0,86
Lengkong,100,125,27,233,530,0,0,0,60,0,5,12,4,201,63,95,113,23,92,467
Cibeunying Kidul,7,67,99,71,213,0,0,0,0,0,5,6,0,55,0,2,61,99,16,213
Bandung Kulon,47,19,11,127,394,0,0,0,0,0,2,5,3,22,52,45,14,8,105,342
Kiaracondong,116,29,8,0,165,0,0,0,0,0,4,2,0,0,52,112,27,8,0,113
Bojongloa Kidul,0,5,0,56,16,0,0,0,0,0,0,1,0,5,10,0,4,0,51,6
Cibeunying Kaler,0,4,10,0,118,25,0,0,0,0,0,4,0,0,20,25,0,10,0,98
Sumur Bandung,31,23,0,16,231,0,0,0,45,100,2,10,0,61,10,29,13,0,0,321
Antapani,52,70,11,0,54,0,0,0,0,0,0,5,0,0,5,52,65,11,0,49
Bandung Kidul,63,33,14,0,262,0,0,0,0,0,3,5,0,0,98,60,28,14,0,164
Buahbatu,65,28,25,48,75,0,0,0,85,0,4,4,5,108,5,61,24,20,25,70
Rancasari,13,30,19,0,61,0,0,0,0,0,2,12,0,0,28,11,18,19,0,33
Arcamanik,2,58,5,0,153,0,0,0,0,0,2,2,1,0,30,0,56,4,0,123
Cibiru,46,66,7,0,185,50,0,0,274,103,16,9,1,274,178,80,57,6,0,110
Ujung Berung,0,9,0,0,56,0,0,0,20,0,0,0,0,11,8,0,9,0,9,48
Gedebage,24,20,47,64,361,0,0,0,0,0,4,0,0,12,44,20,20,47,52,317
Panyileukan,45,17,16,0,62,0,0,0,40,0,8,3,0,40,49,37,14,16,0,13
Cinambo,78,15,43,175,304,100,24,0,0,0,75,0,0,20,12,103,39,43,155,292
Mandalajati,7,23,9,5,175,25,24,10,0,0,7,0,10,0,12,25,47,9,5,163
