nama_kecamatan,iud_sisa_bulan_lalu,kondom_sisa_bulan_lalu,implant_sisa_bulan_lalu,suntikan_sisa_bulan_lalu,pil_sisa_bulan_lalu,iud_diterima_bulan_ini,kondom_diterima_bulan_ini,implant_diterima_bulan_ini,suntikan_diterima_bulan_ini,pil_keluar_bulan_ini,iud_keluar_bulan_ini,kondom_keluar_bulan_ini,implant_keluar_bulan_ini,suntikan_keluar_bulan_ini,pil_diterima_bulan_ini,iud_sisa_akhir_bulan_ini,kondom_sisa_akhir_bulan_ini,implant_sisa_akhir_bulan_ini,suntikan_sisa_akhir_bulan_ini,pil_sisa_akhir_bulan_ini
Sukasari,92,28,36,511,604,25,12,10,300,0,4,9,3,211,21,113,31,43,600,583
Coblong,43,16,28,279,890,50,0,30,0,0,33,3,6,115,9,60,13,52,164,881
Babakan Ciparay,7,2,6,89,108,0,12,0,250,100,1,2,0,39,7,6,12,6,300,201
Bojongloa Kaler,46,91,95,361,168,0,0,0,200,0,34,23,1,220,16,12,68,94,341,152
Andir,36,185,12,266,1670,25,24,20,100,0,16,44,1,116,15,45,165,31,250,1655
Cicendo,31,16,0,205,445,55,0,0,100,0,32,4,0,22,2,54,12,0,283,443
Sukajadi,17,64,60,599,1854,100,24,0,125,100,113,31,8,232,300,4,57,52,492,1654
Cidadap,22,23,23,479,1384,0,0,0,0,0,2,8,0,92,0,20,15,23,387,1384
Bandung Wetan,69,17,20,385,513,0,0,0,0,0,21,0,0,34,12,48,17,20,351,501
Astana Anyar,127,61,27,1025,1281,50,0,10,100,0,37,6,4,180,30,140,55,33,945,1251
Regol,99,26,34,576,1376,75,36,0,300,0,44,4,1,74,24,130,58,33,802,1352
Batununggal,110,106,25,226,1719,0,0,0,300,0,23,9,2,162,7,87,97,23,364,1712
Lengkong,156,419,20,706,1158,0,124,0,200,100,1,10,0,117,27,155,533,20,789,1231
Cibeunying Kidul,123,8,21,219,876,0,156,0,200,0,23,12,0,55,54,100,152,21,364,822
Bandung Kulon,139,146,30,368,1493,50,194,10,200,0,8,66,1,166,19,181,274,39,402,1474
Kiaracondong,44,10,27,169,560,0,0,0,100,0,9,2,4,92,25,35,8,23,177,535
Bojongloa Kidul,29,11,20,435,538,0,0,0,0,0,0,0,0,0,0,29,11,20,435,538
Cibeunying Kaler,29,0,13,133,176,25,12,0,0,12,26,1,0,26,13,28,11,13,107,175
Sumur Bandung,207,466,23,806,1940,0,0,10,0,0,18,178,1,84,383,189,288,32,722,1557
Antapani,59,114,14,364,1110,0,9,0,300,0,5,6,0,64,17,54,117,14,600,1093
Bandung Kidul,62,30,9,618,681,25,0,30,0,0,8,3,0,46,31,79,27,39,572,650
Buahbatu,41,40,21,174,627,25,12,10,200,0,4,5,2,90,31,62,47,29,284,596
Rancasari,26,20,28,215,595,0,200,0,100,0,2,100,0,67,0,24,120,28,248,595
Arcamanik,50,49,34,264,373,0,0,0,100,0,5,4,1,94,1,45,45,33,270,372
Cibiru,85,344,38,387,253,0,0,30,180,200,7,22,2,127,103,78,322,66,440,350
Ujung Berung,23,0,19,171,158,25,48,10,200,0,11,4,0,13,23,37,44,29,358,135
Gedebage,124,31,37,594,1007,0,0,0,0,0,9,4,0,67,84,115,27,37,527,923
Panyileukan,24,152,25,63,365,50,0,10,300,0,12,10,0,72,13,62,142,35,291,352
Cinambo,61,6,14,526,530,55,24,30,100,0,53,1,16,27,4,63,29,28,599,526
Mandalajati,271,114,35,181,2326,0,0,15,600,100,29,1,13,202,19,242,113,37,579,2407