Tahun,Suhu Min,Suhu Max,Suhu Rata-rata,Curah Hujan
1976,18.2,27.7,23.0,77.0
1977,18.7,28.0,23.3,76.1
1978,18.9,27.7,23.3,80.4
1979,18.9,27.9,23.4,78.3
1980,18.6,28.0,23.3,77.8
1981,19.0,27.8,23.4,78.6
1982,18.5,28.6,23.5,75.8
1983,17.5,28.6,23.1,78.4
1984,17.3,27.7,22.5,81.0
1985,17.3,28.0,22.6,79.7
1986,17.3,27.7,22.5,81.1
1987,17.4,28.6,23.0,79.3
1988,18.4,28.4,23.4,79.8
1989,18.6,28.2,23.4,78.3
1990,18.9,28.5,23.7,78.2
1991,17.7,28.7,23.2,76.6
1992,17.2,28.1,22.6,81.5
1993,18.7,28.6,23.6,78.2
1994,18.3,28.9,23.6,75.4
1995,19.3,28.7,24.0,28.7
1996,19.2,28.7,24.0,28.7
1997,18.6,29.3,24.0,29.3
1998,19.7,28.9,24.3,28.9
1999,19,28.4,23.7,28.4
2000,19.2,28.6,23.9,28.6
2001,19.6,28.3,24.0,28.3
2002,19.4,29.3,24.4,29.3
2003,18.8,29.2,24.0,29.2
2004,19,29.3,24.2,29.3
2005,19.8,28.7,24.3,28.7
2006,19.2,29.3,24.3,5.0
2007,19.4,28.9,24.1,8.3
2008,19.3,28.6,24.0,5.8
2009,19.6,28.9,24.3,6.2
2010,20.1,28.4,24.2,11.1
2011,19.7,29.2,24.4,5.5
2012,19.5,29.4,24.4,7.6
2013,20.0,28.9,24.4,7.9
2014,19.8,29.0,24.4,9.4
2015,19.5,29.9,24.7,8.6
2016,20.6,29.2,24.9,12.2
2017,20.4,29.0,24.7,9.9
