nama_pasar,jml_toko_buka,jml_kios_buka,jml_meja_buka,jml_toko_tutup,jml_kios_tutup,jml_meja_tutup,jml_pedagan_toko,jml_pedagang_kios,jml_pedagang_meja,latitude,longitude
Andir,14,2087,266,0,30,0,12,1608,254,-6.918088,107.59049
Anyar,20,564,360,29,151,256,38,388,356,-6.930486,107.600921
Balubur,0,1494,28,0,81,0,0,794,19,-6.898685,107.608578
Banceuy,0,237,0,0,0,0,0,159,0,-6.916,107.606254
Baru,0,3928,193,0,96,496,0,3411,146,-6.917394,107.603881
Buah Batu (Kordon),0,0,0,0,0,0,0,0,0,-6.954305,107.637119
Cicadas,0,335,456,0,579,468,0,294,494,-6.91144,107.644
Cicaheum,0,209,118,0,125,114,0,191,128,-6.903108,107.656912
Cihapit,0,78,21,0,54,23,0,88,33,-6.908481,107.622558
Cihaurgeulis,0,236,180,0,80,37,0,223,145,-6.899349,107.627375
Cijerah,0,142,196,0,31,20,0,137,143,-6.925694,107.587631
Cikapundung,0,337,0,0,8,0,0,213,0,-6.919329,107.60862
Cikaso,0,81,21,0,41,16,0,65,29,-6.908381,107.635144
Ciroyom,0,181,790,0,484,33,0,68,563,-6.914413,107.587511
Ciwastra,0,159,163,0,60,82,0,142,127,-6.961206,107.666589
Dago,0,0,0,0,0,0,0,0,0,-6.884896,107.611996
Gang Saleh,0,25,19,0,13,11,0,28,22,-6.911875,107.596284
Gedebage,0,1069,0,0,19,0,0,870,0,-6.9362,107.698228
Gegerkalong,0,136,95,0,56,17,0,134,73,-6.867129,107.591222
Gempol,0,31,1,0,10,3,0,35,4,-6.90304,107.615539
Jatayu,0,330,0,0,43,3,0,221,2,-6.911105,107.588233
Karapitan,0,157,219,0,166,116,0,242,205,-6.932388,107.61532
Kebon Sirih,0,28,0,0,15,0,0,34,0,-6.910806,107.607869
Kiaracondong,0,273,216,0,304,265,0,401,287,-6.926151,107.645114
Kosambi,0,350,251,0,634,144,0,680,248,-6.919613,107.621998
Kota Kembang,0,121,0,0,26,0,0,101,0,-6.921828,107.605009
Leuwipanjang,0,209,87,0,180,87,0,238,118,-6.938679,107.59714
M. Toha / ITC 1,0,334,27,0,166,53,0,233,42,-6.928021,107.606846
Pagarsih,0,120,18,0,281,50,0,251,52,-6.922673,107.596004
Palasari,65,416,39,8,232,26,65,344,48,-6.932142,107.622322
Pamoyanan,0,164,11,0,70,0,0,114,6,-6.903477,107.596234
Puyuh,0,52,0,0,5,0,0,48,0,-6.89651,107.623452
Sadang Serang,0,320,51,0,40,5,0,163,38,-6.892015,107.625088
Saeuran (Pasar Binong),0,0,0,0,0,0,0,0,0,-6.930935,107.64035
Sarijadi,0,20,0,0,120,38,0,18,0,-6.874974,107.576032
Sederhana,0,553,427,0,205,337,0,470,547,-6.89037,107.599302
Simpang,0,99,16,0,3,2,0,90,15,-6.884639,107.614019
Sukahaji,0,60,0,0,65,5,0,72,4,-6.928004,107.585915
Ujungberung,25,406,184,0,19,88,21,352,193,-6.9138,107.702263
Wastukencana,0,78,0,0,0,0,0,56,0,-6.904669,107.607331
