 BULAN KE,  MASUK (M³),  TERTIMBUN (M³),  AKUMULASI (M³),  KAPASITAS (M³),  SISA (M³) 
1, 78181, 39285, 39285, 1889638, 1850353
2, 78181, 39285, 78570, 1889638, 1811068
3, 78181, 39285, 117855, 1889638, 1771783
4, 78181, 39285, 157140, 1889638, 1732498
5, 78181, 39285, 196425, 1889638, 1693213
6, 78181, 39285, , 235710, 1889638, 1653928
7, 78181, 39285, 274995, 1889638, 1614643
8, 78181, 39285, 314280, 1889638, 1575358
9, 78181, 39285, 353565, 1889638, 1536073
10, 78181, 39285, 392850, 1889638, 1496788
11, 78181, 39285, 432135, 1889638, 1457503
12, 78181, 39285, 471420, 1889638, 1418218
13, 78181, 39285, 510705, 1889638, 1378933
14, 78181, 39285, 549990, 1889638, 1339648
15, 78181, 39285, 589275, 1889638, 1300363
16, 78181, 39285, 628560, 1889638, 1261078
17, 78181, 39285, 667845, 1889638, 1221793
18, 78181, 39285, 707130,  1889638, 1182508
19, 78181, 39285, 746415, 1889638, 1143223
20, 78181, 39285, 785700, 1889638, 1103938
21, 78181, 39285, 824985, 1889638, 1064653
22, 78181, 39285, 864270, 1889638, 1025368
23, 78181, 39285, 903555, 1889638,986083
24, 78181, 39285, 942840, 1889638, 946798
25, 78181, 39285, 982125, 1889638, 907513
26, 78181, 39285, 1021410, 1889638, 868228
27, 78181, 39285,1060695, 1889638, 828943
28, 78181, 39285,1099980, 1889638, 789658
29, 78181, 39285, 1139265, 1889638, 750373
30, 78181, 39285, 1178550, 1889638, 711088
31, 78181, 39285,1217835, 1889638, 671803
32, 78181, 39285, 1257120, 1889638, 632518
33, 78181, 39285, 1296405, 1889638, 593233
34, 78181, 39285, 1335690, 1889638, 553948
35, 78181, 39285, 1374975, 1889638, 514663
36, 78181, 39285, 1414260, 1889638, 475378
37, 78181, 39285, 1453545, 1889638, 436093
38, 78181, 39285, 1492830, 1889638, 396808
39, 78181, 39285, 1532115, 1889638, 357523
40, 78181, 39285, 1571400, 1889638, 318238
41, 78181, 39285, 1610685, 1889638, 278953
42, 78181, 39285, 1649970, 1889638, 239668
43, 78181, 39285, 1689255, 1889638, 200383
44, 78181, 39285, 1728540, 1889638, 161098
45, 78181, 39285, 1767825, 1889638, 121813
46, 78181, 39285,1807110, 1889638, 82528
47, 78181, 39285, 1846395, 1889638, 43243
48, 78181, 39285, 1885680, 1889638, 3958
