lokasi,nama_komoditas,2015-09-01,2015-09-02,2015-09-03,2015-09-04,2015-09-05,2015-09-06,2015-09-07,2015-09-08,2015-09-09,2015-09-10,2015-09-11,2015-09-12,2015-09-13,2015-09-14,2015-09-15,2015-09-16,2015-09-17,2015-09-18,2015-09-19,2015-09-20,2015-09-21,2015-09-22,2015-09-23,2015-09-24,2015-09-25,2015-09-26,2015-09-27,2015-09-28,2015-09-29,2015-09-30
"Pasar Sederhana","Beras Medium",10000,10000,10000,0,0,0,10000,10000,10000,10000,10000,0,0,10000,10000,10000,10000,10000,0,0,10000,10000,10000,0,10000,0,0,10000,10000,0
"Pasar Sederhana","Cabe Merah",30000,30000,30000,30000,0,0,30000,30000,30000,30000,30000,0,0,30000,30000,30000,30000,30000,0,0,30000,30000,30000,0,30000,0,0,20000,20000,0
"Pasar Sederhana","Bawang Merah",20000,20000,20000,20000,0,0,20000,20000,20000,20000,20000,0,0,20000,20000,20000,20000,20000,0,0,20000,20000,20000,0,20000,0,0,20000,20000,0
"Pasar Sederhana","Daging Ayam Ras",38000,35000,35000,35000,0,0,35000,35000,33000,33000,33000,0,0,33000,33000,33000,30000,30000,0,0,30000,30000,30000,0,30000,0,0,28000,28000,0
"Pasar Sederhana","Telur Ayam Ras",22000,22000,22000,22000,0,0,22000,22000,22000,21000,21000,0,0,21000,21000,21000,20000,20000,0,0,20000,20000,20000,0,20000,0,0,22000,22000,0
"Pasar Sederhana","Daging Sapi",110000,110000,110000,110000,0,0,110000,110000,110000,110000,110000,0,0,110000,110000,110000,110000,110000,0,0,110000,110000,110000,0,110000,0,0,110000,110000,0
"Pasar Sederhana","Minyak Goreng",14500,14500,14500,14500,0,0,14500,14500,14500,14500,14500,0,0,14500,14500,14500,14500,14500,0,0,14500,14500,14500,0,14500,0,0,14500,14500,0
"Pasar Sederhana","Gula Pasir",13000,12000,12000,12000,0,0,12000,12000,12000,12000,12000,0,0,12000,12000,12000,12000,12000,0,0,12000,12000,12000,0,12000,0,0,12500,12500,0
"Pasar Sederhana",Kentang,12000,12000,12000,12000,0,0,12000,12000,12000,12000,12000,0,0,12000,12000,12000,12000,12000,0,0,12000,12000,12000,0,12000,0,0,12000,12000,0
"Pasar Sederhana",Kedelai,12000,12000,12000,12000,0,0,12000,12000,14000,14000,14000,0,0,14000,14000,14000,0,11000,0,0,11000,11000,11000,0,11000,0,0,12000,12000,0
"Pasar Sederhana","Tepung Terigu",7500,7500,7500,0,0,0,7500,7500,7500,7500,7500,0,0,7500,7500,7500,7500,7500,0,0,7500,7500,7500,0,7500,0,0,7500,7500,0
"Pasar Sederhana","Bawang Putih",20000,20000,20000,20000,0,0,20000,20000,23000,23000,23000,0,0,23000,23000,23000,23000,23000,0,0,23000,23000,23000,0,23000,0,0,23000,23000,0
"Pasar Sederhana","Cabe Keriting",30000,30000,30000,30000,0,0,30000,30000,40000,40000,40000,0,0,40000,40000,40000,40000,40000,0,0,40000,40000,40000,0,40000,0,0,25000,25000,0
"Pasar Sederhana","Cabe Rawit",60000,60000,60000,60000,0,0,60000,60000,80000,80000,80000,0,0,70000,70000,70000,50000,50000,0,0,50000,50000,50000,0,50000,0,0,50000,50000,0
"Pasar Sederhana","Kacang Tanah",26000,26000,26000,26000,0,0,26000,26000,26000,26000,26000,0,0,26000,26000,26000,26000,26000,0,0,26000,26000,26000,0,26000,0,0,26000,26000,0
"Pasar Sederhana","Ubi Kayu",4000,4000,4000,4000,0,0,4000,4000,4000,4000,4000,0,0,4000,4000,4000,4000,4000,0,0,4000,4000,4000,0,4000,0,0,0,4000,0
"Pasar Sederhana","Ubi Jalar",0,0,0,0,0,0,0,0,0,0,0,0,0,0,0,0,0,0,0,0,0,0,0,0,0,0,0,0,0,0
"Pasar Sederhana",Jagung,7000,7000,7000,7000,0,0,7000,7000,7000,7000,7000,0,0,7000,7000,7000,7000,7000,0,0,7000,7000,7000,0,7000,0,0,7000,7000,0
"Pasar Sederhana","Ikan Olahan",70000,70000,70000,70000,0,0,70000,70000,70000,70000,70000,0,0,70000,0,70000,70000,70000,0,0,70000,70000,0,0,7000,0,0,70000,70000,0
"Pasar Sederhana","Beras Premium",0,0,0,0,0,0,0,0,0,0,0,0,0,0,0,0,0,0,0,0,0,0,0,0,0,0,0,0,0,0
"Pasar Sederhana","Minyak Goreng Curah",11500,11500,11500,11500,0,0,11500,11500,12000,12000,12000,0,0,12000,12000,12000,12000,12000,0,0,12000,12000,12000,0,12000,0,0,13000,13000,0
"Pasar Sederhana","Daging Ayam Kampung",60000,60000,60000,60000,0,0,60000,60000,60000,60000,60000,0,0,60000,60000,60000,60000,60000,0,0,60000,60000,60000,0,60000,0,0,60000,60000,0
"Pasar Sederhana","Telur Ayam Kampung",44000,44000,44000,44000,0,0,44000,44000,44000,44000,44000,0,0,44000,44000,44000,44000,44000,0,0,44000,44000,44000,0,44000,0,0,44000,44000,0
"Pasar Sederhana","Susu Kental Manis Merk Bendera",10000,10000,10000,10000,0,0,10000,10000,10000,10000,10000,0,0,10000,10000,10000,10000,10000,0,0,10000,10000,10000,0,10000,0,0,10000,10000,0
"Pasar Sederhana","Susu Kental Manis Merk Indomilk",9500,9500,9500,9500,0,0,9500,9500,9500,9500,9500,0,0,9500,9500,9500,9500,9500,0,0,9500,9500,9500,0,9500,0,0,9500,9500,0
"Pasar Sederhana","Garam Beryodium Bata",1000,1000,1000,1000,0,0,1000,1000,1000,1000,1000,0,0,1000,1000,1000,1000,1000,0,0,1000,1000,1000,0,1000,0,0,1000,1000,0
"Pasar Sederhana","Garam Beryodium Halus",4000,4000,4000,4000,0,0,4000,4000,4000,4000,4000,0,0,4000,4000,4000,4000,4000,0,0,4000,4000,4000,0,4000,0,0,4000,4000,0
"Pasar Sederhana","Tepung Terigu Cakra Kembar",8500,8500,8500,8500,0,0,8500,8500,8500,8500,8500,0,0,8500,8500,8500,8500,8500,0,0,8500,8500,8500,0,8500,0,0,8500,8500,0
"Pasar Sederhana","Tepung Terigu Kunci",7500,7500,7500,7500,0,0,7500,7500,7500,7500,7500,0,0,7500,7500,7500,7500,7500,0,0,7500,7500,7500,0,7500,0,0,7500,7500,0
"Pasar Sederhana","Mie Instan",2000,2000,2000,0,0,0,2000,2000,2000,2000,2000,0,0,2000,2000,2000,2000,2000,0,0,2000,2000,2000,0,2000,0,0,2000,2000,0
"Pasar Sederhana","Cabe Rawit Hijau",50000,50000,50000,50000,0,0,50000,50000,35000,35000,35000,0,0,35000,35000,35000,35000,35000,0,0,35000,35000,35000,0,0,0,0,20000,20000,0
"Pasar Sederhana","Kacang Hijau",22000,22000,22000,22000,0,0,22000,22000,22000,22000,22000,0,0,22000,22000,22000,22000,22000,0,0,22000,22000,22000,0,22000,0,0,22000,22000,0
"Pasar Sederhana","Susu Bubuk Dancow",38300,38300,38300,38300,0,0,38300,38300,38300,38300,38300,0,0,38300,38300,38300,38300,38300,0,0,38300,38300,38300,0,38300,0,0,38300,38300,0
"Pasar Sederhana","Susu Bubuk Indomilk",36500,36500,36500,36500,0,0,36500,36500,36500,36500,36500,0,0,36500,36500,36500,36500,36500,0,0,36500,36500,36500,0,36500,0,0,36500,36500,0
"Pasar Sederhana","Ikan Kembung",32000,32000,32000,32000,0,0,32000,32000,32000,32000,32000,0,0,32000,32000,32000,32000,32000,0,0,32000,32000,32000,0,32000,0,0,32000,32000,0
