lokasi,nama_komoditas,2014-04-01,2014-04-02,2014-04-03,2014-04-04,2014-04-05,2014-04-06,2014-04-07,2014-04-08,2014-04-09,2014-04-10,2014-04-11,2014-04-12,2014-04-13,2014-04-14,2014-04-15,2014-04-16,2014-04-17,2014-04-18,2014-04-19,2014-04-20,2014-04-21,2014-04-22,2014-04-23,2014-04-24,2014-04-25,2014-04-26,2014-04-27,2014-04-28,2014-04-29,2014-04-30
"Pasar Kiaracondong","Beras Medium",10000,0,8500,8500,8500,8500,0,0,8500,8500,0,8500,8500,0,0,8500,8500,8500,8500,0,0,0,8500,8500,8500,8500,8500,0,0,8000
"Pasar Kiaracondong","Cabe Merah",40000,0,30000,30000,30000,30000,0,0,30000,30000,0,30000,30000,0,0,30000,30000,30000,30000,0,0,0,30000,30000,30000,30000,30000,0,0,20000
"Pasar Kiaracondong","Bawang Merah",32000,0,20000,20000,20000,20000,0,0,20000,20000,0,20000,20000,0,0,20000,20000,20000,20000,0,0,0,20000,20000,20000,20000,20000,0,0,18000
"Pasar Kiaracondong","Daging Ayam Ras",28000,0,28000,28000,28000,28000,0,0,28000,28000,0,28000,28000,0,0,28000,28000,28000,28000,0,0,0,28000,28000,28000,28000,28000,0,0,29000
"Pasar Kiaracondong","Telur Ayam Ras",17000,0,15000,15000,15000,15000,0,0,15000,15000,0,15000,15000,0,0,15000,15000,15000,15000,0,0,0,15000,15000,15000,15000,15000,0,0,16000
"Pasar Kiaracondong","Daging Sapi",96000,0,100000,100000,100000,100000,0,0,100000,100000,0,100000,100000,0,0,100000,100000,100000,100000,0,0,0,100000,100000,100000,100000,100000,0,0,100000
"Pasar Kiaracondong","Minyak Goreng",15000,0,15000,15000,15000,15000,0,0,15000,15000,0,15000,15000,0,0,15000,15000,15000,15000,0,0,0,15000,15000,15000,15000,15000,0,0,15000
"Pasar Kiaracondong","Gula Pasir",11500,0,11000,11000,11000,11000,0,0,11000,11000,0,11000,11000,0,0,11000,11000,11000,11000,0,0,0,11000,11000,11000,11000,11000,0,0,11000
"Pasar Kiaracondong",Kentang,10000,0,11000,11000,11000,11000,0,0,11000,11000,0,11000,11000,0,0,11000,11000,11000,11000,0,0,0,11000,11000,11000,11000,11000,0,0,10000
"Pasar Kiaracondong",Kedelai,12000,0,11000,11000,11000,11000,0,0,11000,11000,0,11000,11000,0,0,11000,11000,11000,11000,0,0,0,11000,11000,11000,11000,11000,0,0,11000
"Pasar Kiaracondong","Tepung Terigu",7000,0,7000,7000,7000,7000,0,0,7000,7000,0,7000,7000,0,0,7000,7000,7000,7000,0,0,0,7000,7000,7000,7000,7000,0,0,7000
"Pasar Kiaracondong","Bawang Putih",15000,0,13000,13000,13000,13000,0,0,13000,13000,0,13000,13000,0,0,13000,13000,13000,13000,0,0,0,13000,13000,13000,13000,13000,0,0,16000
"Pasar Kiaracondong","Cabe Keriting",20000,0,30000,30000,30000,30000,0,0,30000,30000,0,30000,30000,0,0,30000,30000,30000,30000,0,0,0,30000,30000,30000,30000,30000,0,0,16000
"Pasar Kiaracondong","Cabe Rawit",40000,0,70000,70000,70000,70000,0,0,80000,80000,0,80000,80000,0,0,80000,80000,80000,80000,0,0,0,80000,80000,80000,80000,80000,0,0,30000
"Pasar Kiaracondong","Kacang Tanah",22000,0,18000,18000,18000,18000,0,0,18000,18000,0,18000,18000,0,0,18000,18000,18000,18000,0,0,0,18000,18000,18000,18000,18000,0,0,18000
"Pasar Kiaracondong","Ubi Kayu",3000,0,2500,2500,2500,2500,0,0,2500,2500,0,2500,2500,0,0,2500,2500,2500,2500,0,0,0,2500,2500,2500,2500,2500,0,0,2500
"Pasar Kiaracondong","Ubi Jalar",0,0,0,0,0,0,0,0,0,0,0,0,0,0,0,0,0,0,0,0,0,0,0,0,0,0,0,0,0,0
"Pasar Kiaracondong",Jagung,8000,0,7500,7500,7500,7500,0,0,7500,7500,0,7500,7500,0,0,7500,7500,7500,7500,0,0,0,7500,7500,7500,7500,7500,0,0,7000
"Pasar Kiaracondong","Ikan Olahan",50000,0,50000,50000,50000,50000,0,0,50000,50000,0,50000,50000,0,0,50000,50000,50000,50000,0,0,0,50000,50000,50000,50000,50000,0,0,50000
"Pasar Kiaracondong","Beras Premium",0,0,0,0,0,0,0,0,0,0,0,0,0,0,0,0,0,0,0,0,0,0,0,0,0,0,0,0,0,0
"Pasar Kiaracondong","Minyak Goreng Curah",11000,0,12000,12000,12000,12000,0,0,12000,12000,0,12000,12000,0,0,12000,12000,12000,12000,0,0,0,12000,12000,12000,12000,12000,0,0,11000
"Pasar Kiaracondong","Daging Ayam Kampung",0,0,0,0,0,0,0,0,0,0,0,0,0,0,0,0,0,0,0,0,0,0,0,0,0,0,0,0,0,0
"Pasar Kiaracondong","Telur Ayam Kampung",45000,0,45000,45000,45000,45000,0,0,45000,45000,0,45000,45000,0,0,45000,45000,45000,45000,0,0,0,45000,45000,45000,45000,45000,0,0,45000
"Pasar Kiaracondong","Susu Kental Manis Merk Bendera",10000,0,11000,11000,11000,11000,0,0,11000,11000,0,11000,11000,0,0,11000,11000,11000,11000,0,0,0,11000,11000,11000,11000,11000,0,0,10500
"Pasar Kiaracondong","Susu Kental Manis Merk Indomilk",0,0,0,0,0,0,0,0,0,0,0,0,0,0,0,0,0,0,0,0,0,0,0,0,0,0,0,0,0,0
"Pasar Kiaracondong","Garam Beryodium Bata",1000,0,1000,1000,1000,1000,0,0,1000,1000,0,1000,1000,0,0,1000,1000,1000,1000,0,0,0,1000,1000,1000,1000,1000,0,0,1000
"Pasar Kiaracondong","Garam Beryodium Halus",3300,0,3300,3300,3300,3300,0,0,3300,3300,0,3300,3300,0,0,3300,3300,3300,3300,0,0,0,3300,3300,3300,3300,3300,0,0,3300
"Pasar Kiaracondong","Tepung Terigu Cakra Kembar",8000,0,7500,7500,7500,7500,0,0,7500,7500,0,7500,7500,0,0,7500,7500,7500,7500,0,0,0,7500,7500,7500,7500,7500,0,0,7500
"Pasar Kiaracondong","Tepung Terigu Kunci",7500,0,7000,7000,7000,7000,0,0,7000,7000,0,7000,7000,0,0,7000,7000,7000,7000,0,0,0,7000,7000,7000,7000,7000,0,0,7000
"Pasar Kiaracondong","Mie Instan",0,0,0,0,0,0,0,0,0,0,0,0,0,0,0,0,0,0,0,0,0,0,0,0,0,0,0,0,0,0
"Pasar Kiaracondong","Cabe Rawit Hijau",20000,0,30000,30000,30000,30000,0,0,30000,30000,0,30000,30000,0,0,30000,30000,30000,30000,0,0,0,30000,30000,30000,30000,30000,0,0,20000
"Pasar Kiaracondong","Kacang Hijau",0,0,0,0,0,0,0,0,0,0,0,0,0,0,0,0,0,0,0,0,0,0,0,0,0,0,0,0,0,0
"Pasar Kiaracondong","Susu Bubuk Dancow",0,0,0,0,0,0,0,0,0,0,0,0,0,0,0,0,0,0,0,0,0,0,0,0,0,0,0,0,0,0
"Pasar Kiaracondong","Susu Bubuk Indomilk",0,0,0,0,0,0,0,0,0,0,0,0,0,0,0,0,0,0,0,0,0,0,0,0,0,0,0,0,0,0
"Pasar Kiaracondong","Ikan Kembung",0,0,0,0,0,0,0,0,0,0,0,0,0,0,0,0,0,0,0,0,0,0,0,0,0,0,0,0,0,0
