lokasi,nama_komoditas,2016-02-05,2016-02-12,2016-02-19,2016-02-26,2016-02-01,2016-02-02,2016-02-03,2016-02-09,2016-02-10,2016-02-11,2016-02-15,2016-02-16,2016-02-17,2016-02-18,2016-02-23,2016-02-24,2016-02-25,2016-02-29,2016-02-04,2016-02-06,2016-02-22
Pasar Kosambi,Beras Medium,10000,10000,10000,10000,10000,10000,10000,10000,10000,10000,10000,10000,10000,10000,10000,10000,10000,10000,0,0,0
Pasar Kosambi,Cabe Merah,60000,60000,60000,60000,0,50000,60000,60000,60000,60000,60000,60000,60000,60000,30000,30000,60000,50000,60000,50000,0
Pasar Kosambi,Bawang Merah,28000,28000,28000,28000,0,28000,28000,40000,28000,28000,28000,28000,28000,28000,28000,28000,28000,45000,28000,28000,35000
Pasar Kosambi,Daging Ayam Ras,35000,35000,33000,30000,38000,35000,35000,35000,35000,35000,33000,33000,33000,33000,30000,30000,30000,28000,35000,0,40000
Pasar Kosambi,Telur Ayam Ras,22000,22500,22500,22000,24000,23000,22000,22000,22500,22500,22500,22500,22500,22500,22000,22000,22000,18500,22000,22000,30000
Pasar Kosambi,Daging Sapi,120000,120000,120000,120000,125000,120000,120000,120000,120000,120000,120000,120000,120000,120000,120000,120000,120000,120000,120000,0,10000
Pasar Kosambi,Minyak Goreng,14000,14000,14000,14000,14000,14000,14000,14000,14000,14000,14000,14000,14000,14000,14000,14000,14000,14000,14000,14000,40000
Pasar Kosambi,Gula Pasir,13000,13000,13000,13000,13000,13000,13000,13000,13000,13000,13000,13000,13000,13000,13000,13000,13000,13000,13000,13000,9500
Pasar Kosambi,Kentang,14000,14000,14000,14000,0,14000,14000,12000,14000,14000,14000,14000,14000,14000,14000,14000,14000,12000,14000,14000,14000
Pasar Kosambi,Kedelai,11000,11000,11000,11000,0,11000,11000,11000,11000,11000,11000,11000,11000,11000,11000,11000,11000,11000,11000,11000,11000
Pasar Kosambi,Tepung Terigu,7500,7500,7500,7500,0,7500,7500,7500,7500,7500,7500,7500,7500,7500,7500,7500,7500,7500,7500,0,7500
Pasar Kosambi,Bawang Putih,35000,32000,7500,35000,0,32000,35000,35000,32000,32000,35000,35000,35000,7500,35000,35000,35000,45000,35000,35000,35000
Pasar Kosambi,Cabe Keriting,40000,35000,35000,40000,0,28000,40000,40000,35000,35000,35000,35000,0,35000,40000,40000,40000,50000,40000,40000,40000
Pasar Kosambi,Cabe Rawit,30000,25000,30000,30000,0,30000,30000,40000,25000,25000,30000,30000,30000,30000,30000,30000,30000,70000,30000,30000,30000
Pasar Kosambi,Kacang Tanah,27000,27000,27000,27000,0,27000,27000,27000,27000,27000,27000,27000,27000,27000,27000,27000,27000,27000,27000,27000,27000
Pasar Kosambi,Ubi Kayu,4000,4000,4000,4000,0,4000,4000,4000,4000,4000,4000,4000,4000,4000,4000,4000,4000,4000,4000,4000,4000
Pasar Kosambi,Ubi Jalar,0,0,0,0,0,0,0,0,0,0,0,0,0,0,0,0,0,0,0,0,0
Pasar Kosambi,Jagung,7000,7000,7000,7000,0,7000,7000,7000,7000,7000,7000,7000,7000,7000,7000,7000,7000,7000,7000,7000,7000
Pasar Kosambi,Ikan Olahan,70000,70000,70000,70000,0,70000,70000,70000,70000,70000,70000,70000,70000,70000,70000,70000,70000,70000,70000,70000,70000
Pasar Kosambi,Beras Premium,0,0,0,0,0,0,0,0,0,0,0,0,0,0,0,0,0,0,0,0,0
Pasar Kosambi,Minyak Goreng Curah,10000,10000,10000,10000,10000,10000,10000,10000,10000,10000,10000,10000,10000,10000,10000,10000,10000,11000,10000,10000,10000
Pasar Kosambi,Daging Ayam Kampung,65000,65000,65000,65000,65000,65000,65000,65000,65000,65000,65000,65000,65000,65000,65000,65000,65000,65000,65000,0,65000
Pasar Kosambi,Telur Ayam Kampung,40000,40000,40000,40000,40000,40000,40000,40000,40000,40000,40000,40000,40000,40000,40000,40000,40000,40000,40000,40000,40000
Pasar Kosambi,Susu Kental Manis Merk Bendera,10000,10000,10000,10000,10000,10000,10000,10000,10000,10000,10000,10000,10000,10000,10000,10000,10000,10000,10000,10000,10000
Pasar Kosambi,Susu Kental Manis Merk Indomilk,9500,9500,9500,9500,9500,9500,9500,9500,9500,9500,9500,9500,9500,9500,9500,9500,9500,9500,9500,0,9500
Pasar Kosambi,Garam Beryodium Bata,1500,1000,1500,1500,0,1000,1500,1500,1000,1000,1500,1500,1500,1500,1500,1500,1500,1500,1500,1500,1500
Pasar Kosambi,Garam Beryodium Halus,6000,4000,6000,6000,0,4000,6000,6000,4000,4000,6000,6000,6000,6000,6000,6000,6000,6000,6000,6000,6000
Pasar Kosambi,Tepung Terigu Cakra Kembar,7500,7500,7500,7500,0,7500,7500,7500,7500,7500,7500,7500,7500,7500,7500,7500,7500,7500,7500,7500,7500
Pasar Kosambi,Tepung Terigu Kunci,7000,7000,7000,7000,0,7000,7000,7000,7000,7000,7000,7000,7000,7000,7000,7000,7000,7000,7000,7000,7000
Pasar Kosambi,Mie Instan,2100,2100,2100,2100,0,2100,2100,2100,2100,2100,2100,2100,2100,2100,2100,2100,2100,2100,2100,2100,7500
Pasar Kosambi,Cabe Rawit Hijau,30000,25000,25000,30000,0,25000,30000,40000,25000,25000,25000,25000,25000,25000,30000,30000,30000,40000,30000,25000,30000
Pasar Kosambi,Kacang Hijau,20000,20000,20000,20000,0,20000,20000,20000,20000,20000,20000,20000,20000,20000,20000,20000,20000,20000,20000,20000,20000
Pasar Kosambi,Susu Bubuk Dancow,34500,34500,34500,34500,0,34500,34500,34500,34500,34500,34500,34500,34500,34500,34500,34500,34500,34500,34500,34500,70000
Pasar Kosambi,Susu Bubuk Indomilk,30000,30000,30000,30000,0,30000,30000,30000,30000,30000,30000,30000,30000,30000,30000,30000,30000,30000,30000,0,65000
Pasar Kosambi,Ikan Kembung,30000,30000,30000,30000,0,0,30000,30000,30000,30000,30000,30000,30000,30000,30000,30000,30000,30000,30000,30000,30000
