nama_kecamatan,jumlah_pengguna_IUD,persentase_pengguna_IUD,jumlah_pengguna_MOW,persentase_pengguna_MOW,jumlah_pengguna_MOP,persentase_pengguna_MOP,jumlah_pengguna_kondom,persentase_pengguna_kondom,jumlah_pengguna_implan,persentase_pengguna_implan,jumlah_pengguna_suntikan,persentase_pengguna_suntikan,jumlah_pengguna_pil,persentase_pengguna_pil,jumlah_peserta_kb_aktif
Sukasari,2119,32.34,191,2.92,14,0.21,125,1.91,97,1.48,2664,40.66,1342,20.48,6552
Coblong,4583,35.65,1217,9.47,23,0.18,679,5.28,301,2.34,4606,35.83,1445,11.24,12854
Babakan Ciparay,3510,20.27,250,1.44,33,0.19,102,0.59,254,1.47,10467,60.45,2698,15.58,17314
Bojongloa Kaler,5654,39.29,449,3.12,61,0.42,281,1.95,226,1.57,4752,33.03,2966,20.61,14389
Andir,2686,32.82,890,10.87,21,0.26,175,2.14,292,3.57,1643,20.07,2478,30.27,8185
Cicendo,2773,27.51,525,5.21,5,0.05,224,2.22,215,2.13,4310,42.76,2028,20.12,10080
Sukajadi,3289,26.63,1811,14.66,19,0.15,526,4.26,188,1.52,4004,32.42,2513,20.35,12350
Cidadap,1432,21.62,291,4.39,7,0.11,124,1.87,567,8.56,3248,49.05,953,14.39,6622
Bandung Wetan,1703,46.44,457,12.46,73,1.99,87,2.37,126,3.44,758,20.67,463,12.63,3667
Astana Anyar,2543,35.4,271,3.77,42,0.58,87,1.21,231,3.22,3128,43.54,882,12.28,7184
Regol,4647,50.67,391,4.26,48,0.52,300,3.27,172,1.88,3001,32.72,612,6.67,9171
Batununggal,3832,30.29,278,2.2,19,0.15,209,1.65,112,0.89,6195,48.98,2004,15.84,12649
Lengkong,2224,41.28,238,4.42,17,0.32,206,3.82,213,3.95,1912,35.49,577,10.71,5387
Cibeunying Kidul,4245,32.08,1144,8.65,1,0.01,287,2.17,326,2.46,5670,42.85,1558,11.78,13231
Bandung Kulon,5302,50.77,316,3.03,10,0.1,170,1.63,420,4.02,2631,25.19,1595,15.27,10444
Kiaracondong,4164,29.34,244,1.72,18,0.13,461,3.25,202,1.42,6640,46.78,2465,17.37,14194
Bojongloa Kidul,2365,24.03,145,1.47,32,0.33,90,0.91,245,2.49,6146,62.45,818,8.31,9841
Cibeunying Kaler,2584,37.38,301,4.35,27,0.39,124,1.79,59,0.85,2515,36.38,1303,18.85,6913
Sumur Bandung,896,35.39,103,4.07,3,0.12,151,5.96,93,3.67,885,34.95,401,15.84,2532
Antapani,3010,37.82,176,2.21,39,0.49,234,2.94,107,1.34,3422,43,971,12.2,7959
Bandung Kidul,1706,27.19,213,3.39,7,0.11,142,2.26,71,1.13,3000,47.82,1135,18.09,6274
Buahbatu,2997,29.96,142,1.42,26,0.26,162,1.62,169,1.69,5187,51.86,1319,13.19,10002
Rancasari,2457,36.69,149,2.23,11,0.16,247,3.69,48,0.72,2691,40.19,1093,16.32,6696
Arcamanik,2447,34.05,238,3.31,24,0.33,111,1.54,421,5.86,3133,43.6,812,11.3,7186
Cibiru,1847,22.45,173,2.1,33,0.4,147,1.79,243,2.95,4057,49.31,1728,21,8228
Ujung Berung,10416,72.36,132,0.92,58,0.4,258,1.79,361,2.51,1538,10.68,1632,11.34,14395
Gedebage,2532,38.76,575,8.8,102,1.56,197,3.02,144,2.2,2086,31.93,897,13.73,6533
Panyileukan,1674,37.86,147,3.33,3,0.07,208,4.7,118,2.67,1683,38.07,588,13.3,4421
Cinambo,962,28.66,68,2.03,9,0.27,61,1.82,58,1.73,1645,49,554,16.5,3357
Mandalajati,2071,23.42,292,3.3,12,0.14,211,2.39,179,2.02,4355,49.25,1722,19.48,8842
