nama_kecamatan,iud_sisa_bulan_lalu,kondom_sisa_bulan_lalu,implant_sisa_bulan_lalu,suntikan_sisa_bulan_lalu,pil_sisa_bulan_lalu,iud_diterima_bulan_ini,kondom_diterima_bulan_ini,implant_diterima_bulan_ini,suntikan_diterima_bulan_ini,pil_diterima_bulan_ini,iud_diterima_bulan_ini,kondom_diterima_bulan_ini,implant_diterima_bulan_ini,suntikan_diterima_bulan_ini,pil_diterima_bulan_ini,iud_sisa_akhir_bulan_ini,kondom_sisa_akhir_bulan_ini,implant_sisa_akhir_bulan_ini,suntikan_sisa_akhir_bulan_ini,pil_sisa_akhir_bulan_ini
Sukasari,39,168,61,98,435,1,24,0,0,0,26,109,17,97,67,14,83,44,1,368
Coblong,66,62,31,3,440,0,0,0,0,0,21,9,3,3,131,45,53,28,0,309
Babakan Ciparay,98,84,14,122,155,0,0,0,0,0,2,12,0,40,31,96,72,14,82,124
Bojongloa Kaler,68,58,21,0,203,0,0,0,0,0,0,0,1,0,56,68,58,20,0,147
Andir,156,114,9,60,431,0,0,0,60,10,22,6,0,70,36,134,108,9,50,405
Cicendo,24,407,0,40,221,3,0,0,40,0,12,10,0,61,0,15,397,0,19,221
Sukajadi,52,32,0,0,6,175,36,0,0,100,181,44,0,0,70,46,24,0,0,36
Cidadap,104,39,7,21,348,0,0,0,0,0,1,1,0,5,6,103,38,7,16,342
Bandung Wetan,16,74,40,61,478,50,0,10,0,0,56,8,7,11,129,10,66,43,50,349
Astana Anyar,211,500,23,179,343,140,0,17,118,200,189,5,11,165,128,162,495,29,132,415
Regol,50,113,0,143,361,0,0,0,0,0,7,8,0,24,14,43,105,0,119,347
Batununggal,25,64,7,20,138,25,0,0,0,100,20,8,0,20,49,30,56,7,0,189
Lengkong,109,132,30,146,540,0,0,0,240,0,9,7,3,248,47,100,125,27,138,493
Cibeunying Kidul,25,70,102,23,235,0,0,0,0,0,17,3,3,7,22,8,67,99,16,213
Bandung Kulon,49,28,5,118,450,0,0,0,50,100,10,13,0,23,45,39,15,5,145,505
Kiaracondong,117,36,8,22,191,0,0,0,10,0,1,7,0,32,26,116,29,8,0,165
Bojongloa Kidul,0,6,0,56,16,0,0,0,0,0,0,1,0,7,0,0,5,0,49,16
Cibeunying Kaler,1,10,10,18,138,0,0,0,0,0,1,6,0,18,20,0,4,10,0,118
Sumur Bandung,33,30,0,65,239,0,0,0,0,0,2,7,0,27,8,31,23,0,38,231
Antapani,54,98,13,0,63,17,0,0,0,0,19,28,2,0,9,52,70,11,0,54
Bandung Kidul,65,39,14,4,301,0,0,0,0,0,2,6,0,4,67,63,33,14,0,234
Buahbatu,69,63,20,41,91,0,0,10,184,0,4,35,5,177,16,65,28,25,48,75
Rancasari,21,32,10,0,83,0,0,10,0,100,8,2,1,0,22,13,30,19,0,161
Arcamanik,12,68,6,0,177,33,0,11,0,0,43,10,12,0,24,2,58,5,0,153
Cibiru,47,66,12,0,250,24,0,18,146,105,25,0,23,146,220,46,66,7,0,135
Ujung Berung,0,9,0,0,56,0,0,0,0,0,0,0,0,0,0,0,9,0,0,56
Gedebage,13,20,37,76,328,25,0,10,0,100,3,0,0,12,47,35,20,47,64,381
Panyileukan,48,18,17,22,82,0,0,0,44,6,4,1,2,66,26,44,17,15,0,62
Cinambo,179,15,44,188,309,0,0,0,0,0,101,0,1,13,5,78,15,43,175,304
Mandalajati,10,23,9,41,234,0,0,0,20,100,3,0,0,41,7,7,23,9,20,327
