nama_kecamatan,jumlah_pus,jml_pus_kps_ksi,persentase_pus_kps_ks1,jml_pus_jkn_penerima_bantuan,persentase_pus_jkn_terima_bantuan,jml_pus_jkn_bukan_penerima_bantuan,persentase_pus_jkn_bukan_penerima_bantuan,jml_pus_jkn,persentase_pus_jkn
Sukasari,8776,3556,40.52,0,0.00,0,0.00,0,0.00
Coblong,16507,7056,42.75,29,0.18,27,0.16,56,0.34
Babakan Ciparay,21471,8326,38.78,8127,37.85,13344,62.15,21471,100.00
Bojongloa Kaler,17541,7895,45.01,7603,43.34,9896,56.42,17499,99.76
Andir,14169,4368,30.83,333,2.35,0,0.00,333,2.35
Cicendo,13877,9251,66.66,0,0.00,13188,95.03,13188,95.03
Sukajadi,16560,4994,30.16,0,0.00,0,0.00,0,0.00
Cidadap,8130,2625,32.29,2619,32.21,0,0.00,2619,32.21
Bandung Wetan,5098,2058,40.37,0,0.00,0,0.00,0,0.00
Astana Anyar,9617,2329,24.22,0,0.00,0,0.00,0,0.00
Regol,12215,3659,29.95,0,0.00,0,0.00,0,0.00
Batununggal,16894,9305,55.08,0,0.00,0,0.00,0,0.00
Lengkong,14999,5769,38.46,1953,13.02,13046,86.98,14999,100.00
Cibeunying Kidul,17450,7879,45.15,7043,40.36,9878,56.61,16921,96.97
Bandung Kulon,14761,10563,71.56,5406,36.62,5384,36.47,10790,73.10
Kiaracondong,15276,8800,57.61,0,0.00,0,0.00,0,0.00
Bojongloa Kidul,12104,4927,40.71,2102,17.37,8972,74.12,11074,91.49
Cibeunying Kaler,10218,1992,19.50,2219,21.72,7999,78.28,10218,100.00
Sumur Bandung,5977,2743,45.89,0,0.00,0,0.00,0,0.00
Antapani,10064,1385,13.76,0,0.00,0,0.00,0,0.00
Bandung Kidul,4264,1909,44.77,1875,43.97,2389,56.03,4264,100.00
Buahbatu,11637,2168,18.63,0,0.00,0,0.00,0,0.00
Rancasari,12678,1557,12.28,1417,11.18,140,1.10,1557,12.28
Arcamanik,8597,3267,38.00,0,0.00,0,0.00,0,0.00
Cibiru,9594,3426,35.71,1328,13.84,2352,24.52,3680,38.36
Ujung Berung,20736,16878,81.39,5473,26.39,6336,30.56,11809,56.95
Gedebage,9301,2753,29.60,570,6.13,4922,52.92,5492,59.05
Panyileukan,5550,1428,25.73,731,13.17,697,12.56,1428,25.73
Cinambo,4154,1498,36.06,777,18.70,1511,36.37,2288,55.08
Mandalajati,11173,4152,37.16,4152,37.16,7021,62.84,11173,100.00
