Kecamatan,Pertanian PadiPalawija,Perkebunan,Perikanan Tangkap,Perikanan Budidaya,PertambanganPenggalian,IndustriPengolahan,BangunanKonstruksi,Perdagangan,TransportasiPergudangan,JasaKemasyarakatan,Pemulung,Total KRT,
BANDUNG KULON,39,6,19,6,1,11,"1,394",581,"1,166",347,888,120,"7,543"
BABAKAN CIPARAY,40,8,14,7,5,10,"1,440",751,"1,596",456,"1,102",102,"8,604"
BOJONGLOA KALER,8,4,2,6,0,16,"1,229",767,"2,290",477,"1,208",43,"10,055"
BOJONGLOA KIDUL,11,5,5,7,12,2,"1,426",309,713,169,746,42,"5,136"
ASTANAANYAR,2,1,0,2,1,7,132,153,557,132,420,25,"3,101"
REGOL,0,1,6,2,4,3,237,347,532,186,529,33,"3,479"
LENGKONG,2,0,3,2,0,4,39,127,296,75,685,13,"1,904"
BANDUNG KIDUL,36,6,21,2,0,5,150,509,374,206,515,57,"3,392"
BUAHBATU,201,30,19,3,1,3,321,739,499,533,768,74,"4,551"
RANCASARI,35,0,3,0,2,3,123,532,207,244,353,44,"2,834"
GEDEBAGE,174,5,2,1,0,3,145,236,114,160,264,25,"1,546"
CIBIRU,77,6,25,5,4,14,336,651,388,267,502,63,"3,852"
PANYILEUKAN,21,1,5,0,0,0,186,179,203,103,241,10,"1,285"
UJUNG BERUNG,143,1,7,1,1,4,330,801,545,307,463,51,"4,813"
CINAMBO,62,6,2,0,0,1,142,245,161,105,143,12,"1,290"
ARCAMANIK,30,5,6,3,0,5,224,620,275,243,372,31,"3,515"
ANTAPANI,2,3,2,0,0,2,92,463,139,95,274,26,"2,300"
MANDALAJATI,15,3,4,1,1,2,191,686,326,247,244,67,"3,338"
KIARACONDONG,8,6,6,3,0,2,652,649,893,394,"1,127",76,"7,042"
BATUNUNGGAL,8,4,3,7,2,11,563,725,"1,078",378,988,65,"7,188"
SUMUR BANDUNG,0,0,0,0,0,1,13,29,142,31,174,1,719
ANDIR,5,4,5,1,0,9,449,398,917,224,767,48,"4,515"
CICENDO,28,1,1,0,0,16,161,335,384,138,437,37,"3,535"
BANDUNG WETAN,0,0,0,0,0,1,29,67,140,47,231,9,845
CIBEUNYING KIDUL,2,1,1,3,0,26,218,386,562,284,685,38,"5,261"
CIBEUNYING KALER,1,1,0,0,1,1,114,395,316,80,529,15,"2,422"
COBLONG,7,2,4,2,1,3,81,645,520,259,"1,209",31,"4,806"
SUKAJADI,0,0,5,1,0,3,98,935,440,196,882,38,"4,822"
SUKASARI,7,2,3,1,0,5,29,554,202,117,275,15,"1,939"
CIDADAP,8,9,0,0,0,1,7,287,88,49,267,15,"1,602"
JUMLAH,972,121,173,66,36,174,"10,551","14,101","16,063","6,549","17,288","1,226","117,234"
