No,Tgl,Waktu,Simpang,Tidak Menggunakan Helm,Berhenti di Zebra Cross,Berhenti di RHK,Berhenti Melebihi Stopline,Merokok,Kelebihan Muatan,Lainnya,Total Pelanggaran,Roda 2,Roda 4/Lebih,Lainnya,Total Kendaraan
1,01/03/2018,Pagi,Gedebage,0,1,2,6,0,0,0,9,7,2,0,9
2,01/03/2018,Pagi,Tamansari,0,4,0,13,0,0,0,17,14,2,0,16
3,01/03/2018,Pagi,Aceh,0,0,0,0,0,0,0,0,0,0,0,0
4,01/03/2018,Sore,Cibaduyut,1,2,8,16,0,0,0,27,19,8,0,27
5,01/03/2018,Sore,S Lima,0,0,0,9,0,0,0,9,8,1,0,9
6,01/03/2018,Sore,Supratman,0,2,6,3,0,0,0,11,3,8,0,11
7,02/03/2018,Pagi,Cipaganti 2,0,0,0,2,0,0,0,2,2,0,0,2
8,02/03/2018,Pagi,Telkom,0,3,16,7,0,0,0,26,7,19,0,26
9,02/03/2018,Pagi,Banda,0,9,0,12,0,0,4,25,15,10,0,25
10,02/03/2018,Sore,Kopo,2,0,6,23,0,0,0,31,30,8,0,38
11,02/03/2018,Sore,Gardujati,0,0,11,3,0,0,0,14,2,12,0,14
12,02/03/2018,Sore,Cipaganti 1,0,0,0,4,0,0,0,4,4,0,0,4
13,03/03/2018,Pagi,Cimuncang,1,7,0,13,0,0,14,35,34,0,0,34
14,03/03/2018,Pagi,Moch. Toha,0,84,0,48,0,0,164,296,292,1,2,295
15,03/03/2018,Pagi,Tamblong,0,2,6,9,0,0,0,17,11,6,0,17
16,03/03/2018,Sore,Tol Pasteur,0,6,0,9,0,0,0,15,11,4,0,15
17,03/03/2018,Sore,A. Yani Laswi,0,2,12,13,0,0,0,27,14,13,0,27
18,03/03/2018,Sore,Trunojoyo,0,4,25,0,0,0,1,30,2,28,0,30
19,04/03/2018,Pagi,Buahbatu,0,0,1,3,0,0,0,4,3,1,0,4
20,04/03/2018,Pagi,Gudang Utara,0,0,0,0,0,0,0,0,0,0,0,0
21,04/03/2018,Pagi,Merdeka Aceh,0,1,0,20,0,0,0,21,21,0,0,21
22,04/03/2018,Sore,Batununggal,0,6,0,0,0,0,0,6,5,1,0,6
23,04/03/2018,Sore,Merdeka Juanda,0,0,0,0,0,0,0,0,0,0,0,0
24,04/03/2018,Sore,Cikutra,31,39,11,22,0,13,0,116,79,11,0,90
25,05/03/2018,Pagi,Pasirkoja,2,3,1,30,0,0,5,41,39,0,0,39
26,05/03/2018,Pagi,Pahlawan,0,0,0,0,0,0,0,0,0,0,0,0
27,05/03/2018,Pagi,Jamika,0,0,0,15,0,0,1,16,14,2,0,16
28,05/03/2018,Sore,Ujungberung,0,32,0,27,0,0,0,59,56,3,0,59
29,05/03/2018,Sore,Anggrek,1,25,3,9,0,0,0,38,34,4,0,38
30,05/03/2018,Sore,Otista,0,0,0,0,0,0,0,0,0,0,0,0
31,06/03/2018,Pagi,Cibeureum,1,0,2,20,0,0,0,23,19,3,0,22
32,06/03/2018,Pagi,Lombok,0,8,0,0,0,0,0,8,8,0,0,8
33,06/03/2018,Pagi,Paskal,0,0,0,0,0,0,0,0,0,0,0,0
34,06/03/2018,Sore,Sulanjana,0,16,0,13,0,0,0,29,27,2,0,29
35,06/03/2018,Sore,Paskal IP Cam,0,0,2,0,0,0,0,2,0,2,0,2
36,06/03/2018,Sore,Otista,0,7,0,2,0,0,0,9,9,0,0,9
37,07/03/2018,Pagi,Samsat,0,0,12,2,0,0,0,14,2,12,0,14
38,07/03/2018,Pagi,Cihampelas PTZ,0,0,0,1,0,0,0,1,1,0,0,1
39,07/03/2018,Pagi,Padasuka,3,61,0,7,0,0,1,72,64,5,0,69
40,07/03/2018,Sore,Cicaheum,0,10,19,6,0,0,0,35,7,29,0,36
41,07/03/2018,Sore,Caringin,0,0,0,0,0,0,0,0,0,0,0,0
42,07/03/2018,Sore,Cikapayang PTZ,0,1,10,4,0,0,2,17,6,11,0,17
43,08/03/2018,Pagi,Gedebage,5,1,7,8,0,1,0,22,14,8,0,22
44,08/03/2018,Pagi,Aceh,0,2,0,6,0,0,0,8,7,1,0,8
45,08/03/2018,Pagi,Tamansari,0,5,0,19,0,0,0,24,20,4,0,24
46,08/03/2018,Sore,Cibaduyut,0,6,12,7,0,0,0,25,11,19,0,30
47,08/03/2018,Sore,Supratman,0,3,20,1,0,0,1,25,3,22,0,25
48,08/03/2018,Sore,S.Lima,0,0,3,1,0,0,0,4,1,3,0,4
49,09/03/2018,Pagi,Cipaganti 2,0,0,5,4,0,0,0,9,4,5,0,9
50,09/03/2018,Pagi,Telkom,0,7,12,8,0,0,0,27,14,13,0,27
51,09/03/2018,Pagi,Banda,1,9,0,6,0,0,0,16,10,5,0,15
52,09/03/2018,Sore,Kopo,0,0,17,22,0,0,0,39,21,18,0,39
53,09/03/2018,Sore,Gardujati,0,1,20,4,0,0,0,25,3,22,0,25
54,09/03/2018,Sore,Cipaganti 1,0,0,0,0,0,0,0,0,0,0,0,0
55,10/03/2018,Pagi,Moch. Toha,0,27,4,55,0,0,101,187,181,5,1,187
56,10/03/2018,Pagi,Tamblong,0,0,2,0,0,0,0,2,0,2,0,2
57,10/03/2018,Pagi,Cimuncang,1,13,17,15,0,0,15,61,42,17,0,59
58,10/03/2018,Sore,Tol Pasteur,0,0,0,0,0,0,0,0,0,0,0,0
59,10/03/2018,Sore,A. Yani Laswi,0,12,5,13,0,0,0,30,25,5,0,30
60,10/03/2018,Sore,Trunojoyo,0,8,15,9,0,0,0,32,17,15,0,32
61,11/03/2018,Pagi,Buah Batu,0,0,0,16,0,0,4,20,20,0,0,20
62,11/03/2018,Pagi,Gudang utara,0,0,0,0,0,0,0,0,0,0,0,0
63,11/03/2018,Pagi,Merdeka aceh,0,0,0,19,0,0,0,19,18,1,0,19
64,11/03/2018,Sore,Batununggal,0,0,0,8,0,0,0,8,6,2,0,8
65,11/03/2018,Sore,Merdeka juanda,0,0,0,0,0,0,0,0,0,0,0,0
66,11/03/2018,Sore,Cikutra,7,37,11,49,0,1,0,105,92,7,0,99
67,12/03/2018,Pagi,Pasir koja,1,2,0,40,0,0,29,72,70,0,0,70
68,12/03/2018,Pagi,Pahlawan,0,1,4,10,0,0,2,17,11,6,0,17
69,12/03/2018,Pagi,Jamika,0,9,0,4,0,0,2,15,13,2,0,15
70,12/03/2018,Sore,Ujung Berung,4,27,0,14,0,0,0,45,34,8,0,42
71,12/03/2018,Sore,Anggrek,0,15,4,14,0,0,0,33,27,5,0,32
72,12/03/2018,Sore,Otista,0,0,0,0,0,0,0,0,0,0,0,0
73,13/03/2018,Pagi,Cibeureum,0,0,11,16,0,0,0,27,16,11,0,27
74,13/03/2018,Pagi,Lombok,0,0,0,0,0,0,0,0,0,0,0,0
75,13/03/2018,Pagi,Paskal Baru,0,0,10,2,0,0,0,12,2,10,0,12
76,13/03/2018,Sore,Sulanjana,0,5,0,41,0,0,0,46,44,2,0,46
77,13/03/2018,Sore,Paskal IP,0,0,0,0,0,0,3,3,3,0,0,3
78,13/03/2018,Sore,Cihapit,0,4,0,0,0,0,0,4,4,0,0,4
79,14/03/2018,Pagi,Samsat,0,0,5,6,0,0,24,35,30,5,0,35
80,14/03/2018,Pagi,Cihampelas PTZ,1,0,1,3,0,0,1,6,5,1,0,6
81,14/03/2018,Pagi,Padasuka,11,46,0,18,0,0,0,75,67,0,0,67
82,14/03/2018,Sore,Cicaheum,0,2,21,8,0,0,0,31,5,26,0,31
83,14/03/2018,Sore,Caringin,4,30,0,61,0,0,0,95,90,3,0,93
84,14/03/2018,Sore,Cikapayang PTZ,0,0,3,5,0,0,0,8,6,2,0,8
85,15/03/2018,Pagi,Gedebage,8,2,2,0,0,0,1,13,9,4,0,13
86,15/03/2018,Pagi,Aceh,0,5,0,5,0,0,0,10,8,2,0,10
87,15/03/2018,Pagi,Tamansari,0,2,0,3,0,0,0,5,5,0,0,5
88,15/03/2018,Sore,Cibaduyut,3,0,2,11,0,1,0,17,14,2,0,16
89,15/03/2018,Sore,Supratman,1,5,10,2,0,0,0,18,8,9,0,17
90,15/03/2018,Sore,S.Lima,2,7,0,11,0,0,0,20,11,7,0,18
91,16/03/2018,Pagi,Cipaganti 2,1,0,3,4,0,0,0,8,5,3,0,8
92,16/03/2018,Pagi,Telkom,0,16,22,8,0,0,1,47,19,28,0,47
93,16/03/2018,Pagi,Banda,1,14,0,6,0,0,0,21,15,5,0,20
94,16/03/2018,Sore,Kopo,0,20,1,10,0,0,0,31,29,2,0,31
95,16/03/2018,Sore,Gardujati,1,11,13,7,0,0,0,32,19,13,0,32
96,16/03/2018,Sore,Cipaganti 1,0,0,0,5,0,0,0,5,2,3,0,5
97,17/03/2018,Pagi,M Toha,1,0,0,24,0,0,118,143,142,0,0,142
98,17/03/2018,Pagi,Tamblong,0,0,0,1,0,0,0,1,1,0,0,1
99,17/03/2018,Pagi,Cimuncang,2,4,8,8,0,0,0,22,14,8,0,22
100,17/03/2018,Sore,Pasteur,0,25,0,10,0,0,0,35,27,8,0,35
101,17/03/2018,Sore,A Yani Laswi,0,4,4,5,0,0,0,13,8,4,0,12
102,17/03/2018,Sore,Trunojoyo,1,11,17,5,0,0,0,34,14,19,0,33
103,18/03/2018,Pagi,Buah Batu,0,0,0,18,0,0,4,22,22,0,0,22
104,18/03/2018,Pagi,Gudang Utara,0,0,0,0,0,0,0,0,0,0,0,0
105,18/03/2018,Pagi,Merdeka Aceh,0,0,0,10,0,0,1,11,9,2,0,11
106,18/03/2018,Sore,Batununggal,0,0,0,0,0,0,0,0,0,0,0,0
107,18/03/2018,Sore,Merdeka Juanda,0,0,0,0,0,0,0,0,0,0,0,0
108,18/03/2018,Sore,Cikutra,27,29,11,33,0,6,4,110,84,12,1,97
109,19/03/2018,Pagi,Pasir Koja,1,13,0,42,0,0,2,58,53,4,0,57
110,19/03/2018,Pagi,Pahlawan,0,0,1,2,0,0,1,4,3,1,0,4
111,19/03/2018,Pagi,Jamika,1,5,0,32,0,0,2,40,33,6,0,39
112,19/03/2018,Sore,Ujung Berung,0,16,0,5,0,0,0,21,19,2,0,21
113,19/03/2018,Sore,Anggrek,0,22,4,10,0,0,0,36,30,6,0,36
114,19/03/2018,Sore,Otista,0,0,0,0,0,0,0,0,0,0,0,0
115,20/03/2018,Pagi,Cibeureum,1,0,20,29,0,0,0,50,30,20,0,50
116,20/03/2018,Pagi,Lombok,0,3,0,6,0,0,0,9,9,0,0,9
117,20/03/2018,Pagi,Paskal Baru,0,0,3,4,0,0,0,7,4,3,0,7
118,20/03/2018,Sore,Sulanjana,0,0,0,0,0,0,0,0,0,0,0,0
119,20/03/2018,Sore,Paskal IP,0,0,0,0,0,0,0,0,0,0,0,0
120,20/03/2018,Sore,Cihapit,0,0,0,0,0,0,0,0,0,0,0,0
121,21/03/2018,Pagi,Cihampelas,0,2,0,6,0,0,0,8,8,0,0,8
122,21/03/2018,Pagi,Samsat,0,0,0,6,0,0,1,7,7,0,0,7
123,21/03/2018,Pagi,Padasuka,3,50,0,30,0,1,0,84,79,2,0,81
124,21/03/2018,Sore,Cicaheum,0,0,0,0,0,0,0,0,0,0,0,0
125,21/03/2018,Sore,Caringin,3,45,2,42,0,0,0,92,87,5,0,92
126,21/03/2018,Sore,Cikapayang,0,1,2,4,0,0,0,7,5,2,0,7
127,22/03/2018,Pagi,Gedebage,8,0,2,2,0,0,0,12,10,2,0,12
128,22/03/2018,Pagi,Aceh,0,3,0,7,0,0,0,10,7,3,0,10
129,22/03/2018,Pagi,Tamansari,0,1,0,11,0,0,0,12,11,1,0,12
130,22/03/2018,Sore,Cibaduyut,0,4,14,28,0,0,0,46,41,15,0,56
131,22/03/2018,Sore,Supratman,1,7,14,10,0,0,0,32,15,16,0,31
132,22/03/2018,Sore,S.Lima,0,3,1,3,0,0,0,7,3,4,0,7
133,23/03/2018,Pagi,Cipaganti ,0,0,3,2,0,0,0,5,2,3,0,5
134,23/03/2019,Pagi,Telkom,0,27,24,8,0,0,0,59,24,35,0,59
135,23/03/2020,Pagi,Banda,0,5,0,4,0,0,0,9,8,1,0,9
136,23/03/2021,Sore,Kopo,0,59,17,36,0,0,0,112,97,15,0,112
137,23/03/2022,Sore,Gardujati,0,8,12,11,0,0,0,31,17,14,0,31
138,23/03/2018,Sore,Cipaganti ,0,0,0,3,0,0,0,3,0,3,0,3
139,24/03/2018,Pagi,M Toha,0,21,0,24,0,0,34,79,77,2,0,79
140,24/03/2018,Pagi,Tamblong,0,0,0,0,0,0,0,0,0,0,0,0
141,24/03/2018,Pagi,Cimuncang,2,2,6,8,0,0,0,18,12,6,0,18
142,24/03/2018,Sore,Tol Pasteur,0,0,0,0,0,0,0,0,0,0,0,0
143,24/03/2018,Sore,A Yani Laswi,2,2,2,1,0,1,0,8,5,2,0,7
144,24/03/2018,Sore,Trunojoyo,0,1,10,3,0,0,0,14,2,12,0,14
145,25/03/2018,Pagi,Buahbatu,0,0,0,0,0,0,0,0,0,0,0,0
146,25/03/2018,Pagi,Gudang Utara,0,3,3,0,0,0,0,6,3,3,0,6
147,25/03/2018,Pagi,Merdeka Aceh,1,11,0,8,0,0,0,20,15,4,0,19
148,25/03/2018,Sore,Batununggal,0,0,0,0,0,0,0,0,0,0,0,0
149,25/03/2018,Sore,Merdeka Juanda,0,0,0,0,0,0,0,0,0,0,0,0
150,25/03/2018,Sore,Cikutra,34,58,0,10,0,0,0,102,89,1,0,90
151,26/03/2018,Pagi,Pasir Koja,2,19,0,27,0,1,0,49,44,4,0,48
152,26/03/2018,Pagi,Pahlawan,3,14,1,12,0,0,14,44,39,4,0,43
153,26/03/2018,Pagi,Jamika,0,1,0,26,0,0,0,27,24,3,0,27
154,26/03/2018,Sore,Ujung Berung,4,15,0,10,0,0,0,29,28,0,0,28
155,26/03/2018,Sore,Anggrek,2,23,0,4,0,0,0,29,28,0,0,28
156,26/03/2018,Sore,Otista,0,0,11,0,0,0,0,11,0,11,0,11
157,27/03/2018,Pagi,Cibeureum,0,0,12,16,0,1,0,29,15,13,0,28
158,27/03/2018,Pagi,Paskal Baru,0,0,5,4,0,0,2,11,6,5,0,11
159,27/03/2018,Pagi,Lombok,0,0,0,0,0,0,0,0,0,0,0,0
160,27/03/2018,Sore,Sulanjana,0,16,0,13,0,0,1,30,26,4,0,30
161,27/03/2018,Sore,Paskal IP,0,2,11,1,0,0,0,14,3,11,0,14
162,27/03/2018,Sore,Cihapit,1,7,0,13,0,0,1,22,19,2,0,21
163,28/03/2018,Pagi,Samsat,0,0,1,2,0,0,0,3,2,1,0,3
164,28/03/2018,Pagi,Cihampelas,0,1,0,5,0,0,0,6,21,1,0,22
165,28/03/2018,Pagi,Padasuka,2,50,0,13,0,1,0,66,56,4,0,60
166,28/03/2018,Sore,Cicaheum,0,28,64,7,0,0,11,110,26,84,0,110
167,28/03/2018,Sore,Caringin,0,62,0,32,0,0,4,98,81,17,0,98
168,28/03/2018,Sore,Cikapayang,0,0,5,2,0,0,0,7,2,5,0,7
