Kecamatan,< 20,20 - 49,50 - 99,100 - 149,150+
Bandung Kulon,12506,8683,6759,7912,3075
Babakan Ciparay,5525,15336,11173,3392,2729
Bojongloa Kaler,2288,20318,5541,1243,330
Bojongloa Kidul,1533,9548,599,307,1695
Astana Anyar,1895,5681,61,1256,2402
Regol,2618,3175,7526,4093,3012
Lengkong,4246,3965,5014,1218,4373
Bandung Kidul,1146,5526,4859,1404,2608
Buah Batu,1082,7091,11002,4031,639
Rancasari,1667,4397,5778,5137,1706
Gedebage,575,1308,4417,1707,1435
Cibiru,1565,6493,8131,1614,2135
Panyileukan,1407,1723,4223,2075,1036
Ujung Berung,1172,5838,8603,2491,797
Cinambo,149,1026,2088,1062,105
Arcamanik,516,3223,5443,4062,3805
Antapani,3926,3539,7852,821,2054
Mandalajati,302,5008,6303,2846,1625
Kiara Condong,7576,14159,8856,3667,170
Batununggal,5679,12609,9559,1874,2125
Sumur Bandung,3428,2975,1764,715,78
Andir,3669,8199,8798,2761,2095
Cicendo,434,9837,7952,1148,1711
Bandung Wetan,317,4762,127,285,148
Cibeunying Kidul,5088,11299,7279,2775,1973
Cibeunying Kaler,4478,4818,7219,980,1565
Coblong,2097,7889,12621,1856,4491
Sukajadi,258,761,11641,5965,4387
Sukasari,8949,9996,4627,1103,368
Cidadap,1051,5473,6394,2423,1664