nama_kecamatan,jumlah_pus,jml_pus_kps_ksi,persentase_pus_kps_ks1,jml_pus_jkn_penerima_bantuan,persentase_pus_jkn_terima_bantuan,jml_pus_jkn_bukan_penerima_bantuan,persentase_pus_jkn_bukan_penerima_bantuan,jml_pus_jkn,persentase_pus_jkn
Sukasari ,8936,3467,38.8,0,0,0,0,0,0
Coblong ,16836,7076,42.03,56,0.33,45,0.27,101,0.6
Babakan Ciparay ,21671,8403,38.78,8227,37.96,13444,62.04,21671,100
Bojongloa Kaler ,17591,7994,45.44,8616,48.98,0,0,8616,48.98
Andir ,14668,341,2.32,0,0,0,0,0,0
Cicendo ,14186,8560,60.34,0,0,0,0,0,0
Sukajadi ,16997,14030,82.54,8020,47.18,0,0,8020,47.18
Cidadap ,8462,2761,32.63,2761,32.63,5701,67.37,8462,100
Bandung Wetan ,4637,2106,45.42,0,0,0,0,0,0
Astana Anyar ,10054,2391,23.78,0,0,0,0,0,0
Regol ,12615,3666,29.06,3666,29.06,8949,70.94,12615,100
Batununggal ,17587,10318,58.67,0,0,0,0,0,0
Lengkong ,7855,2352,29.94,388,4.94,7067,89.97,7455,94.91
Cibeunying Kidul ,17783,8628,48.52,8403,47.25,8426,47.38,16829,94.64
Bandung Kulon ,12779,9143,71.55,4910,38.42,4187,32.76,9097,71.19
Kiaracondong ,19050,6715,35.25,0,0,0,0,0,0
Bojongloa Kidul ,12255,4927,40.2,2102,17.15,8772,71.58,10874,88.73
Cibeunying Kaler ,9790,2984,30.48,1817,18.56,3336,34.08,5153,52.64
Sumur Bandung ,3401,906,26.64,0,0,0,0,0,0
Antapani ,10553,1409,13.35,0,0,0,0,0,0
Bandung Kidul ,8170,3571,43.71,3888,47.59,4281,52.4,8169,99.99
Buahbatu ,12560,2486,19.79,0,0,0,0,0,0
Rancasari ,10208,3615,35.41,1001,9.81,2272,22.26,3273,32.06
Arcamanik ,8877,3267,36.8,0,0,0,0,0,0
Cibiru ,11069,3437,31.05,1984,17.92,2422,21.88,4406,39.8
Ujung Berung ,23639,7312,30.93,5485,23.2,0,0,5485,23.2
Gedebage ,8401,2822,33.59,569,6.77,2945,35.06,3514,41.83
Panyileukan ,5822,1514,26,846,14.53,595,10.22,1441,24.75
Cinambo ,4548,1498,32.94,777,17.08,1511,33.22,2288,50.31
Mandalajati ,11472,4329,37.74,4329,37.74,7143,62.26,11472,100
