kelurahan,jumlah rw,jumlah rt,luas wilayah (ha),jumlah penduduk miskin
warung_muncang,01,8,8,101
,02,8,7,25
,03,7,5,63
,04,7,6,90
,05,7,5,120
,06,13,11,221
,07,9,9,310
,08,3,5,81
,09,5,7,73
,10,7,9,66
cibuntu,01,10,12,448
,02,4,2,168
,03,11,9,544
,04,9,10,870
,05,5,8,298
,06,9,9,535
,07,4,3,88
,08,9,10,573
,09,7,7,466
,10,5,8,216
caringin,01,9,13,285
,02,6,9,5,105
,03,5,10,225
,04,5,11,5,135
,05,5,9,5,0
,06,5,6,5,9
cijerah,01,10,10,75
,02,7,7,54
,03,9,6,30
,04,7,9,75
,05,6,13,29
,06,6,7,58
,07,7,8,59
,08,8,11,32
,09,7,8,75
,10,6,7,59
gempolsari,01,4,15,136
,02,6,6,0
,03,4,5,0
,04,13,12,0
,05,7,7,0
,06,5,23,3,75
,07,5,10,94
,08,7,7,1
,09,7,10,0
,10,9,8,0
cigondewah_kaler,01,4,20,43
,02,5,8,47
,03,2,6,31
,04,3,12,38
,05,2,4,33
,06,2,4,35
,07,3,12,37
,08,4,10,36
,09,3,10,43
,10,4,8,65
,11,3,12,33
,12,4,8,33
,13,5,20,33
,14,3,6,33
cigondewah_kidul,01,10,12,03,182
,02,5,10,1,172
,03,3,8,118
,04,4,7,80
,05,8,18,55,130
,06,5,5,0
cigondewah_rahayu,01,5,6,2,115
,02,6,6,75
,03,6,8,65
,04,5,6,60
,05,3,6,45
,06,9,7,75
,07,5,6,0
,08,6,6,0
,74,449,651,18,8624
